DescFile: posDecor=4082;0 dimDecor=100;100 world=0 music=1 region=31 blupiPos=4482;6 blupiDir=2 
Decor: 
396,393,393,396,393,393,396,393,393,396,393,393,393,396,396,396,344,346,346,343,344,342,342,350,344,344,343,342,346,350,350,350,350,350,345,343,342,345,345,342,342,350,350,350,350,350,350,350,350,350,345,341,341,344,343,346,341,343,345,345,343,345,341,346,346,341,343,341,341,345,346,345,345,341,346,341,342,345,342,341,346,344,346,342,343,345,341,344,343,345,344,343,342,342,341,345,345,346,341,341
396,331,,397,,384,397,401,,397,330,,,397,396,396,342,342,341,345,342,342,330,,362,344,346,342,348,,,,,,68,344,341,345,345,341,348,,,,,,,,,,362,344,344,343,345,341,346,341,342,350,341,341,345,350,350,350,350,345,341,343,341,350,346,343,350,342,343,344,342,344,346,343,350,350,350,343,350,350,350,350,341,344,341,343,342,345,342,342,345,345
396,392,334,397,,,397,,,397,,,394,396,396,396,344,343,342,346,341,350,350,336,341,345,346,341,344,331,,,357,,68,343,342,342,344,343,348,,353,349,349,355,,,,,354,343,345,342,343,345,346,342,363,,354,346,356,,,,,362,343,350,356,,362,356,,354,350,346,343,345,350,356,,,,351,,,,,347,343,342,342,345,343,342,343,341,342
396,396,335,397,,,397,,,397,,,397,396,396,396,342,344,341,346,356,,,,362,343,343,346,363,,,,358,,68,341,341,344,341,342,350,236,354,341,345,341,349,360,,,,68,341,346,345,345,346,346,363,,,351,,,,231,76,354,356,,,,358,,,,,362,350,356,,,,231,76,356,,,,,347,345,344,343,342,345,343,343,343,341
396,393,336,397,,,397,,,397,,,397,396,396,396,345,344,344,356,,,,,362,346,341,346,341,355,,,,,68,341,343,341,341,356,,,,68,345,342,356,,,,,68,344,346,343,341,346,343,356,,,358,,,,,,,,,,,,,,231,76,351,,,,,,,,,,,,,347,341,345,345,343,341,345,343,343,344
396,401,,397,,,397,,,397,,,397,391,389,396,346,345,356,,,,357,,362,342,346,346,344,363,,,,,68,343,344,345,363,,,,,68,345,348,,,,,,68,345,343,343,346,341,348,,,,,,,357,,,,231,76,76,76,76,231,,,,358,,,,,231,76,76,76,231,,,,362,342,343,342,344,341,341,344,341,342
396,,,397,,,397,,,397,,,397,393,393,396,345,356,,,353,349,344,235,344,342,341,345,342,345,360,,,,68,344,343,345,348,,,,,68,345,363,,,,364,,68,344,342,345,341,346,356,,,,,353,349,342,355,,,,,,,,,,,,,,,,,,,,,,,,,347,343,345,344,350,350,350,343,345,341
396,399,399,395,399,399,395,399,399,395,399,399,395,,,397,348,,,,347,342,348,,362,343,341,346,342,363,,,,,68,341,341,341,348,,,,,68,342,363,,,,364,,68,342,343,345,341,363,,,,,,347,342,344,348,,,,231,76,76,76,231,,,,231,76,76,76,349,355,,,,,231,,,362,343,350,356,,,,92,91,346
396,,,,,,,,,,,,,,,397,363,,,,347,341,363,,362,341,346,346,343,363,,,,,68,343,342,344,363,,,,,68,342,348,,,,364,,68,341,344,344,344,363,,,,,,362,346,343,343,355,,,,,357,,,,,,,,,,362,343,349,76,76,76,231,,,362,356,,,,,,92,91,343
396,,,,,,,,,,,,,,,397,363,,,,347,343,363,,347,344,342,345,346,348,,,,,68,343,341,345,363,,,357,,68,344,348,,,,364,,68,343,343,343,341,363,,,,,,347,346,342,342,343,349,349,349,349,345,349,355,,,,,231,76,353,342,345,348,,,,,,,358,,,,,,,92,91,346
396,,,,,,,,,,,,,,,397,363,,,,362,346,363,,362,342,346,342,343,342,235,231,,,68,342,344,341,363,,,358,,68,343,363,,,,364,,68,345,344,342,343,363,,,,,,347,341,343,345,344,344,345,346,341,345,346,343,355,,,,,,362,346,344,341,355,,,,231,,,,,,,,,92,91,345
396,,,,,,,,,,,,,,,397,363,,,,362,346,348,,362,344,343,344,343,363,,,,,354,350,350,341,348,,,,,68,341,348,,,,,,68,343,345,342,346,344,349,355,,,353,343,341,342,341,342,342,345,341,341,343,342,346,341,349,349,349,349,349,342,344,341,343,345,349,76,76,231,,,,,,,,,92,91,346
396,399,399,394,399,399,394,399,399,394,399,399,394,402,,397,342,355,,,231,343,348,,347,343,342,345,344,346,349,355,,,,,,362,363,,,,,68,345,343,355,,,,,68,341,343,346,342,346,345,348,,,347,344,345,343,345,345,344,344,345,342,344,344,345,343,344,341,344,342,345,343,345,342,346,344,356,,,,,,,,,,,,92,91,346
396,,378,397,,378,397,,,397,,398,397,392,392,396,342,341,349,349,344,343,345,235,342,342,345,344,341,341,343,346,349,349,349,349,235,345,363,,,,,68,342,342,341,355,,,,68,343,344,341,346,344,345,344,231,335,231,231,343,343,341,342,341,344,343,343,344,341,343,345,342,342,343,346,342,345,345,342,344,348,,,201,,,,,,,,,,347,346,341
396,,378,397,,378,397,,,397,,398,397,391,389,396,341,345,341,346,341,350,356,,362,341,343,342,344,343,342,346,345,343,342,348,,362,344,355,,,,68,343,345,350,356,,,353,344,341,342,341,343,344,341,344,231,,,231,343,343,344,342,341,342,341,344,342,342,342,342,344,346,343,342,345,343,343,346,342,348,,,201,,,,,,,,,,362,343,341
396,,,397,,378,397,,,397,,398,397,396,396,396,346,345,342,346,348,,,,347,342,344,346,344,342,341,346,341,343,345,363,,362,345,341,352,236,353,344,341,348,,,,,347,344,344,346,346,344,345,342,341,231,231,231,231,343,343,344,343,343,342,343,344,345,342,341,343,342,341,344,345,345,345,345,344,341,344,76,76,201,201,,,,,,,,,362,342,346
396,,,397,,378,397,,,397,,398,397,396,396,396,7,12,2,2,6,304,,,10,10,2,4,7,8,341,343,341,345,343,363,,347,342,356,,,347,344,344,356,,,,,347,343,343,344,346,346,342,346,344,343,344,350,350,342,343,342,344,343,342,346,345,343,345,343,344,341,341,344,343,344,345,343,341,343,363,,,201,,,,,,,,,,347,345,345
396,,,397,,378,397,,,397,,398,397,396,396,396,1,5,12,8,10,304,,,12,14,14,9,10,11,8,344,344,342,341,344,235,350,356,,,,347,343,363,,,,,353,342,343,345,345,341,341,343,342,345,343,348,,,362,342,345,345,342,342,345,343,344,344,342,345,344,344,342,345,344,345,341,343,345,363,,,201,,,,,,,,,,92,91,344
396,,,397,,378,397,,,397,,398,397,396,396,396,11,14,4,10,8,304,,,6,13,1,6,10,8,4,9,345,346,344,348,,,,,,353,345,344,363,,,,353,343,345,341,346,344,342,341,344,344,344,343,363,,,347,344,345,343,345,341,344,344,342,345,341,343,341,344,341,341,344,341,342,346,341,348,,,,,,,,,,,,,92,91,346
396,399,399,397,,378,397,,,397,,398,397,396,396,396,5,8,13,12,17,,,,57,14,5,7,11,13,1,11,342,341,346,341,349,349,349,349,349,342,346,342,342,235,349,235,343,344,345,342,344,345,10,10,22,10,10,344,348,,,362,344,342,341,342,345,343,341,344,341,345,343,342,342,344,344,344,345,342,342,343,342,76,76,76,231,,,,,,,,,92,91,343
396,,,397,,378,397,,,397,,398,397,396,396,396,13,5,10,25,,,,,,56,10,10,2,12,6,12,341,343,344,346,342,346,341,346,342,345,342,341,363,,347,344,342,344,344,346,341,342,10,,,,10,345,356,,,362,345,343,343,345,342,344,341,344,345,342,344,342,342,345,345,341,341,343,345,343,363,,,,231,,,,,,,,,92,91,342
396,399,399,397,,,397,,,397,,398,397,396,396,396,12,11,13,25,,,,,,,,68,7,10,12,14,343,341,345,341,342,341,342,345,350,350,344,343,348,,347,342,342,341,346,345,341,343,10,,,,10,356,,,,347,342,350,350,350,350,350,350,350,343,342,345,343,343,343,345,342,346,341,342,344,348,,,,,,,,,,,,,92,91,343
396,,,397,,,397,,,397,,398,397,396,396,396,10,14,10,25,,,,,,,56,10,12,13,9,2,341,342,345,35,156,35,185,185,,,197,186,189,198,156,35,35,156,35,345,343,341,216,,,,73,,,,353,350,356,,,,,,,,347,346,345,342,343,345,345,344,342,342,341,345,348,,,,,,,,,,,,,92,91,343
396,399,399,397,,,397,,,397,,398,397,396,396,396,11,11,14,25,,,,,,,,68,13,9,6,9,5,35,35,156,35,156,185,37,,,,,,,36,35,156,156,35,346,344,345,10,,,,10,352,352,352,356,,,,,357,,,,,354,341,344,344,342,345,344,344,343,343,345,342,344,76,76,76,231,,,,,,,,,92,91,346
396,,,397,,,397,,,397,,398,397,396,396,396,1,8,12,25,,,,,,,56,10,10,12,7,13,6,35,35,156,156,185,185,37,,,,,,,36,35,156,156,156,345,343,344,217,,,,73,,,,,,,353,349,344,355,,,,,347,342,346,345,341,345,342,342,342,343,343,342,355,,,201,,,,,,,,,92,91,346
396,399,399,397,,,397,,,397,,398,397,396,396,396,5,10,2,25,,,,,,,,68,13,10,12,14,4,35,35,156,185,185,156,37,,,196,186,186,192,156,35,35,156,156,345,342,345,10,,,,10,352,352,352,352,352,352,350,350,341,348,,,,,347,346,346,344,346,341,342,346,344,345,344,343,348,,,231,,,,,,,,,92,91,341
396,,,395,392,386,393,,,397,,398,397,396,396,396,7,11,1,25,,,,,,,56,10,9,6,2,8,7,156,156,185,185,35,35,37,,,197,186,187,186,35,156,156,156,156,343,345,344,231,,,,73,,,,,,,,,354,341,355,,,353,341,344,343,344,345,346,343,345,341,342,344,342,356,,,201,,,,,,,,,92,91,345
396,,,,395,,,,387,393,399,399,395,393,393,393,6,1,9,25,,,,,,,,68,9,10,11,10,10,35,35,185,156,35,35,37,,,,197,188,198,156,156,35,35,35,344,345,344,10,,,,10,352,352,352,352,352,355,,,,354,350,352,352,350,350,345,345,344,343,341,342,341,341,341,341,350,76,76,76,231,,,,,,,,,92,91,346
396,,,,,,394,262,261,263,,,261,261,261,261,10,1,5,25,,,,,,,56,10,7,11,2,7,1,156,156,185,35,35,35,37,,,,,,,36,156,35,156,35,342,345,345,218,,,,73,,,,,,354,355,,,,,,,,,354,346,345,342,345,344,343,343,344,363,,,,,,,,,,,,,,92,91,346
396,402,,,,,397,261,261,139,,,263,261,261,261,14,7,6,25,,,,,,,,68,10,11,4,9,14,156,156,185,156,156,156,37,,,,,196,186,156,156,156,156,156,342,341,342,10,,,,10,349,355,,,,,354,349,349,349,349,349,349,355,,,362,342,343,341,345,346,344,345,356,,,,,353,349,352,352,352,355,,,,92,91,342
393,386,386,386,386,386,393,261,263,140,,,139,261,261,261,6,13,8,25,,,,,,,56,10,13,9,10,10,8,156,35,156,156,35,156,37,,,196,186,187,186,35,156,156,156,156,344,342,342,10,,,,10,342,344,355,,,,,354,350,342,343,343,344,363,,,362,341,343,343,342,345,345,348,,,,353,76,350,363,,,,347,360,,,362,345,346
261,261,261,261,261,261,261,261,143,262,,,403,68,263,263,13,13,8,25,,,,,,,,68,12,2,5,12,8,156,35,35,156,156,156,37,,,197,188,189,192,35,156,156,156,156,344,342,344,10,10,22,10,10,345,343,348,,,,,,,362,345,344,341,346,355,,347,341,343,341,343,346,346,356,,,,351,,,354,76,349,76,356,,,353,341,341,346
263,261,261,263,261,263,261,261,262,261,,,261,261,140,141,11,7,13,25,,,,,,,56,10,14,11,10,2,2,156,156,156,156,156,156,37,,,,,,,36,35,156,35,35,346,341,342,342,356,,362,350,350,350,342,355,,,357,,,347,346,343,350,344,363,404,231,344,341,342,346,344,346,,,,,347,355,,,,351,,,,353,343,344,346,342
142,263,263,143,263,140,263,263,261,263,,,261,261,262,142,1,10,2,10,16,,,,60,10,10,1,11,8,1,12,14,156,35,35,156,156,156,37,,,,,,,36,156,35,35,156,346,346,342,350,235,235,231,,,,347,363,,,351,,,362,341,356,,354,348,,354,343,346,346,346,346,363,,353,349,349,342,341,349,349,349,345,349,349,349,345,343,346,346,342
262,401,,364,,,,,263,401,,,261,261,261,262,11,2,7,13,1,304,305,305,305,48,13,12,6,2,5,11,4,35,156,35,35,156,156,37,,196,187,189,186,198,156,35,156,35,35,342,346,356,,,,,,359,349,343,356,,,351,410,,354,363,,,,351,,,362,346,344,346,342,215,236,215,216,216,216,216,216,216,216,216,216,216,216,216,216,216,284,301
261,,,261,,,,,,,,,261,261,261,261,6,6,4,10,2,6,6,10,201,10,2,1,8,2,4,1,9,35,35,35,156,35,156,37,,197,186,186,188,198,156,35,156,35,35,346,363,,,,,,,,354,348,,,,351,,,,351,,,,358,,,362,341,342,345,343,216,,214,,,,,,,,,,,,,,216,301,301
261,,,261,,,262,262,,,,378,263,261,261,261,156,35,156,35,35,35,156,145,76,156,35,35,35,156,156,156,156,35,35,156,35,156,35,37,,,,195,188,198,156,35,156,35,35,345,363,,231,235,355,,,,,351,,,353,356,,,353,356,,,,,,,362,344,344,342,345,216,,215,,216,,216,,216,,215,,216,,216,,216,301,301
261,,,261,,,263,261,,,,378,142,261,261,261,35,156,156,156,156,156,149,,,152,145,145,145,145,145,145,35,35,156,156,156,156,156,37,,,,197,186,198,156,156,35,156,156,345,348,,,354,350,349,349,355,,351,,,351,,,,351,,,,,,,353,343,343,344,345,346,216,,214,,,,,,,,214,,,,,,216,284,301
261,,,261,,,142,261,376,262,378,262,283,261,261,261,35,35,156,156,35,156,154,,,,,,,,,,36,35,156,35,156,35,35,37,,,,,,,36,35,156,156,156,344,363,,,,,354,350,343,349,348,,,351,,,353,350,360,,,,353,349,345,341,346,341,343,344,216,,215,,215,,216,,215,,215,,215,,216,,216,301,284
261,,,263,,,262,261,403,261,378,261,143,261,261,261,156,156,35,35,35,154,,,,,,,,,,,36,156,35,35,35,35,35,37,,,,,196,186,35,35,156,35,35,343,346,355,,,,,,231,235,363,,,358,,,351,,,,,,347,342,342,343,345,346,343,343,216,,,,214,,,,214,,,,214,,,,216,301,301
261,,,142,,,261,261,,261,378,261,262,261,261,261,156,35,35,156,37,,,,,,,,,,,,36,35,156,35,156,35,35,37,,,196,186,187,186,156,156,156,35,35,345,344,356,,,,,,,,362,355,,,,353,348,,,,353,349,344,346,345,344,345,345,341,344,216,,216,,215,,215,,215,,216,,215,,215,,216,284,301
263,,,262,,,261,263,,261,,263,261,261,261,261,156,156,156,35,37,,,,,,,,,,,,36,35,35,156,35,35,156,37,,,194,189,186,188,156,156,156,35,35,344,348,,,353,355,,,,,373,363,,,,362,356,,353,349,346,345,346,342,344,343,345,341,345,343,216,,,,,,214,,,,,,,,214,,216,301,301
143,,,261,,,261,142,376,263,384,139,261,261,261,261,35,156,35,156,37,,,,,151,144,144,144,144,144,185,35,35,156,35,156,156,156,37,,,197,186,188,198,156,156,156,35,156,343,341,349,352,350,344,349,355,,,354,348,410,,,351,,,354,342,342,344,343,345,345,342,343,346,343,341,216,,216,,216,,215,,216,,216,,216,,215,,216,284,301
262,,,263,,,261,262,,,,283,261,261,261,261,156,35,35,156,156,155,,,,152,35,35,156,35,35,185,35,156,156,35,35,156,35,37,,,,,,,36,156,35,156,156,343,346,356,,,354,350,348,,,,351,,,353,348,,,,354,350,343,346,344,343,341,342,342,341,345,216,,,,,,,,,,,,,,,,216,284,284
261,402,,,,262,261,261,402,,,,261,261,261,261,156,35,156,35,156,35,155,,,110,36,156,156,156,35,185,156,35,156,156,156,35,156,37,,,,,,,36,35,35,35,35,344,363,,,,,,351,,,,351,,,362,356,404,,,,,354,350,344,343,345,343,345,344,344,216,216,216,216,216,216,216,216,216,216,215,236,215,216,216,216,216,301,284
261,262,262,262,262,261,261,261,262,262,262,384,261,261,261,261,156,35,156,156,156,156,35,144,150,110,36,35,35,35,35,185,185,35,35,35,156,156,156,37,,,,,,,36,156,35,156,156,346,363,,,,,,351,,,353,348,,353,348,,,,,,,,,354,350,341,346,346,345,345,343,344,342,301,301,301,301,284,301,301,301,292,288,286,284,301,284,284,284
345,343,341,343,346,344,343,350,342,341,343,343,342,341,344,342,341,344,342,341,344,341,343,345,348,110,347,343,343,156,35,35,185,145,35,35,156,156,156,37,,,,,196,198,185,35,35,156,35,343,363,,,,,353,356,,,362,356,,347,348,,353,349,349,349,349,355,,,,362,344,346,342,344,345,341,341,301,284,301,284,301,284,284,284,301,301,292,287,293,301,301,301
346,345,345,342,342,343,348,,354,345,344,344,343,346,342,345,341,343,346,342,346,342,345,343,348,110,347,345,343,35,35,154,,,36,35,156,156,35,37,,,196,186,189,192,185,156,35,156,156,345,348,,,,,351,,,231,348,,,354,350,352,345,345,344,344,341,363,,,,362,346,345,341,342,342,341,344,301,301,284,284,301,284,301,301,301,284,284,302,294,284,284,284
341,343,341,342,343,346,343,355,,347,346,344,341,344,341,341,345,346,345,344,343,346,342,341,363,110,362,343,345,156,37,,,,36,35,35,156,156,37,,,194,191,187,198,185,35,156,156,156,341,341,355,,,,354,355,,,351,,,,,,347,342,341,345,342,345,355,410,,231,343,341,343,341,343,342,346,301,284,301,284,301,301,284,301,301,284,284,300,284,284,301,301
342,344,345,350,350,350,350,350,352,350,350,350,350,350,350,350,350,350,350,350,350,344,345,344,348,110,347,343,342,35,37,,,,36,35,35,35,35,37,,,197,186,189,198,35,35,156,156,35,344,341,348,,,,,351,,,354,355,,,353,349,342,344,346,341,342,343,363,,,362,342,344,345,345,344,346,341,284,301,284,284,301,301,301,284,284,301,291,,129,301,284,301
345,342,356,,,,,,,,,,,,,,,,,,,362,345,343,363,110,362,345,345,35,35,155,,,36,156,156,35,35,37,,,,,,,36,156,35,35,156,343,346,356,410,357,,,351,,,,362,349,349,342,343,343,346,344,343,343,345,348,,,354,344,341,346,345,346,345,344,301,284,301,284,284,284,301,301,301,301,138,,114,301,301,301
343,363,,,,,,,,,,,,,,,,,,,,347,344,341,348,110,347,343,341,35,156,35,144,144,156,35,156,156,35,37,,,,,,,36,156,156,156,35,342,363,,,351,,,362,355,,,231,235,343,345,345,342,344,345,344,343,344,363,,,,362,346,341,346,344,345,345,287,287,287,287,293,301,284,284,284,284,302,,114,301,301,284
345,363,,,,,,,,,,,,,,,,,,,,362,344,345,363,110,347,345,341,156,156,156,35,156,156,35,35,156,156,37,,,,,,,36,156,35,35,156,346,348,,,351,,,354,363,,,,,362,344,343,344,341,342,345,342,342,348,,,,362,346,342,344,346,341,363,,,,,286,301,284,301,284,301,138,,114,68,301,301
346,363,,353,352,352,352,349,352,352,352,349,349,349,349,352,352,352,355,,,347,342,343,348,110,347,344,341,35,156,156,35,156,156,35,35,156,156,37,,196,186,189,187,198,156,156,156,156,156,342,348,,,351,410,,,362,355,,,353,342,341,345,343,345,345,342,342,344,231,,,,373,341,346,344,341,342,348,,,,,286,284,284,301,301,284,138,,114,284,301,301
341,341,76,356,,,,358,,,,362,342,342,348,,,,351,,,362,343,350,356,110,347,346,343,341,82,78,84,79,81,80,78,78,81,81,78,78,78,78,78,201,78,83,84,82,81,344,363,,,358,,,,362,363,,,354,343,344,342,342,341,344,344,342,341,345,355,,,354,346,346,342,341,345,348,,,,,286,301,284,284,301,301,285,,114,284,301,284
342,348,,,,357,,,,357,,354,350,350,356,,231,76,351,,,362,363,,,110,362,343,343,342,79,81,78,82,80,83,79,83,84,81,83,83,78,78,84,201,80,83,80,78,81,342,345,355,,,,,353,343,356,,,,231,345,343,342,342,343,344,345,344,344,344,355,,,354,344,344,346,346,363,,,,,303,284,284,284,284,284,138,,114,68,284,284
341,342,76,355,,351,,,,351,,,,,,,,,351,,,347,363,,10,110,347,342,343,345,78,79,79,81,81,80,83,84,81,78,84,80,84,78,,,78,80,78,80,81,346,344,348,,,,353,342,363,,,,,,354,345,342,345,343,343,343,341,345,342,363,,,,362,344,346,344,363,,,,,286,301,301,284,284,301,138,,114,284,301,301
343,348,,354,352,350,352,352,352,350,352,352,352,352,352,352,352,352,356,,,362,363,,202,110,362,344,341,346,81,83,78,78,84,84,83,78,82,80,82,79,82,78,,,129,78,80,84,79,344,341,356,,,359,346,346,363,,,,,,,231,235,341,341,343,345,345,342,341,345,349,349,235,341,345,341,341,348,,,,,286,284,284,301,284,284,285,,114,284,301,301
342,363,,,,,,,,,,,,,,,,,,,,362,348,,202,110,347,343,341,346,84,83,80,78,78,78,84,84,83,82,84,84,81,78,,,114,83,82,81,83,346,348,,,,,347,343,342,355,,,,,,,,354,343,341,345,343,343,345,344,341,341,235,343,345,343,345,348,,,,,286,284,284,301,284,301,292,,114,301,301,301
346,345,349,349,349,349,349,349,349,349,349,349,349,349,349,349,349,349,355,,,362,363,,202,110,362,343,343,343,82,84,82,78,84,80,83,84,80,78,82,82,78,78,81,82,114,78,78,78,80,344,348,,,,,231,350,350,231,352,352,355,,,,,,354,344,344,342,341,345,341,342,363,,347,346,345,342,348,,,,,286,301,284,284,301,284,284,300,301,301,301,301
345,345,344,342,344,344,342,343,342,345,345,346,346,345,341,344,343,341,356,,,362,341,349,10,110,362,342,341,343,80,78,84,82,81,81,83,80,84,83,80,84,81,87,,,114,82,78,80,78,345,346,355,,,,201,,,201,,,354,355,,,,,,231,235,341,342,343,344,341,348,,362,341,344,346,363,,,,,286,301,301,301,301,301,291,,110,301,301,301
341,346,344,342,343,342,345,346,343,342,342,344,343,345,344,341,342,348,,,,347,342,344,363,110,347,344,345,345,79,79,81,79,83,83,81,82,78,78,82,79,79,,,,114,82,80,79,80,346,343,356,,,,231,349,349,231,,,,351,,,,,,,,354,350,344,343,343,345,235,341,341,343,341,363,,,,,303,301,284,284,284,301,285,,110,301,301,301
342,342,344,344,342,341,342,341,346,341,341,344,341,341,343,344,345,363,,,,362,342,341,363,110,347,342,341,344,83,78,84,80,78,82,78,84,82,78,83,84,80,,,,114,83,78,83,84,344,363,,,,,362,342,343,356,,,,362,355,,,,,,,,,354,342,342,350,235,343,345,345,344,363,,,,,303,284,301,301,301,301,302,,110,68,301,284
345,350,350,341,344,344,341,341,345,344,343,342,345,344,343,343,346,348,,,,362,345,346,348,110,347,342,341,346,81,83,83,80,79,78,83,83,78,80,81,82,79,,,,114,83,78,81,83,346,348,,231,235,353,344,345,363,,,,,231,350,352,355,,,,,,,,362,348,,,347,345,344,346,348,,,,,303,284,284,284,301,284,138,,110,68,284,301
348,,,347,344,345,344,342,341,341,343,344,346,342,344,343,343,348,,,,362,345,342,363,110,362,346,346,345,84,79,78,81,79,78,81,78,78,84,81,83,82,,,,114,78,80,78,80,341,363,410,,,231,235,344,342,349,355,,,,,,354,352,349,349,355,,231,235,362,343,235,349,343,343,344,344,348,,,,,303,301,284,301,301,301,138,,110,68,301,284
345,360,,362,350,345,342,345,346,341,345,344,350,350,343,343,342,343,349,355,,347,342,342,363,110,362,341,343,345,83,80,78,84,84,83,81,82,82,78,80,83,84,,,,114,78,84,83,79,343,348,,,,,,354,350,344,342,349,355,,,,,,362,345,348,,,,362,350,235,350,345,344,341,346,348,,,,,286,301,284,284,301,284,138,,110,284,301,284
356,,,358,,347,346,346,350,350,350,356,,,92,91,91,342,342,348,,92,91,91,363,110,347,346,345,346,78,80,78,78,83,80,81,83,78,80,81,79,82,,,,114,78,83,80,81,341,344,355,,,,,,,231,235,345,346,349,349,355,,,354,344,348,,,353,348,,,,347,343,343,346,363,,,,,303,284,284,284,284,284,302,,110,301,301,301
,,,,,347,350,356,,,,,,,92,91,91,91,342,341,349,345,91,91,348,110,362,345,343,343,83,84,83,82,84,82,81,83,79,82,84,84,82,,,,78,78,80,81,84,343,345,341,352,355,,,,,,,354,350,341,343,348,,,,362,363,,,362,363,,,231,345,345,343,346,348,,,,,286,284,301,284,301,301,285,,110,301,301,284
,,,,,214,,,,,,,,,92,91,91,91,91,91,91,91,91,91,363,110,362,345,344,344,84,78,82,84,81,80,84,81,80,83,83,81,83,,,,,68,82,82,83,341,343,356,,347,349,349,355,,,,,,362,344,363,,,,354,343,355,,231,363,,,,347,341,341,344,348,,,,,286,284,301,301,284,301,302,288,110,284,284,284
214,214,214,214,214,214,,,,,,,,,347,343,345,344,343,341,344,344,345,350,356,110,362,344,342,341,81,84,83,82,82,84,78,83,79,78,80,78,84,,,,,68,79,80,80,343,363,,,354,343,341,350,352,352,355,,,231,345,363,,,,,362,348,,,351,,,353,342,344,345,342,363,,,,,303,301,284,284,301,301,289,284,126,284,301,284
,,,,,,,,,,,,,,362,344,344,341,341,342,343,341,363,,,110,347,345,346,343,79,83,82,80,79,82,82,82,81,82,80,83,79,,,,,68,80,83,80,341,363,410,,,362,356,,,,351,,,,347,348,,,,,362,356,,,351,,,362,342,341,345,345,363,,,,,286,284,301,284,284,284,300,284,301,301,301,301
214,214,214,214,214,214,,,,,,,,,92,91,345,345,341,341,342,345,348,,,110,347,341,344,342,80,83,83,84,83,82,82,78,84,80,78,81,79,,,,,68,82,81,84,346,363,,,,358,,,,353,341,355,,,347,348,,,231,235,356,,,,351,,,354,341,344,346,343,363,,,,,303,301,301,301,284,291,,364,68,301,301,301
,,,,,214,,,,,,,,,92,91,91,342,342,343,342,344,348,,,110,347,341,345,344,83,79,84,81,84,80,81,82,78,83,79,78,79,,,,80,82,81,84,82,345,348,,,,,,,359,350,345,356,,,362,348,,,,,,,,,351,,,,362,342,345,345,348,,,,,286,301,284,284,284,302,,,68,284,301,301
349,355,,,357,,353,349,349,349,349,349,349,349,343,91,91,91,346,341,345,342,348,,,110,362,346,341,346,82,78,79,80,82,79,80,84,78,82,84,78,78,201,201,201,81,83,78,84,83,341,342,349,355,,,361,,,,358,,,,347,346,355,,,,,,,353,344,355,,,354,345,341,342,348,,,,,303,301,301,284,284,285,,364,68,301,284,284
344,356,,,351,,347,342,342,344,341,343,344,342,342,343,91,91,345,346,344,341,363,,,110,347,342,344,343,81,84,84,81,84,81,78,82,82,82,83,79,80,,,,81,83,80,81,82,342,341,342,346,355,,,,,,,,,,362,345,345,349,355,,,,353,346,342,348,,,,347,344,344,346,349,349,349,349,349,284,284,284,284,285,,,68,284,284,284
363,,,,362,349,346,343,344,342,341,345,341,342,341,344,91,91,91,91,91,91,341,349,355,110,347,343,342,341,82,82,78,78,82,81,84,83,81,79,78,84,79,201,201,201,81,80,80,84,83,344,344,346,345,345,355,,,,,,,353,349,345,346,346,345,346,349,349,349,344,343,341,344,349,355,410,231,345,341,342,345,341,345,342,346,301,301,301,301,292,,364,68,301,301,284
345,349,349,349,344,342,344,344,345,346,344,341,343,345,341,342,91,91,341,350,342,91,343,343,363,110,347,345,346,341,82,80,78,80,80,78,79,79,83,84,80,82,80,,,,83,82,84,79,79,342,345,343,343,341,341,349,349,355,,,,231,343,343,343,345,345,342,345,345,346,345,346,345,346,341,363,288,,362,342,343,345,345,345,346,341,284,284,301,301,284,300,301,284,284,284,301
341,350,341,342,341,345,342,341,345,344,91,91,91,91,91,91,91,91,363,,92,91,345,343,363,110,347,343,345,341,82,81,83,79,84,82,83,83,84,79,78,81,84,201,201,201,83,84,83,82,82,248,246,249,248,249,249,248,248,248,264,,265,249,246,246,247,248,249,248,246,246,246,284,284,301,284,284,284,301,300,301,301,284,301,284,284,284,284,284,301,301,284,291,294,301,284,284,284,284
363,,347,343,341,341,91,91,91,91,91,91,341,344,344,345,342,341,356,,347,341,346,344,348,110,347,343,346,344,83,79,84,80,78,81,78,84,84,82,84,82,84,,,,82,80,81,83,81,246,247,249,248,249,249,246,248,246,281,,282,248,248,249,247,246,247,249,249,249,246,284,301,301,284,284,301,301,300,284,284,284,284,284,284,284,284,284,284,284,301,289,284,301,301,301,284,301
363,,362,91,91,91,91,91,345,344,341,346,345,344,350,350,350,356,,,362,342,345,342,363,110,362,343,344,342,79,80,84,79,79,84,79,79,84,79,80,82,84,201,201,201,84,79,81,78,84,248,248,246,249,248,247,247,246,247,118,118,118,118,118,118,118,246,132,246,249,248,246,284,284,284,284,337,337,337,289,284,284,284,284,284,284,301,301,301,284,291,290,303,301,284,284,284,301,301
363,,92,91,91,91,91,91,341,345,346,350,350,348,,,,,,353,341,343,341,345,348,110,347,344,344,341,79,79,82,79,79,80,83,80,80,84,82,78,83,,,,80,80,80,83,82,248,246,246,248,249,248,247,247,248,118,118,118,118,118,118,118,246,132,246,249,249,249,301,284,284,301,337,337,284,300,284,301,284,284,284,284,284,284,284,291,294,301,296,284,301,284,301,301,284
363,,92,91,91,345,344,344,344,346,363,,,201,201,201,201,201,201,345,343,346,341,344,363,110,362,343,343,342,79,81,84,78,81,81,80,81,84,84,83,80,81,,,,78,83,78,81,81,247,246,248,247,247,247,248,246,246,271,267,267,267,,,282,249,249,248,246,247,249,284,301,301,301,295,301,301,289,301,301,284,301,284,301,301,301,301,300,284,284,301,301,284,301,301,284,284
348,,92,91,91,345,342,342,344,344,363,,,351,,,,,201,343,342,343,342,344,363,110,362,346,342,341,79,81,79,79,82,83,79,79,84,83,84,82,80,201,79,79,84,82,79,83,80,247,246,249,249,246,248,249,249,249,247,249,247,249,118,118,118,132,249,249,246,246,249,284,301,301,301,300,284,301,285,68,301,284,284,284,301,301,284,301,289,284,301,301,301,301,284,301,284,301
342,76,344,341,341,345,345,342,342,345,363,,,362,355,,353,349,201,342,341,342,344,346,363,110,354,350,342,345,84,82,83,82,83,79,78,81,83,78,81,88,,,,110,80,79,84,78,78,246,249,248,246,249,247,249,248,247,249,249,247,249,264,,282,246,249,249,247,249,247,301,284,284,284,296,284,291,,68,301,301,284,301,301,284,284,301,285,287,293,301,301,284,301,301,284,284
231,334,231,345,350,350,350,350,350,345,350,352,201,344,343,349,343,342,201,201,342,343,342,343,363,110,,,82,83,78,81,84,83,83,78,82,83,82,78,81,,,,,110,78,78,79,79,80,246,246,247,248,249,248,249,249,248,247,246,247,246,118,118,118,132,246,246,248,246,249,301,301,284,301,337,284,285,,68,284,301,301,284,301,301,284,284,292,288,,290,293,284,301,284,301,301
231,335,231,363,,,,,,324,,,,362,341,342,344,345,201,201,345,344,343,346,348,126,80,336,83,79,79,81,80,80,83,83,80,83,83,78,84,,,,,110,78,81,83,78,81,247,249,249,247,247,248,246,247,249,249,246,247,248,281,,282,249,246,247,246,248,246,301,284,284,284,337,297,,303,301,284,284,284,284,301,284,284,301,301,301,296,284,300,301,301,284,284,301
344,76,342,363,,,,324,,,,324,,347,350,350,344,346,350,350,350,350,345,350,78,84,82,201,79,83,82,83,82,82,82,82,79,81,80,82,84,,,,,110,78,82,84,78,82,249,248,248,249,247,247,270,272,246,246,248,247,249,118,118,118,132,246,248,246,246,246,284,284,284,301,301,301,292,303,301,301,301,284,284,284,284,301,284,301,284,301,301,292,290,293,301,284,284
363,,347,343,349,349,349,344,349,349,349,342,349,356,,,354,201,,,110,,201,,110,63,201,,82,83,81,81,82,78,80,79,81,82,79,78,84,,,,,110,79,83,81,80,80,246,246,247,248,247,270,,267,280,272,248,247,246,281,,282,248,246,246,246,248,249,301,301,301,284,301,284,301,300,284,284,284,301,301,301,301,284,301,284,284,284,301,284,301,302,293,284,301
348,,347,341,344,342,350,350,350,350,350,350,356,,,,,201,82,90,110,,201,,110,,79,,78,83,80,82,79,82,80,82,83,79,82,78,84,,,,,110,79,79,79,82,83,246,248,249,246,270,,282,246,247,264,272,248,246,118,118,118,132,249,249,247,246,246,284,284,284,301,301,301,284,292,293,301,301,301,284,284,301,301,301,301,301,284,284,301,301,285,303,284,301
363,,347,344,341,363,,,,,,,,,,,78,201,110,81,110,64,201,,110,,78,200,83,79,78,84,82,84,84,82,84,80,84,78,81,,,,,110,82,83,81,78,78,248,248,247,247,281,,282,249,247,264,282,247,246,281,,282,248,248,246,247,248,248,301,284,301,301,284,284,301,301,300,284,284,284,301,284,301,301,284,301,284,284,301,284,284,285,,68,301
342,76,343,341,350,356,,,,,,,,,,,80,201,110,110,110,81,81,90,110,,80,,80,81,82,84,82,84,81,80,80,78,84,82,81,,,,,110,82,78,83,81,80,249,246,249,248,264,,265,247,246,281,265,248,247,118,118,118,132,248,246,247,246,248,284,284,301,284,301,284,284,284,289,301,301,284,284,301,284,301,284,301,284,284,301,301,301,292,138,68,284
348,,347,356,,,,,,,,,,,,,80,201,110,110,110,110,110,84,110,,83,,84,81,81,78,79,80,81,84,83,78,83,84,78,,,,,110,78,79,84,78,81,247,249,249,276,,,265,249,248,264,265,248,247,264,,265,247,246,246,249,249,247,284,301,284,301,301,301,301,301,285,287,298,284,301,301,301,284,301,301,295,301,295,284,284,284,138,68,301
345,76,363,,,,324,,,,324,,,,,,84,201,110,110,110,110,110,110,110,,81,,82,82,81,83,78,81,83,78,81,79,82,83,79,,,,,110,79,81,84,79,83,248,249,247,247,264,,265,248,248,281,265,246,246,118,118,118,132,248,246,249,247,248,301,301,301,301,284,301,301,301,292,286,301,284,301,301,301,301,291,290,,290,288,293,284,301,138,68,301
348,,351,,,,,,,,,64,64,64,64,64,84,201,110,110,110,110,110,110,110,,78,,83,80,78,80,84,83,78,84,82,78,79,82,79,,,,,110,83,84,83,80,78,246,247,246,270,,,265,246,249,281,265,247,246,264,,282,247,247,247,248,249,247,301,301,284,284,284,301,301,284,301,300,301,284,301,301,301,301,300,301,296,284,301,300,301,301,300,301,301
363,,351,,,231,349,349,349,349,349,83,80,79,84,78,80,201,110,110,110,110,110,110,110,,201,,78,84,81,82,84,84,84,80,83,79,84,82,80,,,,,110,83,82,78,78,82,247,249,248,271,,,282,249,246,264,265,249,249,118,118,118,132,249,249,249,246,247,284,284,301,284,301,301,301,301,284,292,293,301,284,284,284,291,294,301,284,284,284,285,293,301,300,284,284
363,,362,349,349,345,344,343,346,342,341,84,84,82,84,84,81,201,110,110,110,110,110,110,110,,79,,81,83,81,78,83,84,78,83,84,78,83,81,83,,,,,110,79,84,84,80,79,249,249,249,248,264,,282,246,247,264,282,248,247,281,,265,247,246,249,248,247,249,301,284,284,284,301,284,301,284,301,301,292,293,284,291,287,294,284,284,301,301,284,292,288,287,294,301,301
348,,362,343,345,345,341,341,345,344,344,79,80,78,81,78,79,201,126,126,126,126,126,126,126,,78,200,84,84,81,79,81,84,80,84,83,79,82,78,78,,,,,126,79,84,80,82,79,247,247,246,249,264,,265,248,246,281,,280,280,,,265,246,247,246,249,248,246,284,284,301,284,284,301,284,284,301,301,301,292,290,,294,301,284,284,301,284,284,301,284,296,301,284,301
341,76,350,350,350,350,350,350,350,350,350,79,82,78,81,82,81,83,80,78,80,82,84,83,78,78,87,,80,81,82,78,81,81,84,83,79,79,82,81,79,201,201,201,201,82,78,80,80,82,83,249,270,272,246,264,,265,246,247,271,273,246,246,271,,282,247,247,248,249,248,246,284,284,284,301,284,301,284,284,284,301,284,284,284,296,284,301,301,284,284,284,284,301,301,301,301,284,284
348,,,,,,,,,,,201,64,63,64,63,64,63,64,63,64,63,64,64,63,201,64,64,84,81,82,83,79,81,80,79,83,78,78,79,84,78,81,,,201,,,,,201,280,267,267,280,267,267,273,246,246,249,248,248,247,249,271,273,247,247,246,247,246,247,284,284,284,301,301,284,284,301,301,284,301,301,284,301,284,284,284,301,284,301,301,284,284,301,284,301,284
342,349,349,349,349,349,349,349,349,349,349,78,78,78,78,78,78,78,81,82,80,83,82,82,80,80,80,78,81,81,78,84,79,82,78,83,78,78,84,84,78,82,84,79,80,80,81,84,79,84,83,249,247,247,249,247,249,249,249,247,246,249,249,247,248,246,249,249,248,246,248,249,249,301,284,301,301,301,284,301,301,301,301,301,284,301,284,301,301,301,284,284,284,301,301,301,301,284,284,301
BigDecor: 
,,,,,,,,,,,,,,,,,,,,,,,,,,,,,,,,,,,,,,,,,,,,,,,,,,,,,,,,,,,,,,,,,,,,,,,,,,,,,,,,,,,,,,,,,,,,,,,,,,,
,,,,,,,,,,,,,,,,,,,,,,,,,,,,,,,,,,,,,,,,,,,,,,,,,,,,,,,,,,,,,,,,,,,,,,,,,,,,,,,,,,,,,,,,,,,,,,,,,,,
,,,,,,,,,,,,,,,,,,,,,,,,,,,,,,,,,68,,,,,,,,,,,,,,,,,,,,,,,,,,,,,,,,,,,,,,,,,,,,,,,,,,,,,,,,,,,,,,,,,,
,,,,,,,,,,,,,,,,,,,,,,,,,,,,,,,,,,,,,,,,,,,,,,,,,,,,,,,,,,,68,,,,,,,,,,,,,,,,,,,,,,,,,,,,,,,,,,,,,,,,
,,,,,,,,,,,,,,,,,,,,,,,,,,,,,,,,,,,,,,,,,,,,,,,,,,,,,,,,,,,,,,,,,,,,,,,,,,,,,,,,,,,,,,,,,,,,,,,,,,,
,,,,,,,,,,,,,,,,,,,,,,,,,,,,,,,,,,,,,,,,,,,,,,,,,,,,,,,,,,,,,,,,,,,,,,,,,,,,,,,,,,,,,,,,,,,,,,,,,,,
,,,,,,,,,,,,,,,,,,,,,,,,,,,,,,,,,,,,,,,,,,,,,,,,,,,,,,,,,,,,,,,,,,,,,,,,,,,,,,,,,,,,,,,,,,,,,,,,,,,
,,,,,,,,,,,,,,,,,,,,,,,,,,,,,,,,,,,,,,,,,,69,,,,,,,,,,,,,,,,,,88,,,,,,,,,,,,,,,,,,,,,,,,,,,,,,,,,,,,,,,
,,,,,,,,,,,,,,,,,,,,,,,,,,,,,,,,,,,,,,,,,,,,,,,,,,,,,,,,,,89,,87,,,,,,,,,,,,,,,,,,,,,,,,,,,,,,,,,,,,,,,
,,,,,,,,,,,,,89,,,,,,,,,,,,,,,,,,,,,,,,,,,,,68,,,,,,,,,,,,,,,,,,88,,,,,,,,,,,,,,,,,,,,,,,,,,,,,,,,,,,,,,,
,,,,,,,,,,,,,,,,,,,,,,,,,,,,,,,,,,,,,,,,,,,,,,,,,,,,,,,,,,,,,,,,,,,,,,,,,,,,,,,,,,,,,,,,,,,,,,,,,,,
,,,,,,,,,,,,,,,,,,,,,,,,,,,,,,,,,,,,,,,,,,69,,,,,,,,,,,,,,,,,68,,,,,,,,,,,,,,,,,,,,,,,,,,,,,,,,,,,,,,,,
,,,,,,,,,,,,,,,,,,67,,,,,,,,,,,,,,,,,,,,,,,,,,,,,,,,,,,,,,,,,,,,,,,,,,,,,,,,,,,,,,,,,,,,,,,,,,,,,,,,,
,,,,,,,,,,,,,,,,,,,,,,,,,,,,,,,,,,,,,,,,,,,,,,,,,,,,,,,,,,,,,,,,,,,,,,,,,,,,,,,,,,,,,,,,,,,,,,,23,,,,
,,,,,,,,,,,,,,,,,,,,,,,,,,,,,,,,,,,,,,,,,,,,,,,,,,,,,,,,,,,,,,,,,,,,,,,,,,,,,,,,,,,,,,,,,,,,,,,18,,,,
,,,,,,,,,,,,,,,,,,,,,,,,,,,,,,,,,,,,,,,,,,,,,,,,,,,,,,,,,,,,,,,,,,,,,,,,,,,,,,,,,,,,,,,,,,,,,,,24,,,,
,,,,,,,,,,,,,,,,,,,,,,,,,,,,,,,,,,,,,,,,,,,,,,,,,,,,,,,,,,,,,,,,,,,,,,,,,,,,,,,,,,,,,,,,,,,,,,,,,,,
,,,,,,,,,,,,,,,,,,,,,,,,,,,,,,,,,,,,,,,,,,,,,,,,,,,,,,,,,,,,,,,,,,,,,,,,,,,,,,,,,,,,,,,,,,,,,,,,,,,
,,,,,,,,,,,,,,,,,,,,,,,,,,,,,,,,,,,,,,,,,,,,,,,,,,,,,,,,,,,,,,,,,,,,,,,,,,,,,,,,,,,,,,,,,,,,,,,,,,,
,,,,,,,,,,,,,,,,,,,,,,,,,,,,,,,,,,,,,,,,,,,,,,,,,,,,,,,,,,,,,,,,,,,,,,,,,,,,,,,,,,,,,,,,,,,,,,,,,,,
,,,,,,,,,,,,,,,,,,,,,,,,,,,,,,,,,,,,,,,,,,,,,,,,,,,,,,,,,,,,,,,,,,,,,,,,,,,,,,,,,,,,,,,,,,,,,,,,,,,
,,,,,,,,,,,,,,,,,,,,,,,,,,,,,,,,,,,,,,,,,,,,,,,,,,,,,,,,,,,,,,,,,,,,,,,,,,,,,,,,,,,,,,,,,,,,,,,,,,,
,,,,,,,,,,,,,,,,,,,,,,,,,,,,,,,,,,,,,,,,,,,,,,,,,,,,,,,,,,,,,,,,,,,,,,,,,,,,,,,,,,,,,,,,,,,,,,,,,,,
,,,,,,,,,,,,,,,,,,,,,,,,,,,,,,,,,,,,,,,,,,,,,,,,,,,,,,,,,,,,,,,,,,,,,,,,,,,,,,,,,,,,,,,,,,,,,,,,,,,
,,,,,,,,,,,,,,,,,,,,,,,,,,,,,,,,,,,,,,,,,,,,,,,,,,,,,,,,,,,,,,,,,,,,,,,,,,,,,,,,,,,,,,,,,,,,,,,,,,,
,,,,,,,,,,,,,,,,,,,,,,,,,,,,,,,,,,,,,,,,,,,,,,,,,,,,,,,,,,,,,,,,,,,,,,,,,,,,,,,,,,,,,,,,,,,,,,,,,,,
,,,,,,,,,,,,,,,,,,,,,,,,,,,,,,,,,,,,,,,,,,,,,,,,,,,,,,,,,,,,,,,,,,,,,,,,,,,,,,,,,,,,,,,,,,,,,,,,,,,
,,,,,,,,,,,,,,,,,,,,,,,,,,,,,,,,,,,,,,,,,,,,,,,,,,,,,,,,,,,,,,,,,,,,,,,,,,,,,,,,,,,,,,,,,,,,,,,,,,,
,,,,,,,,,,,,,,,,,,,,,,,,,,,,,,,,,,,,,,,,,,,,,,,,,,,,,,,,,,,,,,,,,,,,,,,,,,,,,,,,,,,,,,,,,,,,,,,,,,,
,,,,,,,,,,,,,,,,,,,,,,,,,,,,,,,,,,,,,,,,,,,,,,,,,,,,,,,,,,,,,,,,,,,,,,,,,66,,,,,,,,,,,,,,,,,,,,,,,,,,
,,,,,,,,,,,,,,,,,,,,,,,,,,,,,,,,,,,,,,,,,,,,,,,,,,,,,,,,,,,,,,,,,,,,,,,,,,,,,,,,,,,,,,,,,,,,,,,,,,,
,,,,,,,,,,,,,,,,,,,,,,,,,,,,,,,,,,,,,,,,,,,,,,,,,,,,,,,,,,,,,,,,,,,,,,,,,,,,,,,,,,,,,,,,,,,,,,,,,,,
,,,,,,,,,,,,,,,,,,,,,,,,,,,,,,,,,,,,,,,,,,,,,,,,,,,,,,,,,,,,,,,,,,66,,,,,,,,,,,,,,,,,,,,,,,,,,,,,,,,,
,,,,,,,,,,,,,,,,,,,,,,,,,,,,,,,,,,,,,,,,,,,,,,,,,,,,,,,,,,,,,,,67,,,,,,,,,,,,,,,,,,,,,,,,,,,,,,,,,,,,
,,,,,,,,,,,,,,,,,,,,,,,,,,,,,,,,,,,,,,,,,,,,,,,,,,,,,,,,,,,,,,,,,,,,,,,,,,,,,,,,,,,,,,,,,,,,,,,,,,,
,,,,,,,,,,,,,,,,,,,,,,,,,,,,,,,,,,,,,,,,,,,,,,,,,,,,,,,,,,,,,,,,,,,,,,,,,,,,,,,,,,,,,,,,,,,,,,,,,,,
,,,,,,,,,,,,,,,,,,,,,,,,,,,,,,,,,,,,,,,,,,,,,,,,,,,,,,,,,,,,,,,,,,,,,,,,,,,,,,,,,,,,,,,,,,,,,,,,,,,
,,,,,,,,,,,,,,,,,,,,,,,,,,,,,,,,,,,,,,,,,,,,,,,,,,,,,,,,,,,,,,68,,,,,,,,,,,,,,,,,,,,,,,,,,,,,,,,,,,,,
,,,,,,,,,,,,,,,,,,,,,,,,,,,,,,,,,,,,,,,,,,,,,,,,,,,,,,,,,,,,,,,,,66,,,,,,,,,,,,,,,,,,,,,,,,,,,,,,,,,,
,,,,,,,,,,,,,,,,,,,,,,,,,,,,,,,,,,,,,,,,,,,,,,,,,,,,,,,,,,,,,,,,,,,,,,,,,,,,,,,,,,,,,,,,,,,,,,,,,,,
,,,,,,,,,,,,,,,,,,,,,,,,,,,,,,,,,,,,,,,,,,,,,,,,,,,,,,,,,,,,,,,,,,,,,,,,,,,,,,,,,,,,,,,,,,,,,,,,,,,
,,,,,,,,,,,,,,,,,,,,,,,,,,,,,,,,,,,,,,,,,,,,,,,,,,,,,,,,,,,,,,,,,,,,,,,,,,,,,,,,,,,,,,,,,,,,,,,,,,,
,,,,,,,,,,,,,,,,,,,,,,,88,,,,,,,,,,,,,,,,,,,,,,,,,,,,,,,,,,,,,,,,,,,,,,,,,,,,,,,,,,,,,,,,,,,,,,,,,,,,
,,,,,,,,,,,,,,,,,,,,,,,,,,,,,,,,,,,,,,,,,,,,,,,,,,,,,,,,,,,,,,,,,,,,,,,,,,,,,,,,,,,,,,,,,,,,,,,,,,,
,,,,,,,,,,,,,,,,,,,,,,,,,,,,,,,,,,,,,,,,,,,,,,,,,,,,,,,,,,,,,,,,,,,,,,,,,,,,,,,,,,,,,,,,,,,,,,,,,,,
,,,,,,,,,,,,,,,,,,,,,,,,,,,,,,,,,,,,,,,,,,,,,,,,,,,,,,,,,,,,,,,,,,,,,,,,,,,,,,,,,,,,,,,,,,,,,,,,,,,
,,,,,,,,,,,,,,,,,,,,,,,,,,,,,,,,,,,,,,,,,,,,,,,,,,,,,,,,,,,,,,,,,,,,,,,,,,,,,,,,,,,,,,,,,,,,,,,,,,,
,,,,,,,,,,,,,,,,,,,,,,,,,,,,,,,,23,,,,,,,,,,,,,,,,,,,,,,,,,,,,,,,,,,,,,,,,,,,,,,,,,,,,,,,,,,,,,,,,,,,
,,,,,,,,,,,,,,,,,,,,,,,,,,,,,,,,,,,,,,,,,,,,,,,,,,,,,,,,,,,67,,,,,,,,,,,,,,,,,,,,,,,,,,,,,,,,,,,,,,,,
,,,,,,,,,,,,,,,,,,,,,,,,,,,,,,,,24,,,,,,,,,,,,,,,,,,,,,,,,,,,,,,,,,,,,,,,,,,68,,,,,,,,,,,,,,,,,,,,,,,,,
,,,,,,,,,,,,,,,,,,,,,,,,,,,,,,,,,,,,,,,,,,,,,,,,,,,,,,,,,,,,,,,,,,,,,,,,,,,,,,,,,,,,,,,,,,,,,,,,,,,
,,,,,,,,,,,,,,,,,,,,,,,,,,,,,,,,,,,,,,,,,,,,,,,,,,,,,,,,66,,,,,,,,,,,,,,,,,,,,,,,,,,,,,,,,,,,,,,,,,,,
,,,,,,,,,,,,,,,,,,,,,,,,,,,,,,,,,,,,,,,,,,,,,,,,,,,,,68,,,,,,,,,,,,,,,,,,,,,,,,,,,,,,,,,,,,,,,,,,,,,,
,,,,,,,,,,,,,,,,,,,67,,,,,,,,,,,,,,,,,,,,,,,,,,,,,,,,,,,,,,,,,,68,,,,,,,,,,,,,,,,,,,,,,,,,,,,,,,,,,,,,,
,,,,,,,,,,,,,,,,,,,,,,,,,,,,,,,,,,,,,,,,,,,,,,,,,,,,,,,,,,,,,,,,,,,,,,,,,,,,,,,,,,,,,,,,,,,,,,,,,,,
,,,,,,,,,,,,,,,,,,,,,,,,,,,,,,,,,,,,,,,,,,,,,,,,,,,,,,,,,,,,,,,,,,,,,,,,,,,,,,,,,,,,,,,,,,,,,,,,,,,
,,,,,,,,,,,,,,,,,,,68,,,,,,,,,,,,,,,,,,,,,,,,,,,,,,,,,,,,,,,,,,,,,,,,,,,,,,,,,,,,,,,,,,,,,,,,,,,,,,,,
,,,,,,,,,,,,,,,,,,,,,,,,,,,,,,,,,,,,,,,,,,,,,,,,,,,,,,,,,,,,,,,,,,,,,,,,,,,,,,,,,,,,,,,,,,,,,,,,,,,
,,,,,,,,,,,,,,,,,,,,,,,,,,,,,,,,,,,,,,,,,,,,,,,,,,,,,,,69,,,,,,,,,,,,,,,,,,,,,,,,,,,,,,,,,,,,,,,,,,,,
,,,,,,,,,,,,,,,,,,,66,,,,,,,,,,,,,,,,,,,,,,,,,,,,,,,,,,,,,,,,,,,,,,,,,,,,,,,,,,,,,,,,,,,,,,,,,,,,,,,,
,,,,,,,,,,,,,,,,,,,,,,,,,,,,,,,,,,,,,,,,,,,,,,,,,,,,,,,,,,,,,,,,,,,,,,,,,,,,,,,,,,,,,,,,,,,,,,,,,,,
,,,,,,,,,,,,,,,,,,,,,,,,,,,,,,,,,,,,,,,,,,,,,,,,,,,,,,,69,,,,,,,,,,,,,,,,,,,,,,,,,,,,,,,,,,,,,,,,,,,,
,,,,,,,,,,,,,,,,,,,,,,,,,,,,,,,,,,,,,,,,,,,,,,,,,,,,,,,,,,,,,,,,,,,,,,,,,,,,,,,,,,,,,,,,,,,,,,,,,,,
,67,,,,,,,,,,,,,,,,,,,,,,,,,,,,,,,,,,,,,,,,,,,,,,,,,,,,,,,,,,,,,,,,,,,,,,,,,,,,,,,,,,,,,,,,,,,,,,,,,,
,,,,,,,,,,,,,,,,,,,,,,,,,,,,,,,,,,,,,,,,,,,,,,,,,,,,,,,,,,,,,,,,,,,,,,,,,,,,,,,,,,,,,,,,,,,,,,,,,,,
,,,,,,,,,,,,,,,,,,,,,,,,,,,,,,,,,,,,,,,,,,,,,,,,,,,,,,,,,,,,,,,,,,,,,,,,,,,,,,,,,,,,,,,,,,,,,,,,,,,
,,,,,,,,,,,,,,,,,203,,,,,,,,,,,,,,,,,,,,,,,,,,,,,,,,,,,,,,,,,,,,,,,,,,,,,,,68,,,,,,,,,,,,,,,,,,,,,,,,,,,
,,,,,,,,,,,,,,,,,203,,,,,,,,,,,,,,,,,,,,,,,,,,,,,,,,,,,,,,,,,,,,,,,,,,,,,,,,,,,,,,,,,,,,,,,,,,,,,,,,,,
,,,,,,,,,,,,,,,,,,,,,,,,,,,,,,,,,,,,,,,,,,,,,,,,,,,,,,,,,,,,,,,,,,,,,,,,,,,,,,,,,,,,,,,,,,,,,,,,,,,
,,,,,,,,,,,,69,,,,,,,,,,,,,,,,,,,,,,,,,,,,,,,,,,,,,,,,,,,,,,,,,,,,,,,,,,,,,,,,,,,,,,,,,,,,,,,,,,,,,,,
,,,,,,,,,,,,,,,,,,,,,,,,,,,,,,,,,,,,,,,,,,,,,,,,,,,,,,,,,,,,,,,,,,,,,,,,,,,,67,,,,,,,,,,,,,,,,,,,,,,,
,,,,,,,,,,,,,,,,,,,,,,,,,,,,,,,,,,,,,,,,,,,,,,,,,,,,,,,,,,,,,,,68,,,,,,,,,,,,,,,,,,,,,,,,,,,,,,,,,,,,
,,,,,,,,,,,,,,,,,,,,,,,,,,,,,,,,,,,,,,,,,,,,,,,,,,,,,,,,,,,,,,,,,,,,,,,,,,,,,,,,,,,,,,,,,,,,,,,,,,,
,,66,,,,,,,,,,,,,,,,,,,,,,,,,,,,,,,,,,,,,,,,,,,,,,,,,,,,,,,,,,,,,,,,,,,,,,,,,,,,,,,,,,,,,,,,,,,,,,,,,
,,,,,,,,,,,,,,,,,203,,,,,,,,,,,,,,,,,,,,,,,,,,,,,,,,,,,,,,,,,,,,,,,,,,,,,,,,,,,,,,,,,,,,,,,,,,,,,,,,,,
,,,,,,,,,,,,,,,,,,,,,,,,,,,,,,,,,,,,,,,,,,,,,,,,,,,,,,,,,,,,,,,,,,,,,,,,,,,,,,,,,,,,,,,,,,,,,,,,,,,
,,,,,,,,,,,,,,,,,,,,,,,,,,,,,,,,,,,,,,,,,,,,,,,,,,,,,,,,,,,,,,,,,,,,,,,,,,,,,,,,,,,,,,,,,,,,,,,,,,,
,,,,,,,,,,,,,,,,,203,,,,,,,,,,,,,,,,,,,,,,,,,,,,,,,,,,,,,,,,,,,,,,,,,,,,,,,,,,,,,,,,,,,,,,,,,,,,,,,,,,
,,,,,,,,,,,203,,,,,,,,,,,,,,,,,,,,,,,,,,,,,,,,,,,,,,,,,,,,,,,,,,,,,,,,,,,,,,,,,,,,,,,,,,,,,,,,,,,,,,,,
,,,,,,,,,,,,,,,,,,,,,,,,,,,,,,,,,,,,,,,,,,,,,,,,,,,,,,,,,,,,,,,,,,,,,,,,,,,,,,,,,,,,,,,,,,,,,,,,,,,
,,,,,,,,,,,,,,,,,,,,,,,,,,,,,,,,,,,,,,,,,,,,,,,,,,,,,,,,,,,,,,,,,,,,,,,,,,,,,,,,,,,,,,,,,,,,,,,,,,,
,,,,,,,,,,,,,,,,,,,,,,,,,,,,,,,,,,,,,,,,,,,,,,,,,,,,,,,,,,,,,,,,,,,,,,,,,,,,,,,,,,,,,,,,,,,,,,,,,,,
,,,,,,,,,,,,,,,,,,,,,,,,,,,,,,,,,,,,,,,,,,,,,,,,,,,,,,,,,,,,,,,,,,,,,,,,,,,,,,,,,,,,,,,,,,,,,,,,,,,
,,,,,,,,,,,,,,,,,,,,,,,,,,,,,,,,,,,,,,,,,,,,,,,,,,,,,,,,,,,,,,,,,,,,,,,,,,,,,,,,,,,,,,,,,,,,,,,,,,,
,,,,,,,,,,,,,,,,,,,,,,,,,,,,,,,,,,,,,,,,,,,,,,,,,,,,,,,,,,,,,,,,,,,,,,,,,,,,,,,,,,,,,,,,,,,,,,,,,,,
,,,,,,,,,,,,,,,,,,,,,,,,,,,,,,,,,,,,,,,,,,,,,,,,,,,,,,,,,,,,,,,,,,,,,,,,,,,,,,,,,,,,,,,,,,,,,,,,,,,
,,,,,,,,,,,,,,,,,,,,,,,,,,,,,,,,,,,,,,,,,,,,,,,,,,,,,,,,,,,,,,,,,,,,,,,,,,,,,,,,,,,,,,,,,,,,,,,,,,,
,,,,,,,,,,,,,,,,,,,,,,,,,,,,,,,,,,,,,,,,,,,,,,,,,,,,,,,,,,,,,,,,,,,,,,,,,,,,,,,,,,,,,,,,,,,,,,,,,,,
,,,,,,,,,,,,,,,,,,,,,,,,29,,,,,,,,,,,,,,,,,,,,,,,,,,,,,,,,,,,,,,,,,,,,,,,,,,,,,,,,,,,,,,,,,,,,,,,,,,,
,,,,,,,,,,,,,,,,,,,,,,,,,,,,,,,,,,,,,,,,,,,,,,,,,,,,,,,,,,,,,,,,,,,,,,,,,,,,,,,,,,,,,,,,,,,,,,,,,,,
,,,,,,,,,,,,,,,,,,,,,,,,,,,,,,,,,,,,,,,,,,,,,,,,,,,,,,,,,,,,,,,,,,,,,,,,,,,,,,,,,,,,,,,,,,,,,,,,,,,
,,,,,,,,,,,,,,,,,,,,,,,,,,,,,,,,,,,,,,,,,,,,,,,,,,,,,,,,,,,,,,,,,,,,,,,,,,,,,,,,,,,,,,,,,,,,,,,,,,,
,,,,,,,,,,,,,,,,,,,,,,,,29,,,,,,,,,,,,,,,,,,,,,,,,,,,,,,,,,,,,,,,,,,,,,,,,,,,,,,,,,,,,,,,,,,,,,,,,,,,
,,,,,,,,,,,,,,,,,,,,,,,,,,,,,,,,,,,,,,,,,,,,,,,,,,,,,,,,,,,,,,,,,,,,,,,,,,,,,,,,,,,,,,,,,,,,,,,,,,,
,,,67,,,,,,,,,,,,,,,,,,,,,,,,,,,,,,,,,,,,,,,,,,,,,,,,,,,,,,,,,,,,,,,,,,,,,,,,,,,,,,,,,,,,,,,,,,,,,,,,
,,,,,,,,,,,,,,,,,,,,,,,,,,,,,,,,,,,,,,,,,,,,,,,,,,,,,,,,,,,,,,,,,,,,,,,,,,,,,,,,,,,,,,,,,,,,,,,,,,,
,,,,,,,,,,,,,,,,,,,,,,,,,,,,,,,,,,,,,,,,,,,,,,,,,,,,,,,,,,,,,,,,,,,,,,,,,,,,,,,,,,,,,,,,,,,,,,,,,,,
,,,,,,,,,,,,,,,,,,,,,,,,,,,,,,,,,,,,,,,,,,,,,,,,,,,,,,,,,,,,,,,,,,,,,,,,,,,,,,,,,,,,,,,,,,,,,,,,,,,
,,,,,,,,,,,,,,,,,,,,,,,,,,,,,,,,,,,,,,,,,,,,,,,,,,,,,,,,,,,,,,,,,,,,,,,,,,,,,,,,,,,,,,,,,,,,,,,,,,,
,,,,,,,,,,,,,,,,,,,,,,,,,,,,,,,,,,,,,,,,,,,,,,,,,,,,,,,,,,,,,,,,,,,,,,,,,,,,,,,,,,,,,,,,,,,,,,,,,,,
MoveObject: type=96 stepAdvance=1 stepRecede=1 timeStopStart=0 timeStopEnd=0 posStart=5184;960 posEnd=5184;960 posCurrent=5184;960 step=1 time=0 phase=3393 channel=10 icon=264 
MoveObject: type=96 stepAdvance=1 stepRecede=1 timeStopStart=0 timeStopEnd=0 posStart=5248;960 posEnd=5248;960 posCurrent=5248;960 step=1 time=0 phase=3393 channel=10 icon=264 
MoveObject: type=96 stepAdvance=1 stepRecede=1 timeStopStart=0 timeStopEnd=0 posStart=5248;1024 posEnd=5248;1024 posCurrent=5248;1024 step=1 time=0 phase=3393 channel=10 icon=264 
MoveObject: type=96 stepAdvance=1 stepRecede=1 timeStopStart=0 timeStopEnd=0 posStart=5184;1024 posEnd=5184;1024 posCurrent=5184;1024 step=1 time=0 phase=3393 channel=10 icon=264 
MoveObject: type=6 stepAdvance=1 stepRecede=1 timeStopStart=0 timeStopEnd=0 posStart=1410;2632 posEnd=1410;2632 posCurrent=1410;2632 step=1 time=0 phase=3393 channel=10 icon=21 
MoveObject: type=2 stepAdvance=1 stepRecede=1 timeStopStart=0 timeStopEnd=0 posStart=194;708 posEnd=194;708 posCurrent=194;708 step=1 time=0 phase=3393 channel=10 icon=16 
MoveObject: type=4 stepAdvance=180 stepRecede=180 timeStopStart=20 timeStopEnd=20 posStart=2368;320 posEnd=2752;320 posCurrent=2666;320 step=2 time=140 phase=3393 channel=10 icon=58 
MoveObject: type=2 stepAdvance=1 stepRecede=1 timeStopStart=0 timeStopEnd=0 posStart=322;708 posEnd=322;708 posCurrent=322;708 step=1 time=0 phase=3393 channel=10 icon=16 
MoveObject: type=16 stepAdvance=40 stepRecede=40 timeStopStart=0 timeStopEnd=0 posStart=1792;320 posEnd=1792;64 posCurrent=1792;116 step=2 time=32 phase=3393 channel=10 icon=77 
MoveObject: type=6 stepAdvance=1 stepRecede=1 timeStopStart=0 timeStopEnd=0 posStart=642;1928 posEnd=642;1928 posCurrent=642;1928 step=1 time=0 phase=3393 channel=10 icon=21 
MoveObject: type=3 stepAdvance=1 stepRecede=1 timeStopStart=0 timeStopEnd=0 posStart=1538;2560 posEnd=1538;2560 posCurrent=1538;2560 step=1 time=0 phase=3393 channel=10 icon=52 
MoveObject: type=6 stepAdvance=1 stepRecede=1 timeStopStart=0 timeStopEnd=0 posStart=1026;136 posEnd=1026;136 posCurrent=1026;136 step=1 time=0 phase=3393 channel=10 icon=21 
MoveObject: type=1 stepAdvance=100 stepRecede=100 timeStopStart=10 timeStopEnd=10 posStart=192;3200 posEnd=832;3200 posCurrent=332;3200 step=2 time=22 phase=3393 channel=1 icon=361 
MoveObject: type=3 stepAdvance=1 stepRecede=1 timeStopStart=0 timeStopEnd=0 posStart=1090;448 posEnd=1090;448 posCurrent=1090;448 step=1 time=0 phase=3393 channel=10 icon=52 
MoveObject: type=3 stepAdvance=1 stepRecede=1 timeStopStart=0 timeStopEnd=0 posStart=1474;448 posEnd=1474;448 posCurrent=1474;448 step=1 time=0 phase=3393 channel=10 icon=52 
MoveObject: type=2 stepAdvance=1 stepRecede=1 timeStopStart=0 timeStopEnd=0 posStart=1346;708 posEnd=1346;708 posCurrent=1346;708 step=1 time=0 phase=3393 channel=10 icon=16 
MoveObject: type=2 stepAdvance=1 stepRecede=1 timeStopStart=0 timeStopEnd=0 posStart=1602;708 posEnd=1602;708 posCurrent=1602;708 step=1 time=0 phase=3393 channel=10 icon=16 
MoveObject: type=2 stepAdvance=1 stepRecede=1 timeStopStart=0 timeStopEnd=0 posStart=1090;708 posEnd=1090;708 posCurrent=1090;708 step=1 time=0 phase=3393 channel=10 icon=16 
MoveObject: type=3 stepAdvance=1 stepRecede=1 timeStopStart=0 timeStopEnd=0 posStart=322;256 posEnd=322;256 posCurrent=322;256 step=1 time=0 phase=3393 channel=10 icon=52 
MoveObject: type=3 stepAdvance=1 stepRecede=1 timeStopStart=0 timeStopEnd=0 posStart=194;256 posEnd=194;256 posCurrent=194;256 step=1 time=0 phase=3393 channel=10 icon=52 
MoveObject: type=6 stepAdvance=1 stepRecede=1 timeStopStart=0 timeStopEnd=0 posStart=1218;3016 posEnd=1218;3016 posCurrent=1218;3016 step=1 time=0 phase=3393 channel=10 icon=21 
MoveObject: type=2 stepAdvance=1 stepRecede=1 timeStopStart=0 timeStopEnd=0 posStart=1538;2884 posEnd=1538;2884 posCurrent=1538;2884 step=1 time=0 phase=3393 channel=10 icon=16 
MoveObject: type=96 stepAdvance=1 stepRecede=1 timeStopStart=0 timeStopEnd=0 posStart=3904;2880 posEnd=3904;2880 posCurrent=3904;2880 step=1 time=0 phase=3393 channel=10 icon=264 
MoveObject: type=96 stepAdvance=1 stepRecede=1 timeStopStart=0 timeStopEnd=0 posStart=3968;2880 posEnd=3968;2880 posCurrent=3968;2880 step=1 time=0 phase=3393 channel=10 icon=264 
MoveObject: type=96 stepAdvance=1 stepRecede=1 timeStopStart=0 timeStopEnd=0 posStart=4032;2880 posEnd=4032;2880 posCurrent=4032;2880 step=1 time=0 phase=3393 channel=10 icon=264 
MoveObject: type=96 stepAdvance=1 stepRecede=1 timeStopStart=0 timeStopEnd=0 posStart=4096;2880 posEnd=4096;2880 posCurrent=4096;2880 step=1 time=0 phase=3393 channel=10 icon=264 
MoveObject: type=96 stepAdvance=1 stepRecede=1 timeStopStart=0 timeStopEnd=0 posStart=4160;2880 posEnd=4160;2880 posCurrent=4160;2880 step=1 time=0 phase=3393 channel=10 icon=264 
MoveObject: type=96 stepAdvance=1 stepRecede=1 timeStopStart=0 timeStopEnd=0 posStart=5120;2816 posEnd=5120;2816 posCurrent=5120;2816 step=1 time=0 phase=3393 channel=10 icon=264 
MoveObject: type=96 stepAdvance=1 stepRecede=1 timeStopStart=0 timeStopEnd=0 posStart=5440;2624 posEnd=5440;2624 posCurrent=5440;2624 step=1 time=0 phase=3393 channel=10 icon=264 
MoveObject: type=96 stepAdvance=1 stepRecede=1 timeStopStart=0 timeStopEnd=0 posStart=5568;2624 posEnd=5568;2624 posCurrent=5568;2624 step=1 time=0 phase=3393 channel=10 icon=264 
MoveObject: type=96 stepAdvance=1 stepRecede=1 timeStopStart=0 timeStopEnd=0 posStart=5760;2624 posEnd=5760;2624 posCurrent=5760;2624 step=1 time=0 phase=3393 channel=10 icon=264 
MoveObject: type=96 stepAdvance=1 stepRecede=1 timeStopStart=0 timeStopEnd=0 posStart=5888;2624 posEnd=5888;2624 posCurrent=5888;2624 step=1 time=0 phase=3393 channel=10 icon=264 
MoveObject: type=6 stepAdvance=1 stepRecede=1 timeStopStart=0 timeStopEnd=0 posStart=6210;4232 posEnd=6210;4232 posCurrent=6210;4232 step=1 time=0 phase=3393 channel=10 icon=21 
MoveObject: type=6 stepAdvance=1 stepRecede=1 timeStopStart=0 timeStopEnd=0 posStart=6274;4232 posEnd=6274;4232 posCurrent=6274;4232 step=1 time=0 phase=3393 channel=10 icon=21 
MoveObject: type=3 stepAdvance=1 stepRecede=1 timeStopStart=0 timeStopEnd=0 posStart=5762;4096 posEnd=5762;4096 posCurrent=5762;4096 step=1 time=0 phase=3393 channel=10 icon=52 
MoveObject: type=16 stepAdvance=10 stepRecede=10 timeStopStart=0 timeStopEnd=0 posStart=5376;4160 posEnd=5376;4160 posCurrent=5376;4160 step=1 time=0 phase=3393 channel=10 icon=77 
MoveObject: type=3 stepAdvance=1 stepRecede=1 timeStopStart=0 timeStopEnd=0 posStart=5634;4096 posEnd=5634;4096 posCurrent=5634;4096 step=1 time=0 phase=3393 channel=10 icon=52 
MoveObject: type=2 stepAdvance=1 stepRecede=1 timeStopStart=0 timeStopEnd=0 posStart=5826;5316 posEnd=5826;5316 posCurrent=5826;5316 step=1 time=0 phase=3393 channel=10 icon=16 
MoveObject: type=12 stepAdvance=1 stepRecede=1 timeStopStart=0 timeStopEnd=0 posStart=2624;640 posEnd=2624;640 posCurrent=2624;640 step=1 time=0 phase=3393 channel=1 icon=32 
MoveObject: type=12 stepAdvance=1 stepRecede=1 timeStopStart=0 timeStopEnd=0 posStart=2048;704 posEnd=2048;704 posCurrent=2048;704 step=1 time=0 phase=3393 channel=1 icon=33 
MoveObject: type=1 stepAdvance=12 stepRecede=12 timeStopStart=3 timeStopEnd=3 posStart=5824;512 posEnd=5952;512 posCurrent=5888;512 step=4 time=6 phase=3393 channel=1 icon=231 
MoveObject: type=1 stepAdvance=10 stepRecede=10 timeStopStart=10 timeStopEnd=10 posStart=3200;1216 posEnd=3264;1216 posCurrent=3200;1216 step=1 time=5 phase=3393 channel=1 icon=361 
MoveObject: type=33 stepAdvance=10 stepRecede=10 timeStopStart=23 timeStopEnd=23 posStart=4736;320 posEnd=4672;320 posCurrent=4679;320 step=2 time=9 phase=3393 channel=11 icon=249 
MoveObject: type=33 stepAdvance=10 stepRecede=10 timeStopStart=23 timeStopEnd=23 posStart=4224;256 posEnd=4288;256 posCurrent=4281;256 step=2 time=9 phase=3393 channel=12 icon=238 
MoveObject: type=33 stepAdvance=20 stepRecede=20 timeStopStart=23 timeStopEnd=23 posStart=4096;128 posEnd=4224;128 posCurrent=4224;128 step=3 time=18 phase=3393 channel=13 icon=249 
MoveObject: type=1 stepAdvance=200 stepRecede=200 timeStopStart=20 timeStopEnd=20 posStart=4480;64 posEnd=4480;704 posCurrent=4480;570 step=4 time=42 phase=3393 channel=1 icon=361 
MoveObject: type=33 stepAdvance=20 stepRecede=20 timeStopStart=23 timeStopEnd=23 posStart=4800;192 posEnd=4672;192 posCurrent=4672;192 step=3 time=18 phase=3393 channel=12 icon=238 
MoveObject: type=6 stepAdvance=1 stepRecede=1 timeStopStart=0 timeStopEnd=0 posStart=4994;72 posEnd=4994;72 posCurrent=4994;72 step=1 time=0 phase=3393 channel=10 icon=21 
MoveObject: type=49 stepAdvance=1 stepRecede=1 timeStopStart=0 timeStopEnd=0 posStart=5506;324 posEnd=5506;324 posCurrent=5506;324 step=1 time=0 phase=3393 channel=10 icon=211 
MoveObject: type=1 stepAdvance=60 stepRecede=60 timeStopStart=10 timeStopEnd=10 posStart=5184;1216 posEnd=5184;832 posCurrent=5184;832 step=3 time=9 phase=3393 channel=1 icon=231 
MoveObject: type=40 stepAdvance=1 stepRecede=1 timeStopStart=0 timeStopEnd=0 posStart=5058;1224 posEnd=5058;1224 posCurrent=5058;1224 step=1 time=0 phase=3393 channel=10 icon=191 
MoveObject: type=16 stepAdvance=30 stepRecede=30 timeStopStart=0 timeStopEnd=0 posStart=2432;1664 posEnd=2624;1664 posCurrent=2432;1664 step=2 time=0 phase=3393 channel=10 icon=77 
MoveObject: type=1 stepAdvance=10 stepRecede=10 timeStopStart=10 timeStopEnd=10 posStart=3328;1088 posEnd=3264;1088 posCurrent=3328;1088 step=1 time=5 phase=3393 channel=1 icon=361 
MoveObject: type=1 stepAdvance=10 stepRecede=10 timeStopStart=10 timeStopEnd=10 posStart=3200;960 posEnd=3264;960 posCurrent=3200;960 step=1 time=5 phase=3393 channel=1 icon=361 
MoveObject: type=1 stepAdvance=10 stepRecede=10 timeStopStart=10 timeStopEnd=10 posStart=3328;832 posEnd=3264;832 posCurrent=3328;832 step=1 time=5 phase=3393 channel=1 icon=361 
MoveObject: type=16 stepAdvance=20 stepRecede=20 timeStopStart=0 timeStopEnd=0 posStart=4096;1152 posEnd=4096;1280 posCurrent=4096;1177 step=2 time=4 phase=3393 channel=10 icon=77 
MoveObject: type=16 stepAdvance=30 stepRecede=30 timeStopStart=0 timeStopEnd=0 posStart=3456;512 posEnd=3648;512 posCurrent=3456;512 step=2 time=0 phase=3393 channel=10 icon=77 
MoveObject: type=16 stepAdvance=20 stepRecede=20 timeStopStart=0 timeStopEnd=0 posStart=3904;1152 posEnd=3904;1280 posCurrent=3904;1177 step=2 time=4 phase=3393 channel=10 icon=77 
MoveObject: type=51 stepAdvance=1 stepRecede=1 timeStopStart=0 timeStopEnd=0 posStart=6018;260 posEnd=6018;260 posCurrent=6018;260 step=1 time=0 phase=3393 channel=10 icon=227 
MoveObject: type=26 stepAdvance=1 stepRecede=1 timeStopStart=0 timeStopEnd=0 posStart=6146;1608 posEnd=6146;1608 posCurrent=6146;1608 step=1 time=0 phase=3393 channel=10 icon=136 
MoveObject: type=2 stepAdvance=1 stepRecede=1 timeStopStart=0 timeStopEnd=0 posStart=4610;1604 posEnd=4610;1604 posCurrent=4610;1604 step=1 time=0 phase=3393 channel=10 icon=16 
MoveObject: type=47 stepAdvance=10 stepRecede=10 timeStopStart=10 timeStopEnd=10 posStart=5760;896 posEnd=5760;896 posCurrent=5760;896 step=1 time=0 phase=3393 channel=1 icon=313 
MoveObject: type=47 stepAdvance=10 stepRecede=10 timeStopStart=10 timeStopEnd=10 posStart=5824;768 posEnd=5824;768 posCurrent=5824;768 step=1 time=0 phase=3393 channel=1 icon=313 
MoveObject: type=4 stepAdvance=30 stepRecede=30 timeStopStart=20 timeStopEnd=20 posStart=6016;3648 posEnd=5952;3648 posCurrent=5952;3648 step=3 time=13 phase=3393 channel=10 icon=60 
MoveObject: type=6 stepAdvance=1 stepRecede=1 timeStopStart=0 timeStopEnd=0 posStart=5058;72 posEnd=5058;72 posCurrent=5058;72 step=1 time=0 phase=3393 channel=10 icon=21 
MoveObject: type=6 stepAdvance=1 stepRecede=1 timeStopStart=0 timeStopEnd=0 posStart=5570;968 posEnd=5570;968 posCurrent=5570;968 step=1 time=0 phase=3393 channel=10 icon=21 
MoveObject: type=6 stepAdvance=1 stepRecede=1 timeStopStart=0 timeStopEnd=0 posStart=2818;712 posEnd=2818;712 posCurrent=2818;712 step=1 time=0 phase=3393 channel=10 icon=21 
MoveObject: type=2 stepAdvance=1 stepRecede=1 timeStopStart=0 timeStopEnd=0 posStart=3586;1604 posEnd=3586;1604 posCurrent=3586;1604 step=1 time=0 phase=3393 channel=10 icon=16 
MoveObject: type=3 stepAdvance=1 stepRecede=1 timeStopStart=0 timeStopEnd=0 posStart=2370;1472 posEnd=2370;1472 posCurrent=2370;1472 step=1 time=0 phase=3393 channel=10 icon=52 
MoveObject: type=16 stepAdvance=10 stepRecede=10 timeStopStart=0 timeStopEnd=0 posStart=3456;1024 posEnd=3456;1024 posCurrent=3456;1024 step=1 time=0 phase=3393 channel=10 icon=77 
MoveObject: type=6 stepAdvance=1 stepRecede=1 timeStopStart=0 timeStopEnd=0 posStart=3010;2120 posEnd=3010;2120 posCurrent=3010;2120 step=1 time=0 phase=3393 channel=10 icon=21 
MoveObject: type=6 stepAdvance=1 stepRecede=1 timeStopStart=0 timeStopEnd=0 posStart=3074;2120 posEnd=3074;2120 posCurrent=3074;2120 step=1 time=0 phase=3393 channel=10 icon=21 
MoveObject: type=6 stepAdvance=1 stepRecede=1 timeStopStart=0 timeStopEnd=0 posStart=3138;2120 posEnd=3138;2120 posCurrent=3138;2120 step=1 time=0 phase=3393 channel=10 icon=21 
MoveObject: type=6 stepAdvance=1 stepRecede=1 timeStopStart=0 timeStopEnd=0 posStart=3202;2120 posEnd=3202;2120 posCurrent=3202;2120 step=1 time=0 phase=3393 channel=10 icon=21 
MoveObject: type=6 stepAdvance=1 stepRecede=1 timeStopStart=0 timeStopEnd=0 posStart=1858;328 posEnd=1858;328 posCurrent=1858;328 step=1 time=0 phase=3393 channel=10 icon=21 
MoveObject: type=44 stepAdvance=18 stepRecede=18 timeStopStart=4 timeStopEnd=4 posStart=2624;1984 posEnd=2432;1984 posCurrent=2474;1984 step=4 time=4 phase=3393 channel=10 icon=201 
MoveObject: type=6 stepAdvance=1 stepRecede=1 timeStopStart=0 timeStopEnd=0 posStart=2818;264 posEnd=2818;264 posCurrent=2818;264 step=1 time=0 phase=3393 channel=10 icon=21 
MoveObject: type=16 stepAdvance=20 stepRecede=20 timeStopStart=0 timeStopEnd=0 posStart=1728;1536 posEnd=1600;1536 posCurrent=1703;1536 step=2 time=4 phase=3393 channel=10 icon=77 
MoveObject: type=16 stepAdvance=20 stepRecede=20 timeStopStart=0 timeStopEnd=0 posStart=1472;1536 posEnd=1344;1536 posCurrent=1447;1536 step=2 time=4 phase=3393 channel=10 icon=77 
MoveObject: type=54 stepAdvance=80 stepRecede=80 timeStopStart=200 timeStopEnd=200 posStart=896;1472 posEnd=640;1472 posCurrent=896;1472 step=1 time=9 phase=3393 channel=10 icon=243 
MoveObject: type=16 stepAdvance=20 stepRecede=20 timeStopStart=0 timeStopEnd=0 posStart=704;1088 posEnd=704;1216 posCurrent=704;1113 step=2 time=4 phase=3393 channel=10 icon=77 
MoveObject: type=16 stepAdvance=20 stepRecede=20 timeStopStart=0 timeStopEnd=0 posStart=640;1216 posEnd=640;1088 posCurrent=640;1191 step=2 time=4 phase=3393 channel=10 icon=77 
MoveObject: type=1 stepAdvance=30 stepRecede=30 timeStopStart=3 timeStopEnd=3 posStart=3584;1024 posEnd=3584;704 posCurrent=3584;715 step=2 time=29 phase=3393 channel=1 icon=361 
MoveObject: type=1 stepAdvance=10 stepRecede=10 timeStopStart=10 timeStopEnd=10 posStart=3264;704 posEnd=3200;704 posCurrent=3264;704 step=1 time=5 phase=3393 channel=1 icon=361 
MoveObject: type=6 stepAdvance=1 stepRecede=1 timeStopStart=0 timeStopEnd=0 posStart=3458;1096 posEnd=3458;1096 posCurrent=3458;1096 step=1 time=0 phase=3393 channel=10 icon=21 
MoveObject: type=6 stepAdvance=1 stepRecede=1 timeStopStart=0 timeStopEnd=0 posStart=3586;1096 posEnd=3586;1096 posCurrent=3586;1096 step=1 time=0 phase=3393 channel=10 icon=21 
MoveObject: type=50 stepAdvance=1 stepRecede=1 timeStopStart=0 timeStopEnd=0 posStart=3522;1092 posEnd=3522;1092 posCurrent=3522;1092 step=1 time=0 phase=3393 channel=10 icon=222 
MoveObject: type=16 stepAdvance=20 stepRecede=20 timeStopStart=0 timeStopEnd=0 posStart=576;1088 posEnd=576;1216 posCurrent=576;1113 step=2 time=4 phase=3393 channel=10 icon=77 
MoveObject: type=16 stepAdvance=20 stepRecede=20 timeStopStart=0 timeStopEnd=0 posStart=512;1216 posEnd=512;1088 posCurrent=512;1191 step=2 time=4 phase=3393 channel=10 icon=77 
MoveObject: type=1 stepAdvance=60 stepRecede=60 timeStopStart=3 timeStopEnd=3 posStart=256;2688 posEnd=896;2688 posCurrent=352;2688 step=2 time=9 phase=3393 channel=1 icon=361 
MoveObject: type=51 stepAdvance=1 stepRecede=1 timeStopStart=0 timeStopEnd=0 posStart=770;1220 posEnd=770;1220 posCurrent=770;1220 step=1 time=0 phase=3393 channel=10 icon=227 
MoveObject: type=54 stepAdvance=80 stepRecede=80 timeStopStart=200 timeStopEnd=200 posStart=320;1472 posEnd=576;1472 posCurrent=320;1472 step=1 time=9 phase=3393 channel=10 icon=243 
MoveObject: type=1 stepAdvance=110 stepRecede=110 timeStopStart=10 timeStopEnd=10 posStart=576;896 posEnd=576;192 posCurrent=576;755 step=4 time=88 phase=3393 channel=1 icon=397 
MoveObject: type=1 stepAdvance=110 stepRecede=110 timeStopStart=10 timeStopEnd=10 posStart=640;896 posEnd=640;192 posCurrent=640;755 step=4 time=88 phase=3393 channel=1 icon=397 
MoveObject: type=40 stepAdvance=1 stepRecede=1 timeStopStart=0 timeStopEnd=0 posStart=770;712 posEnd=770;712 posCurrent=770;712 step=1 time=0 phase=3393 channel=10 icon=191 
MoveObject: type=16 stepAdvance=10 stepRecede=10 timeStopStart=0 timeStopEnd=0 posStart=512;3136 posEnd=512;3136 posCurrent=512;3136 step=1 time=0 phase=3393 channel=10 icon=77 
MoveObject: type=1 stepAdvance=40 stepRecede=176 timeStopStart=2 timeStopEnd=2 posStart=2304;384 posEnd=2816;384 posCurrent=2688;384 step=2 time=30 phase=3393 channel=1 icon=262 
MoveObject: type=16 stepAdvance=10 stepRecede=10 timeStopStart=0 timeStopEnd=0 posStart=448;3136 posEnd=448;3136 posCurrent=448;3136 step=1 time=0 phase=3393 channel=10 icon=77 
MoveObject: type=16 stepAdvance=30 stepRecede=30 timeStopStart=0 timeStopEnd=0 posStart=1280;192 posEnd=1280;0 posCurrent=1280;192 step=2 time=0 phase=3393 channel=10 icon=77 
MoveObject: type=4 stepAdvance=240 stepRecede=240 timeStopStart=20 timeStopEnd=20 posStart=2752;128 posEnd=2240;128 posCurrent=2266;128 step=2 time=228 phase=3393 channel=10 icon=66 
MoveObject: type=51 stepAdvance=1 stepRecede=1 timeStopStart=0 timeStopEnd=0 posStart=2178;132 posEnd=2178;132 posCurrent=2178;132 step=1 time=0 phase=3393 channel=10 icon=227 
MoveObject: type=16 stepAdvance=50 stepRecede=50 timeStopStart=0 timeStopEnd=0 posStart=832;512 posEnd=1152;512 posCurrent=1076;512 step=4 time=12 phase=3393 channel=10 icon=77 
MoveObject: type=16 stepAdvance=50 stepRecede=50 timeStopStart=0 timeStopEnd=0 posStart=1216;512 posEnd=1536;512 posCurrent=1460;512 step=4 time=12 phase=3393 channel=10 icon=77 
MoveObject: type=16 stepAdvance=30 stepRecede=30 timeStopStart=0 timeStopEnd=0 posStart=1408;192 posEnd=1408;0 posCurrent=1408;192 step=2 time=0 phase=3393 channel=10 icon=77 
MoveObject: type=16 stepAdvance=30 stepRecede=30 timeStopStart=0 timeStopEnd=0 posStart=1536;192 posEnd=1536;0 posCurrent=1536;192 step=2 time=0 phase=3393 channel=10 icon=77 
MoveObject: type=16 stepAdvance=10 stepRecede=10 timeStopStart=0 timeStopEnd=0 posStart=576;3136 posEnd=576;3136 posCurrent=576;3136 step=1 time=0 phase=3393 channel=10 icon=77 
MoveObject: type=16 stepAdvance=10 stepRecede=10 timeStopStart=0 timeStopEnd=0 posStart=512;3072 posEnd=512;3072 posCurrent=512;3072 step=1 time=0 phase=3393 channel=10 icon=77 
MoveObject: type=20 stepAdvance=104 stepRecede=104 timeStopStart=8 timeStopEnd=8 posStart=1664;640 posEnd=832;640 posCurrent=1456;640 step=4 time=78 phase=3393 channel=10 icon=96 
MoveObject: type=6 stepAdvance=1 stepRecede=1 timeStopStart=0 timeStopEnd=0 posStart=1730;2888 posEnd=1730;2888 posCurrent=1730;2888 step=1 time=0 phase=3393 channel=10 icon=21 
MoveObject: type=6 stepAdvance=1 stepRecede=1 timeStopStart=0 timeStopEnd=0 posStart=1090;136 posEnd=1090;136 posCurrent=1090;136 step=1 time=0 phase=3393 channel=10 icon=21 
MoveObject: type=50 stepAdvance=1 stepRecede=1 timeStopStart=0 timeStopEnd=0 posStart=962;132 posEnd=962;132 posCurrent=962;132 step=1 time=0 phase=3393 channel=10 icon=222 
MoveObject: type=6 stepAdvance=1 stepRecede=1 timeStopStart=0 timeStopEnd=0 posStart=2178;2568 posEnd=2178;2568 posCurrent=2178;2568 step=1 time=0 phase=3393 channel=10 icon=21 
MoveObject: type=49 stepAdvance=1 stepRecede=1 timeStopStart=0 timeStopEnd=0 posStart=1602;324 posEnd=1602;324 posCurrent=1602;324 step=1 time=0 phase=3393 channel=10 icon=211 
MoveObject: type=1 stepAdvance=6 stepRecede=6 timeStopStart=3 timeStopEnd=3 posStart=320;384 posEnd=320;320 posCurrent=320;374 step=2 time=1 phase=3393 channel=1 icon=397 
MoveObject: type=1 stepAdvance=6 stepRecede=6 timeStopStart=3 timeStopEnd=3 posStart=192;384 posEnd=192;320 posCurrent=192;374 step=2 time=1 phase=3393 channel=1 icon=397 
MoveObject: type=1 stepAdvance=48 stepRecede=48 timeStopStart=3 timeStopEnd=3 posStart=2752;192 posEnd=2240;192 posCurrent=2752;192 step=1 time=1 phase=3393 channel=1 icon=262 
MoveObject: type=4 stepAdvance=90 stepRecede=90 timeStopStart=20 timeStopEnd=20 posStart=1536;320 posEnd=1344;320 posCurrent=1511;320 step=2 time=12 phase=3393 channel=10 icon=66 
MoveObject: type=20 stepAdvance=32 stepRecede=32 timeStopStart=8 timeStopEnd=8 posStart=384;448 posEnd=128;512 posCurrent=192;496 step=2 time=24 phase=3393 channel=10 icon=98 
MoveObject: type=6 stepAdvance=1 stepRecede=1 timeStopStart=0 timeStopEnd=0 posStart=66;520 posEnd=66;520 posCurrent=66;520 step=1 time=0 phase=3393 channel=10 icon=21 
MoveObject: type=1 stepAdvance=30 stepRecede=30 timeStopStart=3 timeStopEnd=3 posStart=256;2048 posEnd=576;2048 posCurrent=565;2048 step=2 time=29 phase=3393 channel=1 icon=361 
MoveObject: type=16 stepAdvance=40 stepRecede=40 timeStopStart=0 timeStopEnd=0 posStart=5760;3904 posEnd=6016;3904 posCurrent=5964;3904 step=2 time=32 phase=3393 channel=10 icon=77 
MoveObject: type=6 stepAdvance=1 stepRecede=1 timeStopStart=0 timeStopEnd=0 posStart=2242;2568 posEnd=2242;2568 posCurrent=2242;2568 step=1 time=0 phase=3393 channel=10 icon=21 
MoveObject: type=20 stepAdvance=16 stepRecede=16 timeStopStart=8 timeStopEnd=8 posStart=2752;2816 posEnd=2880;2816 posCurrent=2784;2816 step=2 time=4 phase=3393 channel=10 icon=94 
MoveObject: type=6 stepAdvance=1 stepRecede=1 timeStopStart=0 timeStopEnd=0 posStart=66;3144 posEnd=66;3144 posCurrent=66;3144 step=1 time=0 phase=3393 channel=10 icon=21 
MoveObject: type=20 stepAdvance=16 stepRecede=16 timeStopStart=8 timeStopEnd=8 posStart=2752;2752 posEnd=2880;2752 posCurrent=2784;2752 step=2 time=4 phase=3393 channel=10 icon=94 
MoveObject: type=6 stepAdvance=1 stepRecede=1 timeStopStart=0 timeStopEnd=0 posStart=1666;136 posEnd=1666;136 posCurrent=1666;136 step=1 time=0 phase=3393 channel=10 icon=21 
MoveObject: type=1 stepAdvance=24 stepRecede=24 timeStopStart=3 timeStopEnd=3 posStart=1536;2624 posEnd=1536;2880 posCurrent=1536;2880 step=3 time=0 phase=3393 channel=1 icon=157 
MoveObject: type=6 stepAdvance=1 stepRecede=1 timeStopStart=0 timeStopEnd=0 posStart=1858;2248 posEnd=1858;2248 posCurrent=1858;2248 step=1 time=0 phase=3393 channel=10 icon=21 
MoveObject: type=6 stepAdvance=1 stepRecede=1 timeStopStart=0 timeStopEnd=0 posStart=1794;2248 posEnd=1794;2248 posCurrent=1794;2248 step=1 time=0 phase=3393 channel=10 icon=21 
MoveObject: type=6 stepAdvance=1 stepRecede=1 timeStopStart=0 timeStopEnd=0 posStart=1730;2248 posEnd=1730;2248 posCurrent=1730;2248 step=1 time=0 phase=3393 channel=10 icon=21 
MoveObject: type=20 stepAdvance=24 stepRecede=24 timeStopStart=8 timeStopEnd=8 posStart=1920;2624 posEnd=1728;2624 posCurrent=1872;2624 step=4 time=18 phase=3393 channel=10 icon=92 
MoveObject: type=20 stepAdvance=8 stepRecede=8 timeStopStart=8 timeStopEnd=8 posStart=2944;2624 posEnd=3008;2624 posCurrent=2944;2624 step=2 time=0 phase=3393 channel=10 icon=90 
MoveObject: type=20 stepAdvance=32 stepRecede=32 timeStopStart=8 timeStopEnd=8 posStart=2368;2624 posEnd=2624;2624 posCurrent=2560;2624 step=2 time=24 phase=3393 channel=10 icon=90 
MoveObject: type=20 stepAdvance=8 stepRecede=8 timeStopStart=8 timeStopEnd=8 posStart=3136;2624 posEnd=3072;2624 posCurrent=3136;2624 step=2 time=0 phase=3393 channel=10 icon=98 
MoveObject: type=6 stepAdvance=1 stepRecede=1 timeStopStart=0 timeStopEnd=0 posStart=5506;3720 posEnd=5506;3720 posCurrent=5506;3720 step=1 time=0 phase=3393 channel=10 icon=21 
MoveObject: type=6 stepAdvance=1 stepRecede=1 timeStopStart=0 timeStopEnd=0 posStart=6210;3912 posEnd=6210;3912 posCurrent=6210;3912 step=1 time=0 phase=3393 channel=10 icon=21 
MoveObject: type=6 stepAdvance=1 stepRecede=1 timeStopStart=0 timeStopEnd=0 posStart=2114;3848 posEnd=2114;3848 posCurrent=2114;3848 step=1 time=0 phase=3393 channel=10 icon=21 
MoveObject: type=6 stepAdvance=1 stepRecede=1 timeStopStart=0 timeStopEnd=0 posStart=2370;3848 posEnd=2370;3848 posCurrent=2370;3848 step=1 time=0 phase=3393 channel=10 icon=21 
MoveObject: type=6 stepAdvance=1 stepRecede=1 timeStopStart=0 timeStopEnd=0 posStart=2114;4552 posEnd=2114;4552 posCurrent=2114;4552 step=1 time=0 phase=3393 channel=10 icon=21 
MoveObject: type=20 stepAdvance=16 stepRecede=16 timeStopStart=8 timeStopEnd=8 posStart=3200;2752 posEnd=3328;2816 posCurrent=3232;2768 step=2 time=4 phase=3393 channel=10 icon=94 
MoveObject: type=1 stepAdvance=40 stepRecede=40 timeStopStart=20 timeStopEnd=20 posStart=4352;2944 posEnd=4480;2944 posCurrent=4428;2944 step=2 time=24 phase=3393 channel=1 icon=90 
MoveObject: type=1 stepAdvance=40 stepRecede=40 timeStopStart=20 timeStopEnd=20 posStart=4416;2944 posEnd=4544;2944 posCurrent=4492;2944 step=2 time=24 phase=3393 channel=1 icon=87 
MoveObject: type=16 stepAdvance=20 stepRecede=20 timeStopStart=0 timeStopEnd=0 posStart=4608;2752 posEnd=4608;2880 posCurrent=4608;2777 step=2 time=4 phase=3393 channel=10 icon=77 
MoveObject: type=16 stepAdvance=20 stepRecede=20 timeStopStart=0 timeStopEnd=0 posStart=4736;2880 posEnd=4736;3008 posCurrent=4736;2905 step=2 time=4 phase=3393 channel=10 icon=77 
MoveObject: type=16 stepAdvance=20 stepRecede=20 timeStopStart=0 timeStopEnd=0 posStart=4864;2880 posEnd=4864;3008 posCurrent=4864;2905 step=2 time=4 phase=3393 channel=10 icon=77 
MoveObject: type=16 stepAdvance=20 stepRecede=20 timeStopStart=0 timeStopEnd=0 posStart=4992;2880 posEnd=4992;2752 posCurrent=4992;2855 step=2 time=4 phase=3393 channel=10 icon=77 
MoveObject: type=4 stepAdvance=30 stepRecede=30 timeStopStart=20 timeStopEnd=20 posStart=6208;3648 posEnd=6144;3648 posCurrent=6144;3648 step=3 time=13 phase=3393 channel=10 icon=60 
MoveObject: type=4 stepAdvance=30 stepRecede=30 timeStopStart=20 timeStopEnd=20 posStart=5824;3648 posEnd=5760;3648 posCurrent=5760;3648 step=3 time=13 phase=3393 channel=10 icon=60 
MoveObject: type=13 stepAdvance=1 stepRecede=1 timeStopStart=0 timeStopEnd=0 posStart=4482;3524 posEnd=4482;3524 posCurrent=4482;3524 step=1 time=0 phase=3393 channel=10 icon=68 
MoveObject: type=13 stepAdvance=1 stepRecede=1 timeStopStart=0 timeStopEnd=0 posStart=4546;3524 posEnd=4546;3524 posCurrent=4546;3524 step=1 time=0 phase=3393 channel=10 icon=68 
MoveObject: type=13 stepAdvance=1 stepRecede=1 timeStopStart=0 timeStopEnd=0 posStart=2818;3652 posEnd=2818;3652 posCurrent=2818;3652 step=1 time=0 phase=3393 channel=10 icon=68 
MoveObject: type=13 stepAdvance=1 stepRecede=1 timeStopStart=0 timeStopEnd=0 posStart=2882;3652 posEnd=2882;3652 posCurrent=2882;3652 step=1 time=0 phase=3393 channel=10 icon=68 
MoveObject: type=13 stepAdvance=1 stepRecede=1 timeStopStart=0 timeStopEnd=0 posStart=4418;4484 posEnd=4418;4484 posCurrent=4418;4484 step=1 time=0 phase=3393 channel=10 icon=68 
MoveObject: type=13 stepAdvance=1 stepRecede=1 timeStopStart=0 timeStopEnd=0 posStart=4482;4484 posEnd=4482;4484 posCurrent=4482;4484 step=1 time=0 phase=3393 channel=10 icon=68 
MoveObject: type=54 stepAdvance=20 stepRecede=20 timeStopStart=200 timeStopEnd=200 posStart=2752;3904 posEnd=2816;3904 posCurrent=2816;3904 step=3 time=63 phase=3393 channel=10 icon=242 
MoveObject: type=54 stepAdvance=20 stepRecede=20 timeStopStart=200 timeStopEnd=200 posStart=3456;3712 posEnd=3392;3712 posCurrent=3392;3712 step=3 time=63 phase=3393 channel=10 icon=242 
MoveObject: type=54 stepAdvance=40 stepRecede=40 timeStopStart=200 timeStopEnd=200 posStart=4672;4096 posEnd=4544;4096 posCurrent=4672;4096 step=1 time=5 phase=3393 channel=10 icon=244 
MoveObject: type=13 stepAdvance=1 stepRecede=1 timeStopStart=0 timeStopEnd=0 posStart=1922;3652 posEnd=1922;3652 posCurrent=1922;3652 step=1 time=0 phase=3393 channel=10 icon=68 
MoveObject: type=13 stepAdvance=1 stepRecede=1 timeStopStart=0 timeStopEnd=0 posStart=1282;3652 posEnd=1282;3652 posCurrent=1282;3652 step=1 time=0 phase=3393 channel=10 icon=68 
MoveObject: type=13 stepAdvance=1 stepRecede=1 timeStopStart=0 timeStopEnd=0 posStart=1346;3652 posEnd=1346;3652 posCurrent=1346;3652 step=1 time=0 phase=3393 channel=10 icon=68 
MoveObject: type=13 stepAdvance=1 stepRecede=1 timeStopStart=0 timeStopEnd=0 posStart=1858;3652 posEnd=1858;3652 posCurrent=1858;3652 step=1 time=0 phase=3393 channel=10 icon=68 
MoveObject: type=13 stepAdvance=1 stepRecede=1 timeStopStart=0 timeStopEnd=0 posStart=1730;3652 posEnd=1730;3652 posCurrent=1730;3652 step=1 time=0 phase=3393 channel=10 icon=68 
MoveObject: type=13 stepAdvance=1 stepRecede=1 timeStopStart=0 timeStopEnd=0 posStart=1602;3652 posEnd=1602;3652 posCurrent=1602;3652 step=1 time=0 phase=3393 channel=10 icon=68 
MoveObject: type=13 stepAdvance=1 stepRecede=1 timeStopStart=0 timeStopEnd=0 posStart=1474;3652 posEnd=1474;3652 posCurrent=1474;3652 step=1 time=0 phase=3393 channel=10 icon=68 
MoveObject: type=54 stepAdvance=40 stepRecede=40 timeStopStart=200 timeStopEnd=200 posStart=2176;4800 posEnd=2304;4800 posCurrent=2176;4800 step=1 time=5 phase=3393 channel=10 icon=244 
MoveObject: type=13 stepAdvance=1 stepRecede=1 timeStopStart=0 timeStopEnd=0 posStart=1538;4612 posEnd=1538;4612 posCurrent=1538;4612 step=1 time=0 phase=3393 channel=10 icon=68 
MoveObject: type=13 stepAdvance=1 stepRecede=1 timeStopStart=0 timeStopEnd=0 posStart=1602;4612 posEnd=1602;4612 posCurrent=1602;4612 step=1 time=0 phase=3393 channel=10 icon=68 
MoveObject: type=13 stepAdvance=1 stepRecede=1 timeStopStart=0 timeStopEnd=0 posStart=2242;4356 posEnd=2242;4356 posCurrent=2242;4356 step=1 time=0 phase=3393 channel=10 icon=68 
MoveObject: type=13 stepAdvance=1 stepRecede=1 timeStopStart=0 timeStopEnd=0 posStart=2370;4292 posEnd=2370;4292 posCurrent=2370;4292 step=1 time=0 phase=3393 channel=10 icon=68 
MoveObject: type=13 stepAdvance=1 stepRecede=1 timeStopStart=0 timeStopEnd=0 posStart=2242;4100 posEnd=2242;4100 posCurrent=2242;4100 step=1 time=0 phase=3393 channel=10 icon=68 
MoveObject: type=13 stepAdvance=1 stepRecede=1 timeStopStart=0 timeStopEnd=0 posStart=2818;4100 posEnd=2818;4100 posCurrent=2818;4100 step=1 time=0 phase=3393 channel=10 icon=68 
MoveObject: type=13 stepAdvance=1 stepRecede=1 timeStopStart=0 timeStopEnd=0 posStart=1794;4036 posEnd=1794;4036 posCurrent=1794;4036 step=1 time=0 phase=3393 channel=10 icon=68 
MoveObject: type=16 stepAdvance=20 stepRecede=20 timeStopStart=0 timeStopEnd=0 posStart=5056;5952 posEnd=5184;5952 posCurrent=5081;5952 step=2 time=4 phase=3393 channel=10 icon=77 
MoveObject: type=16 stepAdvance=20 stepRecede=20 timeStopStart=0 timeStopEnd=0 posStart=5824;5824 posEnd=5952;5824 posCurrent=5849;5824 step=2 time=4 phase=3393 channel=10 icon=77 
MoveObject: type=16 stepAdvance=20 stepRecede=20 timeStopStart=0 timeStopEnd=0 posStart=6208;5504 posEnd=6080;5504 posCurrent=6183;5504 step=2 time=4 phase=3393 channel=10 icon=77 
MoveObject: type=16 stepAdvance=30 stepRecede=30 timeStopStart=0 timeStopEnd=0 posStart=6080;5952 posEnd=6080;6144 posCurrent=6080;5952 step=2 time=0 phase=3393 channel=10 icon=77 
MoveObject: type=16 stepAdvance=20 stepRecede=20 timeStopStart=0 timeStopEnd=0 posStart=5376;5888 posEnd=5504;5888 posCurrent=5401;5888 step=2 time=4 phase=3393 channel=10 icon=77 
MoveObject: type=1 stepAdvance=20 stepRecede=20 timeStopStart=20 timeStopEnd=20 posStart=1088;5632 posEnd=1024;5632 posCurrent=1050;5632 step=2 time=12 phase=3393 channel=1 icon=231 
MoveObject: type=1 stepAdvance=20 stepRecede=20 timeStopStart=20 timeStopEnd=20 posStart=832;5632 posEnd=896;5632 posCurrent=870;5632 step=2 time=12 phase=3393 channel=1 icon=231 
MoveObject: type=7 stepAdvance=1 stepRecede=1 timeStopStart=0 timeStopEnd=0 posStart=898;3908 posEnd=898;3908 posCurrent=898;3908 step=1 time=0 phase=3393 channel=10 icon=31 
MoveObject: type=50 stepAdvance=1 stepRecede=1 timeStopStart=0 timeStopEnd=0 posStart=130;3780 posEnd=130;3780 posCurrent=130;3780 step=1 time=0 phase=3393 channel=10 icon=222 
MoveObject: type=1 stepAdvance=10 stepRecede=10 timeStopStart=10 timeStopEnd=10 posStart=3328;576 posEnd=3264;576 posCurrent=3328;576 step=1 time=5 phase=3393 channel=1 icon=361 
MoveObject: type=1 stepAdvance=10 stepRecede=10 timeStopStart=10 timeStopEnd=10 posStart=3200;448 posEnd=3264;448 posCurrent=3200;448 step=1 time=5 phase=3393 channel=1 icon=361 
MoveObject: type=1 stepAdvance=10 stepRecede=10 timeStopStart=10 timeStopEnd=10 posStart=3328;320 posEnd=3264;320 posCurrent=3328;320 step=1 time=5 phase=3393 channel=1 icon=361 
MoveObject: type=6 stepAdvance=1 stepRecede=1 timeStopStart=0 timeStopEnd=0 posStart=6146;6152 posEnd=6146;6152 posCurrent=6146;6152 step=1 time=0 phase=3393 channel=10 icon=21 
MoveObject: type=13 stepAdvance=1 stepRecede=1 timeStopStart=0 timeStopEnd=0 posStart=1090;3972 posEnd=1090;3972 posCurrent=1090;3972 step=1 time=0 phase=3393 channel=10 icon=68 
MoveObject: type=13 stepAdvance=1 stepRecede=1 timeStopStart=0 timeStopEnd=0 posStart=1154;3972 posEnd=1154;3972 posCurrent=1154;3972 step=1 time=0 phase=3393 channel=10 icon=68 
MoveObject: type=16 stepAdvance=30 stepRecede=30 timeStopStart=0 timeStopEnd=0 posStart=3456;256 posEnd=3648;256 posCurrent=3456;256 step=2 time=0 phase=3393 channel=10 icon=77 
MoveObject: type=6 stepAdvance=1 stepRecede=1 timeStopStart=0 timeStopEnd=0 posStart=5314;968 posEnd=5314;968 posCurrent=5314;968 step=1 time=0 phase=3393 channel=10 icon=21 
MoveObject: type=16 stepAdvance=10 stepRecede=10 timeStopStart=0 timeStopEnd=0 posStart=6016;4160 posEnd=6016;4160 posCurrent=6016;4160 step=1 time=0 phase=3393 channel=10 icon=77 
MoveObject: type=3 stepAdvance=1 stepRecede=1 timeStopStart=0 timeStopEnd=0 posStart=5250;4096 posEnd=5250;4096 posCurrent=5250;4096 step=1 time=0 phase=3393 channel=10 icon=52 
MoveObject: type=6 stepAdvance=1 stepRecede=1 timeStopStart=0 timeStopEnd=0 posStart=4482;3848 posEnd=4482;3848 posCurrent=4482;3848 step=1 time=0 phase=3393 channel=10 icon=21 
MoveObject: type=16 stepAdvance=10 stepRecede=10 timeStopStart=0 timeStopEnd=0 posStart=5888;4160 posEnd=5888;4160 posCurrent=5888;4160 step=1 time=0 phase=3393 channel=10 icon=77 
MoveObject: type=16 stepAdvance=10 stepRecede=10 timeStopStart=0 timeStopEnd=0 posStart=5504;4160 posEnd=5504;4160 posCurrent=5504;4160 step=1 time=0 phase=3393 channel=10 icon=77 
MoveObject: type=6 stepAdvance=1 stepRecede=1 timeStopStart=0 timeStopEnd=0 posStart=2306;6024 posEnd=2306;6024 posCurrent=2306;6024 step=1 time=0 phase=3393 channel=10 icon=21 
MoveObject: type=6 stepAdvance=1 stepRecede=1 timeStopStart=0 timeStopEnd=0 posStart=2562;5256 posEnd=2562;5256 posCurrent=2562;5256 step=1 time=0 phase=3393 channel=10 icon=21 
