DescFile: posDecor=82;5920 dimDecor=100;100 world=0 music=4 region=26 blupiPos=386;6214 blupiDir=2 
Decor: 
,,,,,,,,,,,,,,,,,,,,,,,,,,,,,,,,,,,,,,,,,,,,,,,,,,,,,,,,,,,,,,,,,,,,,,,,,,,,,,,,,,,84,201,201,201,201,201,201,201,201,201,201,201,201,201,201,79,83
,,,,,,,,,,,,,,,,,,,,,,,,,,,,,,,,,,,,,,,,,,,,,,,,,,,,,,,,,,,,,,,,,,,,,,,,,,,,,,,,,,,80,201,201,201,201,201,201,201,201,201,201,201,201,201,201,78,78
,,,,,,,,,,,,,,,,,,,,,,,,,,,,,,,,,,,,,,,,,,,,,,,,,,,,,,,,,,,,,,,,,,,,,,,,,,,,,,,,,,,82,201,201,201,201,201,201,201,201,201,201,201,201,201,201,81,80
,,,,,,,,,,,,,,,,,,,,,,,,,,,,,,,,,,,,,,,,,,,,,,,,,,,,,,,,,,,,,,,,,,,,,,,,,,,,,,,,,,,79,82,78,78,81,81,81,78,81,79,80,79,79,82,81,80,80
,,,,,,,,,,,,,,,,,,,,,,,,,,,,,,,,,,,,,,,,,,,,,,,,,,,,,,,,,,,,,,,,,,,,,,,,,,,,,,,,,,,63,63,63,63,81,82,81,79,86,84,82,84,78,78,200,80,81
,,,,,,,,,,,,,,,,,,,,,,,,,,,,,,,,,,,,,,,,,,,,,,,,,,,,,,,,,,,,,,,,,,,,,,,,,,,,,,,,,,,,,,,63,63,63,63,63,79,63,63,63,87,,84,81
,,,,,,,,,,,,,,,,,,,,,,,,,,,,,,,,,,,,,,,,,,,,,,,,,,,,,,,,,,,,,,,,,,,,,,,,,,,,,,,,,,,,,,,,,,,,88,,,,,,78,82
,,,,,,,,,,,,,,,,,,,,,,,,,,,,,,,,,,,,,,,,,,,,,,,,,,,,,,,,,,,,,,,,,,,,,,,,,,,,,,,,,,,,,,,,,,,,,,,,,,83,83
,,,,,,,,,,,,,,,,,,,,,,,,,,,,,,,,,,,,,,,,,,,,,,,,,,,,,,,,,,,,,,,,,,,,,,,,,,,,,,,,,,,,,,,,,,,,,,,,89,,84,81
,,,,,,,,,,,,,,,,,,,,,,,,,,,,,,,,,,,,,,,,,,,,,,,,,,,,,,,,,,,,,,,,,,,,,,,,,,,,,,,,,,,,,,,,,,,,90,,64,,83,200,79,83
,,,,,,,,,,,,,,,,,,,,,,,,,,,,,,,,,,,,,,,,,,,,,,,,,,,,,,,,,,,,,,,,,,,,,,,,,,,,,,,,,,,,,,,,,,,,201,200,78,200,84,,84,78
,,,,,,,,,,,,,,,,,,,,,,,,,,,,,,,,,,,,,,,,,,,,,,,,,,,,,,,,,,,,,,,,,,,,,,,,,,,,,,,,,,,,,,,,,,,,201,200,78,200,84,,78,84
,,,,,,,,,,,,,,,,,,,,,,,,,,,,,,,,,,,,,,,,,,,,,,,,,,,,,,,,,,,,,,,,,,,,,,,,,,,,,,,,,,,,,,,,,,,,87,,63,,79,200,82,83
,,,,,,,,,,,,,,,,,,,,,,,,,,,,,,,,,,,,,,,,,,,,,,,,,,,,,,,,,,,,,,,,,,,,,,,,,,,,,,,,,,,,,,,,,,,,,,,,87,,79,83
,,,,,,,,,,,,,,,,,,,,,,,,,,,,,,,,,,,,,,,,,,,,,,,,,,,,,,,,,,,,,,,,,,,,,,,,,,,,,,,,,,,,,,,,,,,,,,,,,,81,79
,,,,,,,,,,,,,,,,,,,,,,,,,,,,,,,,,,,,,,,,,,,,,,,,,,,,,,,,,,,,,,,,,,,,,,,,,,,,,,,,,,,,,,,,,,,,89,,,,,,81,82
,,,,,,,,,,,,,,,,,,,,,,,,,,,,,,,,,,,,,,,,,,,,,,,,,,,,,,,,,,,,,,,,,,,,,,,,,,,,,,,,,,,,,,,64,64,64,64,64,79,64,64,64,89,,82,81
,,,,,,,,,,,,,,,,,,,,,,,,,,,,,,,,,,,,,,,,,,,,,,,,,,,,,,,,,,,,,,,,,,,,,,,,,,,,,,,,,,,64,64,64,64,81,80,83,79,86,79,81,81,79,83,200,78,81
,,,,,,,,,,,,,,,,,,,,,,,,,,,,,,,,,,,,,,,,,,,,,,,,,,,,,,,,,,,,,,,,,,,,,,,,,,,,,,,,,,,78,82,83,82,78,79,80,79,86,83,79,79,80,81,79,82,78
,,,,,,,,,,,,,,,,,,,,,,,,,,,,,,,,,,,,,,,,,,,,,,,,,,,,,,,,,,,,,,,,,,,,,,,,,,,,,,,89,,90,,80,201,201,201,201,201,201,201,201,201,201,201,201,201,79,83,83
,,,,,,,,,,,,,,,,,,,,,,,,,,,,,,,,,,,,,,,,,,,,,,,,,,,,,,,,,,,,,,,,,,,,90,,,,,89,,,,,201,79,201,79,201,81,201,201,201,201,201,201,201,201,201,201,201,201,201,79,82,84
,,,,,,,,,,,,,,,,,,,,,,,,,,,,,,,,,,,,,,,,,,,,,,,,,,,,,,,,,,,,,,,,,,,,201,,,,,201,,,,,201,79,201,79,201,83,201,201,201,201,201,201,201,201,201,201,201,201,201,79,81,80
,,,,,,,,,,,,,,,,,,,,,,,,,,,,,,,,,,,,,,,,,,,,,,,,,,,,,,,,,,,,,,,,89,,,,201,,,,,201,201,201,201,79,201,201,201,79,201,83,83,84,78,78,79,79,84,81,84,78,81,80,82,81,81,84
,,,,,,,,,,,,,,,,,,,,,,,,,,,,,,,,,,,,,,,,,,,,,,,,,,,,,,,,,,90,,,,,,201,,,,201,84,201,201,201,80,201,201,201,80,201,201,201,201,201,82,83,81,83,82,79,84,83,85,78,80,79,83,79,81,83,80
,,,,,,,,,,,,,,,,,,,,,,,,,,,,,,,,,,,,,,,,,,,,,,,,,,,,,,,,,,201,,,,,,201,201,201,82,201,201,201,83,201,201,201,80,201,201,201,201,201,201,201,84,82,82,82,80,81,84,83,79,82,81,82,82,79,81,80,83
,,,,,,,,,,,,,,,,,,,,,,,,,,,,,,,,,,,,,,,,,,,,,,,,,,,,89,,,,89,,201,201,84,201,201,201,81,201,201,201,201,201,201,80,201,201,201,201,201,201,201,201,201,201,201,83,78,80,82,80,82,80,82,82,78,79,81,83,78,79,80,82
,,,,,,,,,,,,,,,,,,,,,,,,,,,,,,,,,,,,,,,,,,,,,,,,,,,,201,201,80,201,84,201,80,201,201,201,80,201,201,201,201,80,201,201,201,201,201,201,201,201,201,201,201,201,201,201,201,83,78,82,84,81,82,78,78,82,84,83,80,78,81,79,79,82
,,,,,,,,,,,,,,,,,,,,,,,,,,,,,,,,,,,,,,,,,,,,,,,,,,,,79,201,201,201,80,201,81,201,201,201,78,201,201,80,201,201,201,80,201,201,201,201,201,201,201,201,201,201,201,201,201,81,80,79,79,78,79,81,80,81,81,82,78,78,82,79,81,80
,,,,,,,,,,,,,,,,,,,,,,,,,,,,,,,,,,,,,,,,,,,,,,,,,,,,79,82,80,83,84,83,80,79,84,78,81,78,79,80,78,79,78,84,84,80,82,81,79,80,79,80,81,79,80,83,84,83,83,84,78,78,78,78,81,83,84,81,79,83,79,82,84,82
,,,,,,,,,,,,,,,,,,,,,,,,,,,,,,,,,,,,,,,,,,,,,,,89,,,,,83,83,83,79,84,79,79,84,81,84,79,83,79,83,83,79,81,78,80,78,83,83,80,78,80,84,80,82,80,79,84,80,79,78,79,79,78,82,84,80,80,78,78,79,80,82,82,78
,,,,,,,,,,,,,,,,,,,,,,,,,,,,,,,,,,,,,,,,,,89,,,,,201,201,201,201,201,84,83,84,80,78,84,80,80,81,83,79,83,78,82,80,80,79,79,80,81,84,82,84,81,80,84,79,78,79,78,84,80,79,80,81,80,79,82,82,79,80,81,78,79,82,84,83,79
,,,,,,,,,,,,,,,,,,,,,,,,,,,,,,,,,,,,,89,,,,,201,201,201,201,201,82,,,,,79,78,80,84,78,82,81,81,82,78,80,78,83,84,84,83,83,81,84,80,80,78,80,78,81,80,79,78,84,79,84,78,83,80,83,84,78,84,80,80,82,83,82,81,84,78,81,81
,,,,,,,,,,,,,,,,,,,,,,,,,,,,,,,,89,,,,,201,201,201,201,201,78,,,,,84,,,,,79,82,79,81,83,84,79,81,78,83,81,79,78,83,83,84,79,80,82,78,81,81,82,78,81,84,83,78,81,78,82,79,81,82,84,80,82,83,81,83,83,82,84,82,81,83,81,82
,,,,,,,,,,,,,,,89,,,,,,,,,,,,89,,,,,201,201,201,201,201,84,,,,,84,,,,,81,64,,,64,83,79,81,79,80,84,80,80,83,78,78,80,81,82,82,82,80,80,83,83,80,82,79,81,83,82,79,84,81,79,80,78,79,81,81,82,84,79,83,83,79,83,79,84,81,82,82,81
,,,,,,,,,,,,,,,82,90,,,,,,89,,,,,201,201,201,201,201,81,,,,,81,,,,,79,,,,,80,78,,,79,78,81,81,84,83,79,83,82,82,78,84,81,79,82,82,83,80,81,80,81,84,79,78,78,81,79,83,78,84,83,84,80,79,82,80,84,81,83,81,78,82,81,78,81,84,82,81,83
,,,,,,,,,,,,,,,80,80,89,,,,,201,201,201,201,201,83,,,,,79,,,,,81,,,,,80,,,,,81,82,,,82,79,78,80,78,80,80,82,,,,,,,,,,,,,,,,,,,,,,,,,80,82,82,83,83,82,80,80,83,82,84,78,83,81,80,84,81
,,,,,,,,,,,,,,,79,83,84,201,201,201,201,79,,,,,83,,,,,83,64,,,64,79,,,,,80,,,,,78,83,,,82,82,83,82,78,84,84,81,,,,,,,,,,,,,,,,,,,,,,,,,79,82,81,78,78,83,78,81,82,79,81,79,84,80,82,81,79
,,,,,,,,,,,,,,,82,84,80,83,84,,,78,,,,,83,,,,,79,84,,,84,82,64,64,,,80,,,,,79,82,,,79,83,78,82,80,82,83,81,,,,,,,,,,,,,,,,,,,,,,,,,83,80,80,78,83,82,81,82,79,81,84,82,84,83,81,80,83
,,,,,,,,,,,,,,,82,78,79,63,63,,,78,,,,,81,,,,,82,63,,,63,84,81,80,,,78,,,,,84,63,,,63,78,80,78,80,78,78,81,,,,,,,,,,,,,,,,,,,,,,,,,78,81,80,84,84,80,83,79,82,80,83,83,83,84,81,82,84
,,,,,,,,,,,,,,,84,84,81,,,,,82,,,,,81,,,,,82,,,,,81,79,84,,,78,,,,,83,,,,,83,80,78,80,81,83,79,,,,,,,,,,,,,,,,,,,,,,,,,78,83,82,83,81,84,81,80,80,81,81,82,78,78,79,83,82
,,,,,,,,,,,,,,,83,80,79,,,,,82,,,,,78,,,,,84,,,,,79,81,84,,,79,,,,,84,,,,,82,84,79,82,78,83,79,,,,,,,,,,,,,,,,,,,,,,,,,80,81,79,82,84,78,79,81,82,79,84,78,80,82,81,80,84
,,,,,,,,,,,,,,,78,82,84,,,,64,84,,,,,81,,,,,80,,,,,80,84,80,,,84,,,,,83,,,,,79,82,83,78,82,82,83,,,,,,,,,,,,,,,,,,,,,,,,,79,84,78,79,81,78,84,78,82,82,78,81,78,79,83,81,80
,,,,,,,,,,,,,,,78,83,83,201,201,201,84,79,,,64,64,80,64,64,,,81,64,64,64,64,82,79,78,64,64,79,64,64,64,64,83,64,64,64,64,81,80,83,78,83,81,79,,,,,,,,,,,,,,,,,,,,,,,,,79,81,83,84,84,82,82,82,80,78,81,79,83,79,79,82,78
,,,,,,,,,,,,,,,79,83,82,201,82,78,81,78,201,201,82,82,81,83,79,201,201,80,81,82,84,79,80,84,80,82,78,78,83,79,82,78,78,79,80,82,84,80,78,80,84,79,84,81,,,,,,,,,,,,,,,,,,,,,,,,,82,80,80,82,79,81,82,83,81,80,84,78,83,83,80,79,80
,,,,,,,,,,,,,,,80,80,83,84,81,84,78,83,84,80,80,83,78,201,84,,,79,84,84,83,78,83,82,83,80,84,84,84,83,84,84,81,82,82,82,78,83,81,84,84,84,80,81,,,,,,,,,,,,,,,,,,,,,,,,,,,,,,,,,,,,,,,,,
,,,,,,,,,,,,,,,81,79,81,80,79,79,81,84,84,80,81,82,81,201,84,,,78,80,82,83,79,84,84,80,78,83,83,80,79,81,83,78,84,83,78,81,78,82,81,84,80,78,82,,,,,,,,,,,,,,,,,,,,,,,,,,,,,,,,,,,,,,,,,
,,,,,,,,,,,,,,,79,81,84,81,78,78,82,82,81,84,80,81,83,201,79,,,79,79,79,78,80,79,84,79,82,84,79,81,79,81,84,79,82,84,79,80,78,81,81,83,80,78,80,,,,,,,,,,,,,,,,,,,,,,,,,,,,,,,,,,,,,,,,,
84,84,81,78,79,83,82,78,81,81,81,83,79,80,81,82,84,82,79,81,79,84,82,83,78,83,82,83,78,79,201,201,81,80,83,82,83,84,79,79,83,82,80,80,82,81,78,80,82,80,82,80,84,80,78,84,84,78,84,,,,,,,,,,,,,,,,,,,,,,,,,,,,,,,,,,,,,,,,,
79,82,84,81,79,80,80,81,78,82,84,81,84,83,82,84,82,82,79,78,84,82,79,83,81,81,80,81,201,201,,,83,83,84,79,84,82,78,79,81,84,83,78,79,84,84,79,82,83,79,84,83,84,83,80,82,83,81,,,,,,,,,,,,,,,,,,,,,,,,,,,,,,,,,,,,,,,,,
80,80,79,84,82,81,82,84,78,78,82,78,80,79,82,82,82,83,81,81,80,79,80,79,81,78,78,80,201,201,,,80,80,81,79,343,341,341,342,341,341,341,344,345,341,344,343,84,79,84,80,81,80,84,79,78,78,79,,,,,,,,,,,,,,,,,,,,,,,,,,,,,,,,,,,,,,,,,
84,79,84,79,81,82,78,81,84,81,79,80,83,82,81,79,79,84,80,78,80,81,78,81,79,84,83,78,78,78,201,201,83,79,80,79,341,344,343,341,346,343,344,346,342,343,346,363,,,,,,,,,,,,,,,,,,,,,,,,,,,,,,,,,,,,,,,,,,,,,,,,,,,,
78,80,80,84,83,83,80,81,81,83,83,79,82,78,83,82,78,84,80,84,81,83,83,84,80,79,80,82,78,78,,,84,80,80,83,343,344,343,344,343,345,342,341,344,343,346,348,,,,,,,,,,,,,,,,,,,,,,,,,,,,,,,,,,,,,,,,,,,,,,,,,,,,
81,84,78,78,79,78,79,84,82,84,83,78,79,84,79,83,78,79,82,78,83,82,78,84,83,82,80,79,81,78,,,80,79,84,83,343,345,346,344,345,346,344,343,345,341,341,363,,,,,,,,,,,,,,,,,,,,,,,,,,,,,,,,,,,,,,,,,,,,,,,,,,,,
83,83,83,82,83,82,80,63,63,63,82,81,78,79,78,78,83,83,79,81,79,84,84,81,78,81,80,82,83,80,,,83,82,83,82,345,345,343,350,343,344,342,342,343,342,344,348,,,,,,,,,,,,,,,,,,,,,,,,,,,,,,,,,,,,,,,,,,,,,,,,,,,,
82,82,79,82,81,84,80,200,78,200,84,80,80,83,80,84,80,80,81,78,78,81,80,80,81,82,81,84,78,84,201,201,78,80,84,84,341,343,356,,347,341,343,345,344,342,346,363,,,,,,,,,,,,,,,,,,,,,,,,,,,,,,,,,,,,,,,,,,,,,,,,,,,,
84,83,84,80,82,78,84,,82,,63,63,79,79,79,81,81,87,63,63,63,63,63,63,63,63,63,63,63,63,,,78,79,79,80,343,356,,,362,344,343,341,343,341,346,348,,,,,,,,,,,,,,,,,,,,,,,,,,,,,,,,,,,,,,,,,,,,,,,,,,,,
81,78,81,78,81,79,83,,78,,,,63,63,84,79,201,,,,,,,,,,,,,,,,81,84,78,79,356,,,,347,344,341,345,346,346,343,363,,,,,,,,,,,,,,,,,,,,,,,,,,,,,,,,,,,,,,,,,,,,,,,,,,,,
79,81,81,80,84,78,84,,82,,,,,,80,87,201,,,,,,,,,,,,,,,,201,201,201,201,,,,,347,345,341,346,341,343,343,363,,,,,,,,,,,,,,,,,,,,,,,,,,,,,,,,,,,,,,,,,,,,,,,,,,,,
83,81,83,81,82,78,82,200,83,,,,,,87,,201,,,,,,,,,,,,,,,,83,84,80,83,355,,,,347,342,342,346,344,344,343,363,,,,,,,,,,,,,,,,,,,,,,,,,,,,,,,,,,,,,,,,,,,,,,,,,,,,
81,82,84,80,88,63,63,,87,,,,,,,,79,,,,,,,,,,,90,,,,,81,79,82,83,342,355,,,362,344,344,346,344,343,343,348,,,,,,,,,,,,,,,,,,,,,,,,,,,,,,,,,,,,,,,,,,,,,,,,,,,,
84,79,84,81,,,,,,,,,,,,,201,,,,,,,,,,,78,200,200,200,200,84,79,83,82,343,345,355,,362,344,342,345,344,341,345,348,,,,,,,,,,,,,,,,,,,,,,,,,,,,,,,,,,,,,,,,,,,,,,,,,,,,
78,80,84,79,,,,,,,,,,,,,201,,,,,,,,,,,88,,,,,84,78,78,84,341,341,346,349,344,342,344,345,344,345,342,363,,,,,,,,,,,,,,,,,,,,,,,,,,,,,,,,,,,,,,,,,,,,,,,,,,,,
79,83,78,78,89,64,64,,90,,,,,,,,79,,,,,,,,,,,,,,,,80,78,79,82,341,345,345,343,346,346,346,341,346,341,341,348,,,,,,,,,,,,,,,,,,,,,,,,,,,,,,,,,,,,,,,,,,,,,,,,,,,,
80,82,84,84,84,79,78,200,78,,,,,,90,,201,,,,,,,,,,,,,,,,78,79,80,79,344,342,343,343,343,342,346,343,344,346,343,363,,,,,,,,,,,,,,,,,,,,,,,,,,,,,,,,,,,,,,,,,,,,,,,,,,,,
80,84,82,82,83,79,83,,78,,,,,,78,89,201,,,,,,,,,,,,,,,,84,81,80,81,341,344,344,346,342,345,344,346,342,341,344,363,,,,,,,,,,,,,,,,,,,,,,,,,,,,,,,,,,,,,,,,,,,,,,,,,,,,
81,84,81,81,81,81,84,,80,,,,64,64,78,82,201,,,,,,,,,,,,,,,,80,78,81,84,342,341,343,350,350,350,350,350,350,350,350,356,,,,,,,,,,,,,,,,,,,,,,,,,,,,,,,,,,,,,,,,,,,,,,,,,,,,
84,78,82,81,80,82,84,,79,,64,64,79,79,81,79,78,89,,,,,,,,,,,,,,,80,84,78,82,82,80,79,,,,,,,,,,,,,,,,,,,,,,,,,,,,,,,,,,,,,,,,,,,,,,,,,,,,,,,,,,,,,
83,80,84,78,81,79,78,200,84,200,78,81,82,83,84,83,81,80,89,64,64,64,64,64,64,64,64,64,64,64,64,64,84,78,82,79,80,78,81,,,,,,,,,,,,,,,,,,,,,,,,,,,,,,,,,,,,,,,,,,,,,,,,,,,,,,,,,,,,,
81,83,83,84,84,79,81,64,64,,80,81,78,80,82,83,79,81,79,80,82,81,83,79,83,80,80,80,78,84,81,80,78,78,78,79,80,82,83,,,,,,,,,,,,,,,,,,,,,,,,,,,,,,,,,,,,,,,,,,,,,,,,,,,,,,,,,,,,,
80,79,80,79,82,80,81,78,84,201,81,80,82,84,80,78,83,78,78,79,78,83,79,78,79,83,83,82,82,78,79,81,83,84,79,80,84,78,80,,,,,,,,,,,,,,,,,,,,,,,,,,,,,,,,,,,,,,,,,,,,,,,,,,,,,,,,,,,,,
80,80,81,83,81,79,84,83,83,201,81,83,82,80,80,79,81,78,81,81,83,82,80,82,80,81,81,84,82,84,79,84,78,81,81,82,83,84,84,,,,,,,,,,,,,,,,,,,,,,,,,,,,,,,,,,,,,,,,,,,,,,,,,,,,,,,,,,,,,
82,83,79,83,83,83,79,79,81,201,84,84,80,79,81,84,79,81,81,82,84,81,78,84,79,79,82,82,83,81,81,78,84,80,80,79,78,79,83,,,,,,,,,,,,,,,,,,,,,,,,,,,,,,,,,,,,,,,,,,,,,,,,,,,,,,,,,,,,,
78,82,82,81,80,81,83,84,83,201,82,82,84,83,83,80,82,83,80,80,80,78,82,78,79,80,81,78,82,79,79,82,81,83,82,84,80,83,80,,,,,,,,,,,,,,,,,,,,,,,,,,,,,,,,,,,,,,,,,,,,,,,,,,,,,,,,,,,,,
63,63,63,63,63,63,63,63,63,,80,84,82,79,82,81,83,80,84,81,84,78,82,82,79,84,84,80,84,83,83,79,78,79,80,83,78,80,78,,,,,,,,,,,,,,,,,,,,,,,,,,,,,,,,,,,,,,,,,,,,,,,,,,,,,,,,,,,,,
,,,,,,,,,,87,63,63,63,63,83,79,82,83,84,81,82,80,81,80,79,84,83,79,83,81,79,78,81,83,80,82,78,83,,,,,,,,,,,,,,,,,,,,,,,,,,,,,,,,,,,,,,,,,,,,,,,,,,,,,,,,,,,,,
,,,,,,,,,,,,,,,201,80,78,84,84,82,82,82,81,79,84,81,80,80,78,79,82,80,79,82,84,80,80,82,,,,,,,,,,,,,,,,,,,,,,,,,,,,,,,,,,,,,,,,,,,,,,,,,,,,,,,,,,,,,
,,,,,,,,,,,,,,79,201,201,82,82,79,83,79,84,84,83,81,83,80,78,78,81,78,79,78,78,79,79,79,79,,,,,,,,,,,,,,,,,,,,,,,,,,,,,,,,,,,,,,,,,,,,,,,,,,,,,,,,,,,,,
,,,,,,,,,,201,201,201,201,201,201,201,201,84,82,84,80,79,82,81,82,81,78,81,78,78,78,82,83,82,79,83,78,80,,,,,,,,,,,,,,,,,,,,,,,,,,,,,,,,,,,,,,,,,,,,,,,,,,,,,,,,,,,,,
,,,,,,,,,,,,,,79,201,201,78,79,78,79,80,79,83,82,79,78,80,80,78,78,78,81,82,79,79,79,83,84,,,,,,,,,,,,,,,,,,,,,,,,,,,,,,,,,,,,,,,,,,,,,,,,,,,,,,,,,,,,,
,,,,,,,,,,,,,,,201,83,84,80,81,79,80,79,,,,,,,,,,,,,,,,,,,,,,,,,,,,,,,,,,,,,,,,,,,,,,,,,,,,,,,,,,,,,,,,,,,,,,,,,,,,,
,,,,,,,,,,89,64,64,64,64,78,81,79,83,81,80,81,82,,,,,,,,,,,,,,,,,,,,,,,,,,,,,,,,,,,,,,,,,,,,,,,,,,,,,,,,,,,,,,,,,,,,,,,,,,,,,
64,64,64,64,64,64,64,64,64,,78,84,84,80,82,80,84,80,80,80,81,84,82,,,,,,,,,,,,,,,,,,,,,,,,,,,,,,,,,,,,,,,,,,,,,,,,,,,,,,,,,,,,,,,,,,,,,,,,,,,,,
84,80,78,83,82,78,83,79,80,201,83,79,84,80,81,81,84,82,84,79,81,78,82,,,,,,,,,,,,,,,,,,,,,,,,,,,,,,,,,,,,,,,,,,,,,,,,,,,,,,,,,,,,,,,,,,,,,,,,,,,,,
79,82,78,82,83,81,84,84,84,201,81,79,84,82,80,80,80,83,83,79,82,84,83,,,,,,,,,,,,,,,,,,,,,,,,,,,,,,,,,,,,,,,,,,,,,,,,,,,,,,,,,,,,,,,,,,,,,,,,,,,,,
82,82,80,81,81,81,82,80,83,201,79,82,78,83,83,82,78,79,80,82,79,84,78,,,,,,,,,,,,,,,,,,,,,,,,,,,,,,,,,,,,,,,,,,,,,,,,,,,,,,,,,,,,,,,,,,,,,,,,,,,,,
344,342,341,346,344,344,344,343,356,,362,345,345,341,343,345,345,345,342,346,346,345,344,349,349,349,349,349,349,355,,,,,,,,,,,,,,,,,,,,,,,,,,,,,,,,,,,,,,,,,,,,,,,,,,,,,,,,,,,,,,,,,,,,,,
343,345,343,342,341,344,344,356,,,362,344,344,341,341,343,343,341,343,341,343,342,341,345,346,342,345,344,345,348,,,,,,,,,,,,,,,,,,,,,,,,,,,,,,,,,,,,,,,,,,,,,,,,,,,,,,,,,,,,,,,,,,,,,,
342,342,343,343,346,342,356,,,,347,341,345,345,342,342,345,342,344,345,346,343,343,344,341,344,343,343,342,348,,,,,,,,,,,,,,,,,,,,,,,,,,,,,,,,,,,,,,,,,,,,,,,,,,,,,,,,,,,,,,,,,,,,,,
346,342,345,341,344,363,,,,353,342,345,346,342,341,342,343,350,350,344,342,343,346,345,341,344,344,346,344,348,,,,,,,,,,,,,,,,,,,,,,,,,,,,,,,,,,,,,,,,,,,,,,,,,,,,,,,,,,,,,,,,,,,,,,
342,342,345,344,346,356,,,,362,341,345,343,343,341,350,356,,,354,344,346,345,341,342,345,341,341,344,348,,,,,,,,,,,,,,,,,,,,,,,,,,,,,,,,,,,,,,,,,,,,,,,,,,,,,,,,,,,,,,,,,,,,,,
341,341,345,345,348,,,,,362,344,343,344,346,356,,,,,,354,343,345,343,342,345,342,341,341,363,,,,,,,,,,,,,,,,,,,,,,,,,,,,,,,,,,,,,,,,,,,,,,,,,,,,,,,,,,,,,,,,,,,,,,
344,341,346,341,356,,,,,347,341,342,341,356,,,353,349,355,,,362,344,342,341,344,346,342,346,363,,,,,,,,,,,,,,,,,,,,,,,,,,,,,,,,,,,,,,,,,,,,,,,,,,,,,,,,,,,,,,,,,,,,,,
343,346,342,363,,,,,353,342,341,343,348,,,353,341,341,363,,,347,346,341,342,346,343,345,344,348,,,,,,,,,,,,,,,,,,,,,,,,,,,,,,,,,,,,,,,,,,,,,,,,,,,,,,,,,,,,,,,,,,,,,,
341,346,345,363,,,,,347,345,345,346,363,,,362,341,344,356,,,354,343,342,345,343,346,341,344,363,,,,,,,,,,,,,,,,,,,,,,,,,,,,,,,,,,,,,,,,,,,,,,,,,,,,,,,,,,,,,,,,,,,,,,
346,345,346,348,,,,353,343,343,343,345,356,,,347,343,356,,,,,362,346,341,341,345,342,345,363,,,,,,,,,,,,,,,,,,,,,,,,,,,,,,,,,,,,,,,,,,,,,,,,,,,,,,,,,,,,,,,,,,,,,,
343,343,344,348,,,353,344,342,341,342,348,,,353,341,363,,,,,,362,346,345,342,343,341,342,348,,,,,,,,,,,,,,,,,,,,,,,,,,,,,,,,,,,,,,,,,,,,,,,,,,,,,,,,,,,,,,,,,,,,,,
343,345,342,363,,,354,350,350,350,350,356,,,347,341,363,,,,,359,341,342,344,342,342,344,342,348,,,,,,,,,,,,,,,,,,,,,,,,,,,,,,,,,,,,,,,,,,,,,,,,,,,,,,,,,,,,,,,,,,,,,,
346,346,344,363,,,,,,,,,,353,341,342,348,,,,,,347,346,342,342,341,342,346,363,,,,,,,,,,,,,,,,,,,,,,,,,,,,,,,,,,,,,,,,,,,,,,,,,,,,,,,,,,,,,,,,,,,,,,
342,344,345,345,349,349,349,349,349,349,349,349,349,341,342,346,342,355,,,,,347,344,341,345,346,344,342,363,,,,,,,,,,,,,,,,,,,,,,,,,,,,,,,,,,,,,,,,,,,,,,,,,,,,,,,,,,,,,,,,,,,,,,
341,345,342,344,342,341,341,341,345,341,345,344,341,344,343,343,342,341,349,349,349,349,341,345,342,341,341,346,344,363,,,,,,,,,,,,,,,,,,,,,,,,,,,,,,,,,,,,,,,,,,,,,,,,,,,,,,,,,,,,,,,,,,,,,,
BigDecor: 
,,,,,,,,,,,,,,,,,,,,,,,,,,,,,,,,,,,,,,,,,,,,,,,,,,,,,,,,,,,,,,,,,,,,,,,,,,,,,,,,,,,,,,,,,,,,,,,,,,,
,,,,,,,,,,,,,,,,,,,,,,,,,,,,,,,,,,,,,,,,,,,,,,,,,,,,,,,,,,,,,,,,,,,,,,,,,,,,,,,,,,,,,,,,,,,,,,,,,,,
,,,,,,,,,,,,,,,,,,,,,,,,,,,,,,,,,,,,,,,,,,,,,,,,,,,,,,,,,,,,,,,,,,,,,,,,,,,,,,,,,,,,,,,,,,,,,,,,,,,
,,,,,,,,,,,,,,,,,,,,,,,,,,,,,,,,,,,,,,,,,,,,,,,,,,,,,,,,,,,,,,,,,,,,,,,,,,,,,,,,,,,,,,,,,,,,,,,,,,,
,,,,,,,,,,,,,,,,,,,,,,,,,,,,,,,,,,,,,,,,,,,,,,,,,,,,,,,,,,,,,,,,,,,,,,,,,,,,,,,,,,,,,,,,,,,,,,,,,,,
,,,,,,,,,,,,,,,,,,,,,,,,,,,,,,,,,,,,,,,,,,,,,,,,,,,,,,,,,,,,,,,,,,,,,,,,,,,,,,,,,,,,,,,,,,,,,,,,,,,
,,,,,,,,,,,,,,,,,,,,,,,,,,,,,,,,,,,,,,,,,,,,,,,,,,,,,,,,,,,,,,,,,,,,,,,,,,,,,,,,,,,,,,,,,,,,,,,,,,,
,,,,,,,,,,,,,,,,,,,,,,,,,,,,,,,,,,,,,,,,,,,,,,,,,,,,,,,,,,,,,,,,,,,,,,,,,,,,,,,,,,,,,,,,,,,,,,,,,,,
,,,,,,,,,,,,,,,,,,,,,,,,,,,,,,,,,,,,,,,,,,,,,,,,,,,,,,,,,,,,,,,,,,,,,,,,,,,,,,,,,,,,,,,,,,,,,,30,,,,,
,,,,,,,,,,,,,,,,,,,,,,,,,,,,,,,,,,,,,,,,,,,,,,,,,,,,,,,,,,,,,,,,,,,,,,,,,,,,,,,,,,,,,,,,,,,,,,,,,,,
,,,,,,,,,,,,,,,,,,,,,,,,,,,,,,,,,,,,,,,,,,,,,,,,,,,,,,,,,,,,,,,,,,,,,,,,,,,,,,,,,,,,,,,,,,28,,,,,,,,,
,,,,,,,,,,,,,,,,,,,,,,,,,,,,,,,,,,,,,,,,,,,,,,,,,,,,,,,,,,,,,,,,,,,,,,,,,,,,,,,,,,,,,,,,,,,,,,,,,,,
,,,,,,,,,,,,,,,,,,,,,,,,,,,,,,,,,,,,,,,,,,,,,,,,,,,,,,,,,,,,,,,,,,,,,,,,,,,,,,,,,,,,,,,,,,,,,,30,,,,,
,,,,,,,,,,,,,,,,,,,,,,,,,,,,,,,,,,,,,,,,,,,,,,,,,,,,,,,,,,,,,,,,,,,,,,,,,,,,,,,,,,,,,,,,,,,,,,,,,,,
,,,,,,,,,,,,,,,,,,,,,,,,,,,,,,,,,,,,,,,,,,,,,,,,,,,,,,,,,,,,,,,,,,,,,,,,,,,,,,,,,,,,,,,,,,,,,,,,,,,
,,,,,,,,,,,,,,,,,,,,,,,,,,,,,,,,,,,,,,,,,,,,,,,,,,,,,,,,,,,,,,,,,,,,,,,,,,,,,,,,,,,,,,,,,,,,,,,,,,,
,,,,,,,,,,,,,,,,,,,,,,,,,,,,,,,,,,,,,,,,,,,,,,,,,,,,,,,,,,,,,,,,,,,,,,,,,,,,,,,,,,,,,,,,,,,,,,,,,,,
,,,,,,,,,,,,,,,,,,,,,,,,,,,,,,,,,,,,,,,,,,,,,,,,,,,,,,,,,,,,,,,,,,,,,,,,,,,,,,,,,,,,,,,,,,,,,,,,,,,
,,,,,,,,,,,,,,,,,,,,,,,,,,,,,,,,,,,,,,,,,,,,,,,,,,,,,,,,,,,,,,,,,,,,,,,,,,,,,,,,,,,,,,,,,,,,,,,,,,,
,,,,,,,,,,,,,,,,,,,,,,,,,,,,,,,,,,,,,,,,,,,,,,,,,,,,,,,,,,,,,,,,,,,,,,,,,,,,,,,,,,,,,,,,,,,,,,,,,,,
,,,,,,,,,,,,,,,,,,,,,,,,,,,,,,,,,,,,,,,,,,,,,,,,,,,,,,,,,,,,,,,,,,,,,,,,,,,,,,,,,,,,,,,,,,,,,,,,,,,
,,,,,,,,,,,,,,,,,,,,,,,,,,,,,,,,,,,,,,,,,,,,,,,,,,,,,,,,,,,,,,,,,,,,,,,,,,,,,,,,,,,,,,,,,,,,,,,,,,,
,,,,,,,,,,,,,,,,,,,,,,,,,,,,,,,,,,,,,,,,,,,,,,,,,,,,,,,,,,,,,,,,,,,,,,,,,,,,,,,,,,,,,,,,,,,,,,,,,,,
,,,,,,,,,,,,,,,,,,,,,,,,,,,,,,,,,,,,,,,,,,,,,,,,,,,,,,,,,,,,,,,,,,,,,,,,,,,,,,,,,,,,,,,,,,,,,,,,,,,
,,,,,,,,,,,,,,,,,,,,,,,,,,,,,,,,,,,,,,,,,,,,,,,,,,,,,,,,,,,,,,,,,,,,,,,,,,,,,,,,,,,,,,,,,,,,,,,,,,,
,,,,,,,,,,,,,,,,,,,,,,,,,,,,,,,,,,,,,,,,,,,,,,,,,,,,,,,,,,,,,,,,,,,,,,,,,,,,,,,,,,,,,,,,,,,,,,,,,,,
,,,,,,,,,,,,,,,,,,,,,,,,,,,,,,,,,,,,,,,,,,,,,,,,,,,,,,,,,,,,,,,,,,,,,,,,,,,,,,,,,,,,,,,,,,,,,,,,,,,
,,,,,,,,,,,,,,,,,,,,,,,,,,,,,,,,,,,,,,,,,,,,,,,,,,,,,,,,,,,,,,,,,,,,,,,,,,,,,,,,,,,,,,,,,,,,,,,,,,,
,,,,,,,,,,,,,,,,,,,,,,,,,,,,,,,,,,,,,,,,,,,,,,,,,,,,,,,,,,,,,,,,,,,,,,,,,,,,,,,,,,,,,,,,,,,,,,,,,,,
,,,,,,,,,,,,,,,,,,,,,,,,,,,,,,,,,,,,,,,,,,,,,,,,,,,,,,,,,,,,,,,,,,,,,,,,,,,,,,,,,,,,,,,,,,,,,,,,,,,
,,,,,,,,,,,,,,,,,,,,,,,,,,,,,,,,,,,,,,,,,,,,,,,,,,,,,,,,,,,,,,,,,,,,,,,,,,,,,,,,,,,,,,,,,,,,,,,,,,,
,,,,,,,,,,,,,,,,,,,,,,,,,,,,,,,,,,,,,,,,,,,,,,,,,,,,,,,,,,,,,,,,,,,,,,,,,,,,,,,,,,,,,,,,,,,,,,,,,,,
,,,,,,,,,,,,,,,,,,,,,,,,,,,,,,,,,,,,,,,,,,,,,,,,,,,,,,,,,,,,,,,,,,,,,,,,,,,,,,,,,,,,,,,,,,,,,,,,,,,
,,,,,,,,,,,,,,,,,,,,,,,,,,,,,,,,,,,,,,,,,,,,,,,,,,,,,,,,,,,,,,,,,,,,,,,,,,,,,,,,,,,,,,,,,,,,,,,,,,,
,,,,,,,,,,,,,,,,,,,,,,,,,,,,,,,,,,,,,,,,,,,,,,,,,,,,,,,,,,,,,,,,,,,,,,,,,,,,,,,,,,,,,,,,,,,,,,,,,,,
,,,,,,,,,,,,,,,,,,,,,,,,,,,,,,,,,,,,,,,,,,,,,,,,,,,,,,,,,,,,,,,,,,,,,,,,,,,,,,,,,,,,,,,,,,,,,,,,,,,
,,,,,,,,,,,,,,,,,,,,,,,,,,,,,,,,,,,,,,,,,,,,,,,,,,,,,,,,,,,,,,,,,,,,,,,,,,,,,,,,,,,,,,,,,,,,,,,,,,,
,,,,,,,,,,,,,,,,,,,,,,,,,,,,,,,,,,,,,,,,,,,,,,,,,,,,,,,,,,,,,,,,,,,,,,,,,,,,,,,,,,,,,,,,,,,,,,,,,,,
,,,,,,,,,,,,,,,,,,,,,,,,,,,,,,,,,,,,,,,,,,,,,,,,,,,,,,,,,,,,,,,,,,,,,,,,,,,,,,,,,,,,,,,,,,,,,,,,,,,
,,,,,,,,,,,,,,,,,,,,,,,,,,,,,,,,,,,,,,,,,,,,,,,,,,,,,,,,,,,,,,,,,,,,,,,,,,,,,,,,,,,,,,,,,,,,,,,,,,,
,,,,,,,,,,,,,,,,,,,,,,,,,,,,,,,,,,,,,,,,,,,,,,,,,,,,,,,,,,,,,,,,,,,,,,,,,,,,,,,,,,,,,,,,,,,,,,,,,,,
,,,,,,,,,,,,,,,,,,,,,,,,,,,,,,,,,,,,,,,,,,,,,,,,,,,,,,,,,,,,,,,,,,,,,,,,,,,,,,,,,,,,,,,,,,,,,,,,,,,
,,,,,,,,,,,,,,,,,,,,,,,,,,,,,,,,,,,,,,,,,,,,,,,,,,,,,,,,,,,,,,,,,,,,,,,,,,,,,,,,,,,,,,,,,,,,,,,,,,,
,,,,,,,,,,,,,,,,,,,,,,,,,,,,,,,,,,,,,,,,,,,,,,,,,,,,,,,,,,,,,,,,,,,,,,,,,,,,,,,,,,,,,,,,,,,,,,,,,,,
,,,,,,,,,,,,,,,,,,,,,,,,,,,,,,,,,,,,,,,,,,,,,,,,,,,,,,,,,,,,,,,,,,,,,,,,,,,,,,,,,,,,,,,,,,,,,,,,,,,
,,,,,,,,,,,,,,,,,,,,,,,,,,,,,,,,,,,,,,,,,,,,,,,,,,,,,,,,,,,,,,,,,,,,,,,,,,,,,,,,,,,,,,,,,,,,,,,,,,,
,,,,,,,,,,,,,,,,,,,,,,,,,,,,,,,,,,,,,,,,,,,,,,,,,,,,,,,,,,,,,,,,,,,,,,,,,,,,,,,,,,,,,,,,,,,,,,,,,,,
,,,,,,,,,,,,,,,,,,,,,,,,,,,,,,,,,,,,,,,,,,,,,,,,,,,,,,,,,,,,,,,,,,,,,,,,,,,,,,,,,,,,,,,,,,,,,,,,,,,
,,,,,,,,,,,,,,,,,,,,,,,,,,,,,,,,,,,,,,,,,,,,,,,,,,,,,,,,,,,,,,,,,,,,,,,,,,,,,,,,,,,,,,,,,,,,,,,,,,,
,,,,,,,,,,,,,,,,,,,,,,,,,,,,,,,,,,,,,,,,,,,,,,,,,,,,,,,,,,,,,,,,,,,,,,,,,,,,,,,,,,,,,,,,,,,,,,,,,,,
,,,,,,,,,,,,,,,,,,,,,,,,,,,,,,,,,,,,,,,,,,,,,,,,,,,,,,,,,,,,,,,,,,,,,,,,,,,,,,,,,,,,,,,,,,,,,,,,,,,
,,,,,,,,,,,,,,,,,,,,,,,,,,,,,,,,,,,,,,,,,,,,,,,,,,,,,,,,,,,,,,,,,,,,,,,,,,,,,,,,,,,,,,,,,,,,,,,,,,,
,,,,,,,,,,,,,,,,,,,,,,,,,,,,,,,,,,,,,,,,,,,,,,,,,,,,,,,,,,,,,,,,,,,,,,,,,,,,,,,,,,,,,,,,,,,,,,,,,,,
,,,,,,,,,,,,,,,,,,,,,,,,,,,,,,,,,,,,,,24,,,,,,,,,,,,,,,,,,,,,,,,,,,,,,,,,,,,,,,,,,,,,,,,,,,,,,,,,,,,,
,,,,,,,,,,,,,,,,,,,,,,,,,,,,,,,,,,,,,,,,,,,,,,,,,,,,,,,,,,,,,,,,,,,,,,,,,,,,,,,,,,,,,,,,,,,,,,,,,,,
,,,,,,,,,,,,,,,,,,,,,,,,,,,,,,,,,,,,,,23,,,,,,,,,,,,,,,,,,,,,,,,,,,,,,,,,,,,,,,,,,,,,,,,,,,,,,,,,,,,,
,,,,,,,,,,,,,,,,,,,,,,,,,,,,,,,,,,,,,,,,,,,,,,,,,,,,,,,,,,,,,,,,,,,,,,,,,,,,,,,,,,,,,,,,,,,,,,,,,,,
,,,,,,,,,,,,28,,,,,,,,,,,,,,,,,,,,,,,,,,25,,,,,,,,,,,,,,,,,,,,,,,,,,,,,,,,,,,,,,,,,,,,,,,,,,,,,,,,,,,,,
,,,,,,,,,,,,,,,,,,,,,,,,,,,,,,,,,,,,,,,,,,,,,,,,,,,,,,,,,,,,,,,,,,,,,,,,,,,,,,,,,,,,,,,,,,,,,,,,,,,
,,,,,,,,,,,,,,,,,,,,,,,,,,,,,,,,,,,,,,24,,,,,,,,,,,,,,,,,,,,,,,,,,,,,,,,,,,,,,,,,,,,,,,,,,,,,,,,,,,,,
,,,,,,,,,,,,,,,,,,,,,,,,,,,,,,,,,,,,,,,,,,,,,,,,,,,,,,,,,,,,,,,,,,,,,,,,,,,,,,,,,,,,,,,,,,,,,,,,,,,
,,,,,,,,,,,,,,,,,,,,,,,,,,,,,,,,,,,,,,,,,,,,,,,,,,,,,,,,,,,,,,,,,,,,,,,,,,,,,,,,,,,,,,,,,,,,,,,,,,,
,,,,,,,,,,,,,,,,,,,,,,,,,,,,,,,,,,,,,,,,,,,,,,,,,,,,,,,,,,,,,,,,,,,,,,,,,,,,,,,,,,,,,,,,,,,,,,,,,,,
,,,,,,,,,,,,28,,,,,,,,,,,,,,,,,,,,,,,,,,,,,,,,,,,,,,,,,,,,,,,,,,,,,,,,,,,,,,,,,,,,,,,,,,,,,,,,,,,,,,,
,,,,,,,,,,,,,,,,,,,,,,,,,,,,,,,,,,,,,,,,,,,,,,,,,,,,,,,,,,,,,,,,,,,,,,,,,,,,,,,,,,,,,,,,,,,,,,,,,,,
,,,,,,,,,,,,,,,,,,,,,,,,,,,,,,,,,,,,,,,,,,,,,,,,,,,,,,,,,,,,,,,,,,,,,,,,,,,,,,,,,,,,,,,,,,,,,,,,,,,
,,,,,,,,,,,,,,,,,,,,,,,,,,,,,,,,,,,,,,,,,,,,,,,,,,,,,,,,,,,,,,,,,,,,,,,,,,,,,,,,,,,,,,,,,,,,,,,,,,,
,,,,,,,,,,,,,,,,,,,,,,,,,,,,,,,,,,,,,,,,,,,,,,,,,,,,,,,,,,,,,,,,,,,,,,,,,,,,,,,,,,,,,,,,,,,,,,,,,,,
,,,,,,,,,,,,,,,,,,,,,,,,,,,,,,,,,,,,,,,,,,,,,,,,,,,,,,,,,,,,,,,,,,,,,,,,,,,,,,,,,,,,,,,,,,,,,,,,,,,
,,,,,,,,,,,,,,,,,,,,,,,,,,,,,,,,,,,,,,,,,,,,,,,,,,,,,,,,,,,,,,,,,,,,,,,,,,,,,,,,,,,,,,,,,,,,,,,,,,,
,,,,,,,,,,,,,,,,,,,,,,,,,,,,,,,,,,,,,,,,,,,,,,,,,,,,,,,,,,,,,,,,,,,,,,,,,,,,,,,,,,,,,,,,,,,,,,,,,,,
,,,,,,,,,,,,,,,,,,,,,,,,,,,,,,,,,,,,,,,,,,,,,,,,,,,,,,,,,,,,,,,,,,,,,,,,,,,,,,,,,,,,,,,,,,,,,,,,,,,
,,,,,,,,,,,,,,,,,,,,,,,,,,,,,,,,,,,,,,,,,,,,,,,,,,,,,,,,,,,,,,,,,,,,,,,,,,,,,,,,,,,,,,,,,,,,,,,,,,,
,,,,,,,,,,,,,,,,,,,,,,,,,,,,,,,,,,,,,,,,,,,,,,,,,,,,,,,,,,,,,,,,,,,,,,,,,,,,,,,,,,,,,,,,,,,,,,,,,,,
,,,,,,,,,,,,,,,,,,,,,,,,,,,,,,,,,,,,,,,,,,,,,,,,,,,,,,,,,,,,,,,,,,,,,,,,,,,,,,,,,,,,,,,,,,,,,,,,,,,
,,,,,,,,,,,,,,,,,,,,,,,,,,,,,,,,,,,,,,,,,,,,,,,,,,,,,,,,,,,,,,,,,,,,,,,,,,,,,,,,,,,,,,,,,,,,,,,,,,,
,,,,,,,,,,,,,,,,,,,,,,,,,,,,,,,,,,,,,,,,,,,,,,,,,,,,,,,,,,,,,,,,,,,,,,,,,,,,,,,,,,,,,,,,,,,,,,,,,,,
,,,,,,,,,,,,,,,,,,,,,,,,,,,,,,,,,,,,,,,,,,,,,,,,,,,,,,,,,,,,,,,,,,,,,,,,,,,,,,,,,,,,,,,,,,,,,,,,,,,
,,,,,,,,,,,,,,,,,,,,,,,,,,,,,,,,,,,,,,,,,,,,,,,,,,,,,,,,,,,,,,,,,,,,,,,,,,,,,,,,,,,,,,,,,,,,,,,,,,,
,,,,,,,,,,,,,,,,,,,,,,,,,,,,,,,,,,,,,,,,,,,,,,,,,,,,,,,,,,,,,,,,,,,,,,,,,,,,,,,,,,,,,,,,,,,,,,,,,,,
,,,,,,,,,,,,,,,,,,,,,,,,,,,,,,,,,,,,,,,,,,,,,,,,,,,,,,,,,,,,,,,,,,,,,,,,,,,,,,,,,,,,,,,,,,,,,,,,,,,
,,,,,,,,,,,,,,,,,,,,,,,,,,,,,,,,,,,,,,,,,,,,,,,,,,,,,,,,,,,,,,,,,,,,,,,,,,,,,,,,,,,,,,,,,,,,,,,,,,,
,,,,,,,,,,,,,,,,,,,,,,,,,,,,,,,,,,,,,,,,,,,,,,,,,,,,,,,,,,,,,,,,,,,,,,,,,,,,,,,,,,,,,,,,,,,,,,,,,,,
,,,,,,,,,,,,,,,,,,,,,,,,,,,,,,,,,,,,,,,,,,,,,,,,,,,,,,,,,,,,,,,,,,,,,,,,,,,,,,,,,,,,,,,,,,,,,,,,,,,
,,,,,,,,,,,,,,,,,,,,,,,,,,,,,,,,,,,,,,,,,,,,,,,,,,,,,,,,,,,,,,,,,,,,,,,,,,,,,,,,,,,,,,,,,,,,,,,,,,,
,,,,,,,,,,,,,,,,,,,,,,,,,,,,,,,,,,,,,,,,,,,,,,,,,,,,,,,,,,,,,,,,,,,,,,,,,,,,,,,,,,,,,,,,,,,,,,,,,,,
,,,,,,,,,,,,,,,,,,,,,,,,,,,,,,,,,,,,,,,,,,,,,,,,,,,,,,,,,,,,,,,,,,,,,,,,,,,,,,,,,,,,,,,,,,,,,,,,,,,
,,,,,,,,,,,,,,,,,,,,,,,,,,,,,,,,,,,,,,,,,,,,,,,,,,,,,,,,,,,,,,,,,,,,,,,,,,,,,,,,,,,,,,,,,,,,,,,,,,,
,,,,,,,,,,,,,,,,,,,,,,,,,,,,,,,,,,,,,,,,,,,,,,,,,,,,,,,,,,,,,,,,,,,,,,,,,,,,,,,,,,,,,,,,,,,,,,,,,,,
,,,,,,,69,,,,,,,,,,,,,,,,,,,,,,,,,,,,,,,,,,,,,,,,,,,,,,,,,,,,,,,,,,,,,,,,,,,,,,,,,,,,,,,,,,,,,,,,,,,,
,,,,,,,,,,,,,,,,,,,,,,,,,,,,,,,,,,,,,,,,,,,,,,,,,,,,,,,,,,,,,,,,,,,,,,,,,,,,,,,,,,,,,,,,,,,,,,,,,,,
,,,,,,,,,,,,,,,,,,,,,,,,,,,,,,,,,,,,,,,,,,,,,,,,,,,,,,,,,,,,,,,,,,,,,,,,,,,,,,,,,,,,,,,,,,,,,,,,,,,
,,,,,,,,,,,,,68,,,,,,67,,,,,,,,,,,,,,,,,,,,,,,,,,,,,,,,,,,,,,,,,,,,,,,,,,,,,,,,,,,,,,,,,,,,,,,,,,,,,,,,
,,,,,,,,,,,,,,,,,,,,,,,,,,,,,,,,,,,,,,,,,,,,,,,,,,,,,,,,,,,,,,,,,,,,,,,,,,,,,,,,,,,,,,,,,,,,,,,,,,,
,,,,,,,,,,,,,,,,,,,,,,,,,,,,,,,,,,,,,,,,,,,,,,,,,,,,,,,,,,,,,,,,,,,,,,,,,,,,,,,,,,,,,,,,,,,,,,,,,,,
,,,,67,,,,,,,,66,,,,,,,,,,,,,,,,,,,,,,,,,,,,,,,,,,,,,,,,,,,,,,,,,,,,,,,,,,,,,,,,,,,,,,,,,,,,,,,,,,,,,,,
,,,,,,,,,,,,,,,,,,,,,,,,,,,,,,,,,,,,,,,,,,,,,,,,,,,,,,,,,,,,,,,,,,,,,,,,,,,,,,,,,,,,,,,,,,,,,,,,,,,
,,,,,,,,,,,,,,,,,,,,,,,,,,,,,,,,,,,,,,,,,,,,,,,,,,,,,,,,,,,,,,,,,,,,,,,,,,,,,,,,,,,,,,,,,,,,,,,,,,,
,,,,,,,,,,,,,,,,,,,,,,,,,,,,,,,,,,,,,,,,,,,,,,,,,,,,,,,,,,,,,,,,,,,,,,,,,,,,,,,,,,,,,,,,,,,,,,,,,,,
,,,,,,,,,,,,,,,,,,,,,,,,,,,,,,,,,,,,,,,,,,,,,,,,,,,,,,,,,,,,,,,,,,,,,,,,,,,,,,,,,,,,,,,,,,,,,,,,,,,
MoveObject: type=1 stepAdvance=50 stepRecede=50 timeStopStart=10 timeStopEnd=10 posStart=1920;3328 posEnd=1920;3008 posCurrent=1920;3270 step=4 time=41 phase=4082 channel=1 icon=84 
MoveObject: type=3 stepAdvance=1 stepRecede=1 timeStopStart=0 timeStopEnd=0 posStart=1986;3072 posEnd=1986;3072 posCurrent=1986;3072 step=1 time=0 phase=4082 channel=10 icon=54 
MoveObject: type=3 stepAdvance=1 stepRecede=1 timeStopStart=0 timeStopEnd=0 posStart=2050;3072 posEnd=2050;3072 posCurrent=2050;3072 step=1 time=0 phase=4082 channel=10 icon=54 
MoveObject: type=3 stepAdvance=1 stepRecede=1 timeStopStart=0 timeStopEnd=0 posStart=2114;3072 posEnd=2114;3072 posCurrent=2114;3072 step=1 time=0 phase=4082 channel=10 icon=54 
MoveObject: type=3 stepAdvance=1 stepRecede=1 timeStopStart=0 timeStopEnd=0 posStart=2178;3136 posEnd=2178;3136 posCurrent=2178;3136 step=1 time=0 phase=4082 channel=10 icon=54 
MoveObject: type=3 stepAdvance=1 stepRecede=1 timeStopStart=0 timeStopEnd=0 posStart=2242;3136 posEnd=2242;3136 posCurrent=2242;3136 step=1 time=0 phase=4082 channel=10 icon=54 
MoveObject: type=3 stepAdvance=1 stepRecede=1 timeStopStart=0 timeStopEnd=0 posStart=2306;3136 posEnd=2306;3136 posCurrent=2306;3136 step=1 time=0 phase=4082 channel=10 icon=54 
MoveObject: type=3 stepAdvance=1 stepRecede=1 timeStopStart=0 timeStopEnd=0 posStart=2370;3136 posEnd=2370;3136 posCurrent=2370;3136 step=1 time=0 phase=4082 channel=10 icon=54 
MoveObject: type=3 stepAdvance=1 stepRecede=1 timeStopStart=0 timeStopEnd=0 posStart=2050;2752 posEnd=2050;2752 posCurrent=2050;2752 step=1 time=0 phase=4082 channel=10 icon=54 
MoveObject: type=1 stepAdvance=50 stepRecede=50 timeStopStart=10 timeStopEnd=10 posStart=1984;2688 posEnd=1984;3008 posCurrent=1984;2746 step=4 time=41 phase=4082 channel=1 icon=84 
MoveObject: type=3 stepAdvance=1 stepRecede=1 timeStopStart=0 timeStopEnd=0 posStart=2370;2432 posEnd=2370;2432 posCurrent=2370;2432 step=1 time=0 phase=4082 channel=10 icon=54 
MoveObject: type=3 stepAdvance=1 stepRecede=1 timeStopStart=0 timeStopEnd=0 posStart=2690;2560 posEnd=2690;2560 posCurrent=2690;2560 step=1 time=0 phase=4082 channel=10 icon=54 
MoveObject: type=3 stepAdvance=1 stepRecede=1 timeStopStart=0 timeStopEnd=0 posStart=2626;2560 posEnd=2626;2560 posCurrent=2626;2560 step=1 time=0 phase=4082 channel=10 icon=54 
MoveObject: type=3 stepAdvance=1 stepRecede=1 timeStopStart=0 timeStopEnd=0 posStart=2370;2176 posEnd=2370;2176 posCurrent=2370;2176 step=1 time=0 phase=4082 channel=10 icon=54 
MoveObject: type=1 stepAdvance=50 stepRecede=50 timeStopStart=10 timeStopEnd=10 posStart=2048;2688 posEnd=2048;2368 posCurrent=2048;2630 step=4 time=41 phase=4082 channel=1 icon=84 
MoveObject: type=3 stepAdvance=1 stepRecede=1 timeStopStart=0 timeStopEnd=0 posStart=2242;1792 posEnd=2242;1792 posCurrent=2242;1792 step=1 time=0 phase=4082 channel=10 icon=54 
MoveObject: type=16 stepAdvance=40 stepRecede=40 timeStopStart=0 timeStopEnd=0 posStart=2240;1856 posEnd=2496;1856 posCurrent=2452;1856 step=4 time=7 phase=4082 channel=10 icon=73 
MoveObject: type=3 stepAdvance=1 stepRecede=1 timeStopStart=0 timeStopEnd=0 posStart=2306;1792 posEnd=2306;1792 posCurrent=2306;1792 step=1 time=0 phase=4082 channel=10 icon=54 
MoveObject: type=3 stepAdvance=1 stepRecede=1 timeStopStart=0 timeStopEnd=0 posStart=2434;1792 posEnd=2434;1792 posCurrent=2434;1792 step=1 time=0 phase=4082 channel=10 icon=54 
MoveObject: type=3 stepAdvance=1 stepRecede=1 timeStopStart=0 timeStopEnd=0 posStart=2690;1792 posEnd=2690;1792 posCurrent=2690;1792 step=1 time=0 phase=4082 channel=10 icon=54 
MoveObject: type=3 stepAdvance=1 stepRecede=1 timeStopStart=0 timeStopEnd=0 posStart=2370;1472 posEnd=2370;1472 posCurrent=2370;1472 step=1 time=0 phase=4082 channel=10 icon=54 
MoveObject: type=1 stepAdvance=50 stepRecede=50 timeStopStart=10 timeStopEnd=10 posStart=2112;2048 posEnd=2112;2368 posCurrent=2112;2106 step=4 time=41 phase=4082 channel=1 icon=84 
MoveObject: type=3 stepAdvance=1 stepRecede=1 timeStopStart=0 timeStopEnd=0 posStart=2306;1472 posEnd=2306;1472 posCurrent=2306;1472 step=1 time=0 phase=4082 channel=10 icon=54 
MoveObject: type=1 stepAdvance=50 stepRecede=50 timeStopStart=10 timeStopEnd=10 posStart=2176;2048 posEnd=2176;1728 posCurrent=2176;1990 step=4 time=41 phase=4082 channel=1 icon=84 
MoveObject: type=3 stepAdvance=1 stepRecede=1 timeStopStart=0 timeStopEnd=0 posStart=2434;1152 posEnd=2434;1152 posCurrent=2434;1152 step=1 time=0 phase=4082 channel=10 icon=54 
MoveObject: type=16 stepAdvance=40 stepRecede=40 timeStopStart=0 timeStopEnd=0 posStart=3072;1792 posEnd=3072;2048 posCurrent=3072;2004 step=4 time=7 phase=4082 channel=10 icon=73 
MoveObject: type=16 stepAdvance=40 stepRecede=40 timeStopStart=0 timeStopEnd=0 posStart=3136;2048 posEnd=3136;1792 posCurrent=3136;1836 step=4 time=7 phase=4082 channel=10 icon=73 
MoveObject: type=1 stepAdvance=6 stepRecede=6 timeStopStart=3 timeStopEnd=3 posStart=3264;2048 posEnd=3264;1984 posCurrent=3264;1984 step=3 time=1 phase=4082 channel=1 icon=84 
MoveObject: type=2 stepAdvance=1 stepRecede=1 timeStopStart=0 timeStopEnd=0 posStart=2370;1668 posEnd=2370;1668 posCurrent=2370;1668 step=1 time=0 phase=4082 channel=10 icon=18 
MoveObject: type=2 stepAdvance=1 stepRecede=1 timeStopStart=0 timeStopEnd=0 posStart=2498;1668 posEnd=2498;1668 posCurrent=2498;1668 step=1 time=0 phase=4082 channel=10 icon=18 
MoveObject: type=2 stepAdvance=1 stepRecede=1 timeStopStart=0 timeStopEnd=0 posStart=2498;1348 posEnd=2498;1348 posCurrent=2498;1348 step=1 time=0 phase=4082 channel=10 icon=18 
MoveObject: type=6 stepAdvance=1 stepRecede=1 timeStopStart=0 timeStopEnd=0 posStart=2754;1544 posEnd=2754;1544 posCurrent=2754;1544 step=1 time=0 phase=4082 channel=10 icon=25 
MoveObject: type=1 stepAdvance=6 stepRecede=6 timeStopStart=3 timeStopEnd=3 posStart=3392;1984 posEnd=3392;2048 posCurrent=3392;2048 step=3 time=1 phase=4082 channel=1 icon=84 
MoveObject: type=26 stepAdvance=1 stepRecede=1 timeStopStart=0 timeStopEnd=0 posStart=1282;6152 posEnd=1282;6152 posCurrent=1282;6152 step=1 time=0 phase=4082 channel=10 icon=136 
MoveObject: type=6 stepAdvance=1 stepRecede=1 timeStopStart=0 timeStopEnd=0 posStart=1410;4040 posEnd=1410;4040 posCurrent=1410;4040 step=1 time=0 phase=4082 channel=10 icon=25 
MoveObject: type=16 stepAdvance=10 stepRecede=10 timeStopStart=0 timeStopEnd=0 posStart=2368;2880 posEnd=2432;2880 posCurrent=2374;2880 step=2 time=1 phase=4082 channel=10 icon=73 
MoveObject: type=16 stepAdvance=10 stepRecede=10 timeStopStart=0 timeStopEnd=0 posStart=2368;2816 posEnd=2432;2816 posCurrent=2374;2816 step=2 time=1 phase=4082 channel=10 icon=73 
MoveObject: type=16 stepAdvance=10 stepRecede=10 timeStopStart=0 timeStopEnd=0 posStart=2368;2752 posEnd=2432;2752 posCurrent=2374;2752 step=2 time=1 phase=4082 channel=10 icon=73 
MoveObject: type=16 stepAdvance=30 stepRecede=30 timeStopStart=0 timeStopEnd=0 posStart=2112;2560 posEnd=2304;2560 posCurrent=2196;2560 step=4 time=17 phase=4082 channel=10 icon=73 
MoveObject: type=16 stepAdvance=40 stepRecede=40 timeStopStart=0 timeStopEnd=0 posStart=2752;1856 posEnd=2496;1856 posCurrent=2540;1856 step=4 time=7 phase=4082 channel=10 icon=73 
MoveObject: type=6 stepAdvance=1 stepRecede=1 timeStopStart=0 timeStopEnd=0 posStart=2754;1160 posEnd=2754;1160 posCurrent=2754;1160 step=1 time=0 phase=4082 channel=10 icon=25 
MoveObject: type=44 stepAdvance=12 stepRecede=12 timeStopStart=4 timeStopEnd=4 posStart=3584;2368 posEnd=3712;2368 posCurrent=3680;2368 step=2 time=9 phase=4082 channel=10 icon=202 
MoveObject: type=1 stepAdvance=20 stepRecede=20 timeStopStart=10 timeStopEnd=10 posStart=4928;640 posEnd=4928;768 posCurrent=4928;724 step=4 time=7 phase=4082 channel=1 icon=84 
MoveObject: type=6 stepAdvance=1 stepRecede=1 timeStopStart=0 timeStopEnd=0 posStart=3458;2504 posEnd=3458;2504 posCurrent=3458;2504 step=1 time=0 phase=4082 channel=10 icon=25 
MoveObject: type=6 stepAdvance=1 stepRecede=1 timeStopStart=0 timeStopEnd=0 posStart=3522;2504 posEnd=3522;2504 posCurrent=3522;2504 step=1 time=0 phase=4082 channel=10 icon=25 
MoveObject: type=16 stepAdvance=10 stepRecede=10 timeStopStart=0 timeStopEnd=0 posStart=3712;1856 posEnd=3776;1856 posCurrent=3718;1856 step=2 time=1 phase=4082 channel=10 icon=73 
MoveObject: type=16 stepAdvance=30 stepRecede=30 timeStopStart=0 timeStopEnd=0 posStart=3904;1344 posEnd=4096;1344 posCurrent=3988;1344 step=4 time=17 phase=4082 channel=10 icon=73 
MoveObject: type=33 stepAdvance=30 stepRecede=30 timeStopStart=23 timeStopEnd=23 posStart=5824;512 posEnd=5632;512 posCurrent=5824;512 step=1 time=12 phase=4082 channel=13 icon=244 
MoveObject: type=32 stepAdvance=8 stepRecede=8 timeStopStart=25 timeStopEnd=25 posStart=5952;256 posEnd=6016;256 posCurrent=5952;256 step=1 time=22 phase=4082 channel=13 icon=273 
MoveObject: type=32 stepAdvance=24 stepRecede=24 timeStopStart=25 timeStopEnd=25 posStart=6016;1152 posEnd=6208;1152 posCurrent=6016;1152 step=1 time=2 phase=4082 channel=13 icon=74 
MoveObject: type=32 stepAdvance=24 stepRecede=24 timeStopStart=25 timeStopEnd=25 posStart=6080;1152 posEnd=6272;1152 posCurrent=6080;1152 step=1 time=2 phase=4082 channel=13 icon=74 
MoveObject: type=7 stepAdvance=1 stepRecede=1 timeStopStart=0 timeStopEnd=0 posStart=6146;1284 posEnd=6146;1284 posCurrent=6146;1284 step=1 time=0 phase=4082 channel=10 icon=29 
MoveObject: type=44 stepAdvance=12 stepRecede=12 timeStopStart=4 timeStopEnd=4 posStart=3776;1536 posEnd=3904;1536 posCurrent=3872;1536 step=2 time=9 phase=4082 channel=10 icon=202 
MoveObject: type=2 stepAdvance=1 stepRecede=1 timeStopStart=0 timeStopEnd=0 posStart=2178;3204 posEnd=2178;3204 posCurrent=2178;3204 step=1 time=0 phase=4082 channel=10 icon=18 
MoveObject: type=2 stepAdvance=1 stepRecede=1 timeStopStart=0 timeStopEnd=0 posStart=2242;3204 posEnd=2242;3204 posCurrent=2242;3204 step=1 time=0 phase=4082 channel=10 icon=18 
MoveObject: type=2 stepAdvance=1 stepRecede=1 timeStopStart=0 timeStopEnd=0 posStart=2306;3204 posEnd=2306;3204 posCurrent=2306;3204 step=1 time=0 phase=4082 channel=10 icon=18 
MoveObject: type=2 stepAdvance=1 stepRecede=1 timeStopStart=0 timeStopEnd=0 posStart=2370;3204 posEnd=2370;3204 posCurrent=2370;3204 step=1 time=0 phase=4082 channel=10 icon=18 
MoveObject: type=2 stepAdvance=1 stepRecede=1 timeStopStart=0 timeStopEnd=0 posStart=2050;3268 posEnd=2050;3268 posCurrent=2050;3268 step=1 time=0 phase=4082 channel=10 icon=18 
MoveObject: type=1 stepAdvance=50 stepRecede=50 timeStopStart=10 timeStopEnd=10 posStart=2240;1408 posEnd=2240;1728 posCurrent=2240;1466 step=4 time=41 phase=4082 channel=1 icon=84 
MoveObject: type=16 stepAdvance=10 stepRecede=10 timeStopStart=0 timeStopEnd=0 posStart=2368;2944 posEnd=2432;2944 posCurrent=2374;2944 step=2 time=1 phase=4082 channel=10 icon=73 
MoveObject: type=2 stepAdvance=1 stepRecede=1 timeStopStart=0 timeStopEnd=0 posStart=2178;2948 posEnd=2178;2948 posCurrent=2178;2948 step=1 time=0 phase=4082 channel=10 icon=18 
MoveObject: type=16 stepAdvance=30 stepRecede=30 timeStopStart=0 timeStopEnd=0 posStart=2112;2624 posEnd=2304;2624 posCurrent=2196;2624 step=4 time=17 phase=4082 channel=10 icon=73 
MoveObject: type=2 stepAdvance=1 stepRecede=1 timeStopStart=0 timeStopEnd=0 posStart=2370;2628 posEnd=2370;2628 posCurrent=2370;2628 step=1 time=0 phase=4082 channel=10 icon=18 
MoveObject: type=2 stepAdvance=1 stepRecede=1 timeStopStart=0 timeStopEnd=0 posStart=2434;2628 posEnd=2434;2628 posCurrent=2434;2628 step=1 time=0 phase=4082 channel=10 icon=18 
MoveObject: type=3 stepAdvance=1 stepRecede=1 timeStopStart=0 timeStopEnd=0 posStart=2434;2560 posEnd=2434;2560 posCurrent=2434;2560 step=1 time=0 phase=4082 channel=10 icon=54 
MoveObject: type=3 stepAdvance=1 stepRecede=1 timeStopStart=0 timeStopEnd=0 posStart=2178;2432 posEnd=2178;2432 posCurrent=2178;2432 step=1 time=0 phase=4082 channel=10 icon=54 
MoveObject: type=3 stepAdvance=1 stepRecede=1 timeStopStart=0 timeStopEnd=0 posStart=2242;2432 posEnd=2242;2432 posCurrent=2242;2432 step=1 time=0 phase=4082 channel=10 icon=54 
MoveObject: type=2 stepAdvance=1 stepRecede=1 timeStopStart=0 timeStopEnd=0 posStart=2370;2244 posEnd=2370;2244 posCurrent=2370;2244 step=1 time=0 phase=4082 channel=10 icon=18 
MoveObject: type=6 stepAdvance=1 stepRecede=1 timeStopStart=0 timeStopEnd=0 posStart=2690;2312 posEnd=2690;2312 posCurrent=2690;2312 step=1 time=0 phase=4082 channel=10 icon=25 
MoveObject: type=2 stepAdvance=1 stepRecede=1 timeStopStart=0 timeStopEnd=0 posStart=2370;1988 posEnd=2370;1988 posCurrent=2370;1988 step=1 time=0 phase=4082 channel=10 icon=18 
MoveObject: type=2 stepAdvance=1 stepRecede=1 timeStopStart=0 timeStopEnd=0 posStart=2626;1988 posEnd=2626;1988 posCurrent=2626;1988 step=1 time=0 phase=4082 channel=10 icon=18 
MoveObject: type=3 stepAdvance=1 stepRecede=1 timeStopStart=0 timeStopEnd=0 posStart=3266;1920 posEnd=3266;1920 posCurrent=3266;1920 step=1 time=0 phase=4082 channel=10 icon=54 
MoveObject: type=2 stepAdvance=1 stepRecede=1 timeStopStart=0 timeStopEnd=0 posStart=2946;1988 posEnd=2946;1988 posCurrent=2946;1988 step=1 time=0 phase=4082 channel=10 icon=18 
MoveObject: type=2 stepAdvance=1 stepRecede=1 timeStopStart=0 timeStopEnd=0 posStart=2818;1988 posEnd=2818;1988 posCurrent=2818;1988 step=1 time=0 phase=4082 channel=10 icon=18 
MoveObject: type=3 stepAdvance=1 stepRecede=1 timeStopStart=0 timeStopEnd=0 posStart=3394;1920 posEnd=3394;1920 posCurrent=3394;1920 step=1 time=0 phase=4082 channel=10 icon=54 
MoveObject: type=3 stepAdvance=1 stepRecede=1 timeStopStart=0 timeStopEnd=0 posStart=2370;1792 posEnd=2370;1792 posCurrent=2370;1792 step=1 time=0 phase=4082 channel=10 icon=54 
MoveObject: type=3 stepAdvance=1 stepRecede=1 timeStopStart=0 timeStopEnd=0 posStart=2498;1792 posEnd=2498;1792 posCurrent=2498;1792 step=1 time=0 phase=4082 channel=10 icon=54 
MoveObject: type=3 stepAdvance=1 stepRecede=1 timeStopStart=0 timeStopEnd=0 posStart=2562;1792 posEnd=2562;1792 posCurrent=2562;1792 step=1 time=0 phase=4082 channel=10 icon=54 
MoveObject: type=3 stepAdvance=1 stepRecede=1 timeStopStart=0 timeStopEnd=0 posStart=2626;1792 posEnd=2626;1792 posCurrent=2626;1792 step=1 time=0 phase=4082 channel=10 icon=54 
MoveObject: type=6 stepAdvance=1 stepRecede=1 timeStopStart=0 timeStopEnd=0 posStart=3778;2504 posEnd=3778;2504 posCurrent=3778;2504 step=1 time=0 phase=4082 channel=10 icon=25 
MoveObject: type=6 stepAdvance=1 stepRecede=1 timeStopStart=0 timeStopEnd=0 posStart=3842;2504 posEnd=3842;2504 posCurrent=3842;2504 step=1 time=0 phase=4082 channel=10 icon=25 
