DescFile: posDecor=0;450 dimDecor=100;100 world=0 music=5 region=22 blupiPos=258;710 blupiDir=2 
Decor: 
9,10,10,12,2,4,14,4,2,7,1,11,10,11,10,14,8,10,1,10,10,10,13,9,6,11,14,10,7,14,8,9,2,6,1,12,5,8,4,4,5,8,9,9,6,2,14,8,8,9,3,13,9,12,2,10,7,5,8,4,13,5,8,,,,,,,,,,,,,,,,,,,,,,,,,,,,,,,,,,,,,
7,9,6,10,7,11,8,6,10,10,10,10,10,10,14,2,10,6,13,12,14,7,6,11,13,10,10,10,2,4,5,5,6,4,2,2,13,11,11,24,9,5,6,6,13,12,1,,,51,,10,13,8,7,7,2,9,10,10,13,9,11,,,,,,,,,,,,,,,,,,,,,,,,,,,,,,,,,,,,,
14,1,2,9,4,10,7,8,9,1,11,11,13,10,14,4,4,6,7,8,8,8,9,9,12,10,8,3,13,6,7,4,4,3,10,10,14,2,2,11,10,13,7,9,4,2,,,,5,,24,10,10,14,4,1,7,2,10,7,5,8,,,,,,,,,,,,,,,,,,,,,,,,,,,,,,,,,,,,,
11,5,11,6,12,11,1,5,18,,57,,4,10,12,18,,,4,10,6,7,3,18,,,,51,,,,,,51,,,,,,1,8,7,10,14,11,1,,,7,2,,8,10,10,2,1,7,6,11,10,10,8,4,,,,,,,,,,,,,,,,,,,,,,,,,,,,,,,,,,,,,
1,7,1,13,6,5,4,25,,,,,13,10,13,59,,,51,,,,51,,,,,3,4,4,11,12,6,3,15,,,,,10,11,12,14,8,14,1,52,10,1,25,,4,10,9,8,11,5,12,10,10,12,12,12,,,,,,,,,,,,,,,,,,,,,,,,,,,,,,,,,,,,,
2,14,1,12,2,4,4,12,,,,,13,2,8,16,,,12,2,9,4,3,16,,,,11,10,14,13,9,4,4,20,,,,,9,14,8,6,7,1,13,52,2,23,9,,6,10,14,13,1,13,11,1,4,11,8,8,,,,,,,,,,,,,,,,,,,,,,,,,,,,,,,,,,,,,
2,14,4,5,4,6,8,2,55,,56,5,7,5,12,13,4,10,12,,,8,9,5,55,,,68,8,7,5,4,7,6,14,,,,,7,4,2,7,10,18,,,10,10,14,,10,10,11,13,10,14,7,10,13,9,13,1,,,,,,,,,,,,,,,,,,,,,,,,,,,,,,,,,,,,,
12,5,14,5,2,5,13,17,,,,110,14,6,8,6,13,12,6,55,,22,22,73,,,,68,5,12,14,10,7,4,21,,,,,2,6,9,2,14,,,56,17,68,14,55,,92,11,10,13,8,8,6,8,2,10,9,,,,,,,,,,,,,,,,,,,,,,,,,,,,,,,,,,,,,
2,6,2,12,7,6,8,,,,,110,8,4,14,7,4,8,10,,,12,1,2,55,,,68,13,2,14,14,9,12,8,,,,,24,13,1,1,10,55,,,,68,13,,,10,4,2,5,9,4,7,7,14,12,2,,,,,,,,,,,,,,,,,,,,,,,,,,,,,,,,,,,,,
10,11,1,5,8,10,25,,,,29,110,14,7,10,2,4,4,11,7,10,11,2,13,,,,68,8,2,4,12,5,10,25,,,,,8,12,9,2,4,,,56,16,68,9,15,,24,2,8,10,13,2,13,9,2,10,14,,,,,,,,,,,,,,,,,,,,,,,,,,,,,,,,,,,,,
6,13,6,8,1,10,6,,,,,110,10,1,5,10,2,2,4,11,1,2,11,8,,,,68,10,4,9,6,10,4,6,,,,,1,4,9,6,8,15,,,9,11,6,1,50,10,12,13,1,14,14,4,8,4,1,12,,,,,,,,,,,,,,,,,,,,,,,,,,,,,,,,,,,,,
4,10,4,10,14,9,11,,,,,110,5,9,10,11,7,13,5,7,5,5,7,12,,,,14,5,6,6,11,9,7,10,,,16,,14,8,11,13,2,7,4,,9,23,11,10,,,5,9,4,14,2,7,10,10,10,2,,,,,,,,,,,,,,,,,,,,,,,,,,,,,,,,,,,,,
8,14,6,14,14,2,18,,,,,110,13,10,14,14,13,13,6,11,7,10,5,,,,,,14,1,6,12,6,8,2,55,,4,,10,18,,,8,17,,,9,7,10,25,,,14,13,4,8,7,10,2,12,10,5,,,,,,,,,,,,,,,,,,,,,,,,,,,,,,,,,,,,,
11,1,9,2,14,14,,,,,,126,2,8,4,1,10,11,12,9,12,10,4,55,,,,,6,9,4,10,2,7,4,,,10,56,17,,,56,18,,,56,17,68,13,25,,,,2,10,4,10,5,5,14,10,13,,,,,,,,,,,,,,,,,,,,,,,,,,,,,,,,,,,,,
1,7,14,11,5,25,,,,,56,4,10,9,8,9,14,10,4,12,8,8,11,135,122,122,122,122,7,8,7,11,13,5,4,,,4,,,56,15,,,56,16,,,68,12,25,,,,48,5,7,11,6,10,10,6,10,,,,,,,,,,,,,,,,,,,,,,,,,,,,,,,,,,,,,
10,9,11,13,10,11,,,,,,129,5,9,2,4,4,10,8,11,13,10,12,55,,,,,4,2,1,13,10,10,9,12,5,1,16,,,5,16,,,7,15,,68,13,25,,,,92,11,13,10,7,6,10,12,14,,,,,,,,,,,,,,,,,,,,,,,,,,,,,,,,,,,,,
10,9,2,4,2,10,15,,,,,114,12,11,6,8,10,8,18,,6,1,4,118,118,118,118,132,7,2,14,14,12,8,8,13,1,7,11,4,10,1,10,5,,11,2,11,10,10,1,,,,48,9,13,10,8,7,7,14,6,,,,,,,,,,,,,,,,,,,,,,,,,,,,,,,,,,,,,
4,11,7,5,12,8,5,,,,,114,4,6,2,6,5,1,55,,7,12,10,55,,,,,14,11,14,12,12,1,10,11,10,6,14,10,6,13,4,13,,2,6,13,23,5,1,16,,,5,6,13,6,5,13,11,12,11,,,,,,,,,,,,,,,,,,,,,,,,,,,,,,,,,,,,,
2,7,1,14,5,11,12,,,,,114,12,10,13,304,305,305,305,305,13,5,1,135,122,122,122,122,6,13,13,9,6,5,10,8,4,1,2,14,11,14,11,1,,1,2,6,14,5,12,10,59,,2,10,10,1,2,6,4,12,7,,,,,,,,,,,,,,,,,,,,,,,,,,,,,,,,,,,,,
14,13,7,13,10,10,25,,,,29,114,12,2,14,8,13,7,55,,24,1,14,55,,,,,13,4,11,14,8,1,5,1,5,10,8,7,11,11,9,9,,11,7,12,6,4,304,305,305,305,48,10,10,10,13,6,9,10,5,,,,,,,,,,,,,,,,,,,,,,,,,,,,,,,,,,,,,
10,10,4,14,10,7,5,,,,,114,10,7,9,,,129,,,5,1,9,118,118,118,118,132,9,4,5,14,6,5,13,11,12,12,10,5,10,5,7,8,,11,10,7,9,13,9,7,59,,11,2,2,10,13,14,8,12,12,,,,,,,,,,,,,,,,,,,,,,,,,,,,,,,,,,,,,
1,4,12,2,12,6,9,,,,,114,4,8,1,,,114,,,,10,3,,,,,,10,9,12,14,8,10,2,13,5,14,10,11,12,5,6,11,,1,10,14,4,9,2,17,,,2,5,14,10,9,4,2,9,6,,,,,,,,,,,,,,,,,,,,,,,,,,,,,,,,,,,,,
13,9,1,1,10,14,10,,,,,114,2,12,10,,,114,,,,,49,,,,,,5,9,7,2,13,6,8,2,12,4,7,11,14,13,12,,,10,9,10,5,12,4,,,,13,4,4,5,5,6,8,2,10,,,,,,,,,,,,,,,,,,,,,,,,,,,,,,,,,,,,,
13,11,12,9,12,12,7,,,,,114,6,8,13,,,114,15,,,,3,7,14,4,50,5,12,14,10,2,2,8,8,12,10,11,11,9,2,10,14,,,5,4,14,10,7,14,,,,48,9,10,7,10,4,5,4,8,,,,,,,,,,,,,,,,,,,,,,,,,,,,,,,,,,,,,
4,4,8,12,4,8,13,15,,,56,5,11,10,10,,,114,5,59,,,1,13,12,,,110,2,6,7,8,6,6,8,5,11,1,13,13,7,9,11,,,13,1,9,12,1,26,,,,92,4,4,6,9,13,13,7,12,,,,,,,,,,,,,,,,,,,,,,,,,,,,,,,,,,,,,
4,7,14,6,5,9,10,14,,,,,9,6,6,,,114,25,,,,10,10,13,,54,110,5,7,10,4,2,5,12,6,14,5,9,7,8,14,6,,,14,8,4,2,13,4,,,,92,7,5,10,10,10,9,5,6,,,,,,,,,,,,,,,,,,,,,,,,,,,,,,,,,,,,,
6,5,5,9,19,,,2,,,,,11,14,10,,,114,9,59,,,6,2,11,52,1,110,11,7,5,14,1,13,4,8,8,8,4,14,6,4,7,,,9,5,12,12,10,26,,60,8,7,9,6,11,5,6,9,13,2,,,,,,,,,,,,,,,,,,,,,,,,,,,,,,,,,,,,,
8,13,11,14,20,,,6,118,118,118,118,118,132,1,,,114,18,,,,9,4,11,,2,110,8,11,10,4,6,5,7,1,1,7,8,14,11,5,11,,,13,7,7,11,7,10,,,5,10,10,9,14,13,10,14,2,10,,,,,,,,,,,,,,,,,,,,,,,,,,,,,,,,,,,,,
14,4,10,7,21,,,51,,15,,,7,12,12,,,114,,,,,11,12,8,,10,110,2,5,2,9,5,14,2,12,5,2,2,13,12,8,4,,,9,10,9,8,6,11,,,10,10,12,14,7,10,10,1,8,7,,,,,,,,,,,,,,,,,,,,,,,,,,,,,,,,,,,,,
1,11,2,6,7,4,9,8,27,17,,,6,2,11,118,118,118,118,118,118,132,10,2,4,52,10,110,7,6,10,10,13,14,13,5,12,13,8,5,10,2,7,52,7,6,13,2,8,9,10,52,10,4,11,8,4,6,6,7,5,1,14,,,,,,,,,,,,,,,,,,,,,,,,,,,,,,,,,,,,,
5,5,4,12,13,10,11,7,,,,,10,9,1,,,,,,,,4,10,2,,53,110,18,,2,13,10,8,14,1,11,8,9,9,6,5,4,,9,10,11,6,14,12,10,,10,14,10,10,12,13,14,1,9,5,13,,,,,,,,,,,,,,,,,,,,,,,,,,,,,,,,,,,,,
5,6,11,12,9,11,8,13,,,,,,10,,,,,,,,,8,6,12,,,110,,60,11,8,14,6,6,10,8,9,5,12,11,7,4,,14,13,10,11,6,5,10,,10,10,5,10,11,10,10,7,1,2,14,,,,,,,,,,,,,,,,,,,,,,,,,,,,,,,,,,,,,
11,6,12,11,7,13,2,8,,,,,3,17,,,,,,,,,8,5,13,,54,110,15,,13,2,5,8,4,12,13,8,14,5,5,10,7,,7,13,13,4,8,6,10,,10,4,14,10,11,4,8,14,10,10,5,,,,,,,,,,,,,,,,,,,,,,,,,,,,,,,,,,,,,
11,10,11,14,1,5,12,11,,,,,49,,,,56,16,,,,,8,12,2,13,4,126,10,10,6,4,12,12,8,9,7,10,5,1,6,12,4,,9,13,5,12,10,2,10,,10,10,5,7,12,12,10,5,11,10,4,,,,,,,,,,,,,,,,,,,,,,,,,,,,,,,,,,,,,
4,10,10,10,4,6,10,12,28,,56,5,3,15,,,,26,,,,,12,12,8,10,6,12,11,13,7,10,7,13,10,10,12,10,12,11,11,12,7,,10,9,11,8,9,4,10,,10,13,10,7,14,12,10,13,10,10,1,,,,,,,,,,,,,,,,,,,,,,,,,,,,,,,,,,,,,
13,12,1,5,8,14,9,12,,,,110,4,6,11,27,27,7,,,,,11,6,8,6,5,4,6,1,11,8,5,11,10,10,10,10,10,7,10,1,14,,5,10,9,4,10,10,10,,10,10,10,10,8,11,7,13,9,4,2,,,,,,,,,,,,,,,,,,,,,,,,,,,,,,,,,,,,,
1,9,13,12,7,12,11,10,,,,110,2,10,4,12,7,11,59,,,13,10,12,12,7,1,11,5,8,10,12,5,13,5,4,10,10,10,11,2,10,5,,7,13,10,7,10,10,10,52,10,10,10,4,11,1,10,2,11,12,4,,,,,,,,,,,,,,,,,,,,,,,,,,,,,,,,,,,,,
11,2,4,12,12,13,10,18,,,,110,10,12,1,2,14,1,,,,11,7,12,11,4,10,1,4,10,11,11,6,6,10,5,10,14,1,7,10,7,12,52,14,5,10,5,10,10,55,,56,10,10,2,4,11,6,13,11,12,12,,,,,,,,,,,,,,,,,,,,,,,,,,,,,,,,,,,,,
6,2,4,13,12,7,4,,,56,15,110,2,9,5,10,10,13,55,,,5,14,12,1,1,7,1,2,12,6,2,4,1,9,7,1,4,10,12,8,1,13,,73,73,73,73,73,73,,,20,10,10,14,11,12,14,10,13,8,10,,,,,,,,,,,,,,,,,,,,,,,,,,,,,,,,,,,,,
9,13,9,6,11,4,2,52,52,5,18,110,5,11,2,10,2,11,,,,51,110,8,7,10,5,1,5,13,8,11,14,9,9,8,6,12,5,10,14,6,10,13,12,4,6,13,10,10,55,,56,10,10,1,4,8,4,13,4,9,6,,,,,,,,,,,,,,,,,,,,,,,,,,,,,,,,,,,,,
10,4,14,14,7,1,1,15,,,,110,10,8,14,5,14,14,,,,2,110,4,10,13,11,7,10,2,11,6,10,8,7,9,10,5,1,14,13,11,6,2,12,8,5,7,10,10,10,52,10,10,10,9,5,10,2,4,10,2,14,,,,,,,,,,,,,,,,,,,,,,,,,,,,,,,,,,,,,
10,14,10,8,10,4,4,5,16,,16,110,10,8,9,11,4,11,19,,,8,110,2,7,14,14,5,13,4,7,7,10,11,4,5,2,6,8,1,5,10,13,1,14,1,5,14,10,10,10,10,10,10,10,8,8,11,2,10,2,4,5,,,,,,,,,,,,,,,,,,,,,,,,,,,,,,,,,,,,,
1,12,8,2,4,11,10,8,14,2,14,126,13,1,7,12,14,11,6,,60,13,110,14,12,5,8,8,1,13,8,14,9,8,10,7,14,6,5,2,1,10,4,10,6,7,12,7,8,13,10,1,11,11,8,14,13,11,12,6,4,1,2,,,,,,,,,,,,,,,,,,,,,,,,,,,,,,,,,,,,,
6,9,4,10,10,10,13,13,9,12,1,13,1,8,10,2,10,6,10,15,,73,110,12,4,10,1,7,11,8,7,4,13,11,9,5,5,13,6,13,6,8,14,6,1,7,6,4,6,8,4,13,2,13,5,10,2,7,5,14,14,10,8,,,,,,,,,,,,,,,,,,,,,,,,,,,,,,,,,,,,,
4,14,11,1,2,2,14,12,10,10,13,10,2,4,5,10,7,10,10,8,13,10,126,6,1,4,10,8,12,8,10,2,10,2,10,12,4,7,12,14,12,14,13,4,10,14,10,8,6,6,6,4,7,6,2,2,6,13,10,7,10,9,4,,,,,,,,,,,,,,,,,,,,,,,,,,,,,,,,,,,,,
4,11,1,1,12,14,1,13,12,6,10,11,9,14,7,10,13,14,14,13,10,13,14,6,8,14,11,5,10,11,13,5,5,7,10,2,8,4,7,10,10,10,11,2,10,5,4,10,1,5,14,5,9,12,13,2,4,6,9,9,5,14,7,,,,,,,,,,,,,,,,,,,,,,,,,,,,,,,,,,,,,
9,2,9,14,13,5,7,9,9,6,9,13,5,1,10,1,7,6,7,14,5,12,14,13,1,4,11,5,1,4,7,6,13,6,9,9,6,7,12,2,10,10,5,14,11,1,11,5,12,4,10,9,6,5,7,12,10,7,11,2,13,4,9,,,,,,,,,,,,,,,,,,,,,,,,,,,,,,,,,,,,,
6,2,1,10,10,10,1,10,10,6,7,13,12,4,8,4,4,7,14,13,13,10,2,6,10,14,7,7,12,12,8,5,10,6,4,14,1,2,14,7,11,5,12,2,13,2,5,6,6,9,13,14,5,2,1,12,9,10,4,1,2,10,6,,,,,,,,,,,,,,,,,,,,,,,,,,,,,,,,,,,,,
10,10,10,10,10,10,10,10,10,10,10,10,10,10,10,10,10,10,10,10,10,10,10,10,10,10,10,10,10,10,,,,,,,,,,,,,,,,,,,,,,,,,,,,,,,,,,,,,,,,,,,,,,,,,,,,,,,,,,,,,,,,,,,,,,
10,10,10,10,10,10,10,10,10,10,10,10,10,10,10,10,10,10,10,10,10,10,10,10,10,10,10,10,10,10,,,,,,,,,,,,,,,,,,,,,,,,,,,,,,,,,,,,,,,,,,,,,,,,,,,,,,,,,,,,,,,,,,,,,,
10,10,10,10,10,10,10,10,10,10,10,10,10,10,10,10,10,10,10,10,10,10,10,10,10,10,10,10,10,10,,,,,,,,,,,,,,,,,,,,,,,,,,,,,,,,,,,,,,,,,,,,,,,,,,,,,,,,,,,,,,,,,,,,,,
,,,,,,,,,,,,,,,,,,,,,,,,,,,,,,,,,,,,,,,,,,,,,,,,,,,,,,,,,,,,,,,,,,,,,,,,,,,,,,,,,,,,,,,,,,,,,,,,,,,
,,,,,,,,,,,,,,,,,,,,,,,,,,,,,,,,,,,,,,,,,,,,,,,,,,,,,,,,,,,,,,,,,,,,,,,,,,,,,,,,,,,,,,,,,,,,,,,,,,,
,,,,,,,,,,,,,,,,,,,,,,,,,,,,,,,,,,,,,,,,,,,,,,,,,,,,,,,,,,,,,,,,,,,,,,,,,,,,,,,,,,,,,,,,,,,,,,,,,,,
,,,,,,,,,,,,,,,,,,,,,,,,,,,,,,,,,,,,,,,,,,,,,,,,,,,,,,,,,,,,,,,,,,,,,,,,,,,,,,,,,,,,,,,,,,,,,,,,,,,
,,,,,,,,,,,,,,,,,,,,,,,,,,,,,,,,,,,,,,,,,,,,,,,,,,,,,,,,,,,,,,,,,,,,,,,,,,,,,,,,,,,,,,,,,,,,,,,,,,,
,,,,,,,,,,,,,,,,,,,,,,,,,,,,,,,,,,,,,,,,,,,,,,,,,,,,,,,,,,,,,,,,,,,,,,,,,,,,,,,,,,,,,,,,,,,,,,,,,,,
,,,,,,,,,,,,,,,,,,,,,,,,,,,,,,,,,,,,,,,,,,,,,,,,,,,,,,,,,,,,,,,,,,,,,,,,,,,,,,,,,,,,,,,,,,,,,,,,,,,
,,,,,,,,,,,,,,,,,,,,,,,,,,,,,,,,,,,,,,,,,,,,,,,,,,,,,,,,,,,,,,,,,,,,,,,,,,,,,,,,,,,,,,,,,,,,,,,,,,,
,,,,,,,,,,,,,,,,,,,,,,,,,,,,,,,,,,,,,,,,,,,,,,,,,,,,,,,,,,,,,,,,,,,,,,,,,,,,,,,,,,,,,,,,,,,,,,,,,,,
,,,,,,,,,,,,,,,,,,,,,,,,,,,,,,,,,,,,,,,,,,,,,,,,,,,,,,,,,,,,,,,,,,,,,,,,,,,,,,,,,,,,,,,,,,,,,,,,,,,
,,,,,,,,,,,,,,,,,,,,,,,,,,,,,,,,,,,,,,,,,,,,,,,,,,,,,,,,,,,,,,,,,,,,,,,,,,,,,,,,,,,,,,,,,,,,,,,,,,,
,,,,,,,,,,,,,,,,,,,,,,,,,,,,,,,,,,,,,,,,,,,,,,,,,,,,,,,,,,,,,,,,,,,,,,,,,,,,,,,,,,,,,,,,,,,,,,,,,,,
,,,,,,,,,,,,,,,,,,,,,,,,,,,,,,,,,,,,,,,,,,,,,,,,,,,,,,,,,,,,,,,,,,,,,,,,,,,,,,,,,,,,,,,,,,,,,,,,,,,
,,,,,,,,,,,,,,,,,,,,,,,,,,,,,,,,,,,,,,,,,,,,,,,,,,,,,,,,,,,,,,,,,,,,,,,,,,,,,,,,,,,,,,,,,,,,,,,,,,,
,,,,,,,,,,,,,,,,,,,,,,,,,,,,,,,,,,,,,,,,,,,,,,,,,,,,,,,,,,,,,,,,,,,,,,,,,,,,,,,,,,,,,,,,,,,,,,,,,,,
,,,,,,,,,,,,,,,,,,,,,,,,,,,,,,,,,,,,,,,,,,,,,,,,,,,,,,,,,,,,,,,,,,,,,,,,,,,,,,,,,,,,,,,,,,,,,,,,,,,
,,,,,,,,,,,,,,,,,,,,,,,,,,,,,,,,,,,,,,,,,,,,,,,,,,,,,,,,,,,,,,,,,,,,,,,,,,,,,,,,,,,,,,,,,,,,,,,,,,,
,,,,,,,,,,,,,,,,,,,,,,,,,,,,,,,,,,,,,,,,,,,,,,,,,,,,,,,,,,,,,,,,,,,,,,,,,,,,,,,,,,,,,,,,,,,,,,,,,,,
,,,,,,,,,,,,,,,,,,,,,,,,,,,,,,,,,,,,,,,,,,,,,,,,,,,,,,,,,,,,,,,,,,,,,,,,,,,,,,,,,,,,,,,,,,,,,,,,,,,
,,,,,,,,,,,,,,,,,,,,,,,,,,,,,,,,,,,,,,,,,,,,,,,,,,,,,,,,,,,,,,,,,,,,,,,,,,,,,,,,,,,,,,,,,,,,,,,,,,,
,,,,,,,,,,,,,,,,,,,,,,,,,,,,,,,,,,,,,,,,,,,,,,,,,,,,,,,,,,,,,,,,,,,,,,,,,,,,,,,,,,,,,,,,,,,,,,,,,,,
,,,,,,,,,,,,,,,,,,,,,,,,,,,,,,,,,,,,,,,,,,,,,,,,,,,,,,,,,,,,,,,,,,,,,,,,,,,,,,,,,,,,,,,,,,,,,,,,,,,
,,,,,,,,,,,,,,,,,,,,,,,,,,,,,,,,,,,,,,,,,,,,,,,,,,,,,,,,,,,,,,,,,,,,,,,,,,,,,,,,,,,,,,,,,,,,,,,,,,,
,,,,,,,,,,,,,,,,,,,,,,,,,,,,,,,,,,,,,,,,,,,,,,,,,,,,,,,,,,,,,,,,,,,,,,,,,,,,,,,,,,,,,,,,,,,,,,,,,,,
,,,,,,,,,,,,,,,,,,,,,,,,,,,,,,,,,,,,,,,,,,,,,,,,,,,,,,,,,,,,,,,,,,,,,,,,,,,,,,,,,,,,,,,,,,,,,,,,,,,
,,,,,,,,,,,,,,,,,,,,,,,,,,,,,,,,,,,,,,,,,,,,,,,,,,,,,,,,,,,,,,,,,,,,,,,,,,,,,,,,,,,,,,,,,,,,,,,,,,,
,,,,,,,,,,,,,,,,,,,,,,,,,,,,,,,,,,,,,,,,,,,,,,,,,,,,,,,,,,,,,,,,,,,,,,,,,,,,,,,,,,,,,,,,,,,,,,,,,,,
,,,,,,,,,,,,,,,,,,,,,,,,,,,,,,,,,,,,,,,,,,,,,,,,,,,,,,,,,,,,,,,,,,,,,,,,,,,,,,,,,,,,,,,,,,,,,,,,,,,
,,,,,,,,,,,,,,,,,,,,,,,,,,,,,,,,,,,,,,,,,,,,,,,,,,,,,,,,,,,,,,,,,,,,,,,,,,,,,,,,,,,,,,,,,,,,,,,,,,,
,,,,,,,,,,,,,,,,,,,,,,,,,,,,,,,,,,,,,,,,,,,,,,,,,,,,,,,,,,,,,,,,,,,,,,,,,,,,,,,,,,,,,,,,,,,,,,,,,,,
,,,,,,,,,,,,,,,,,,,,,,,,,,,,,,,,,,,,,,,,,,,,,,,,,,,,,,,,,,,,,,,,,,,,,,,,,,,,,,,,,,,,,,,,,,,,,,,,,,,
,,,,,,,,,,,,,,,,,,,,,,,,,,,,,,,,,,,,,,,,,,,,,,,,,,,,,,,,,,,,,,,,,,,,,,,,,,,,,,,,,,,,,,,,,,,,,,,,,,,
,,,,,,,,,,,,,,,,,,,,,,,,,,,,,,,,,,,,,,,,,,,,,,,,,,,,,,,,,,,,,,,,,,,,,,,,,,,,,,,,,,,,,,,,,,,,,,,,,,,
,,,,,,,,,,,,,,,,,,,,,,,,,,,,,,,,,,,,,,,,,,,,,,,,,,,,,,,,,,,,,,,,,,,,,,,,,,,,,,,,,,,,,,,,,,,,,,,,,,,
,,,,,,,,,,,,,,,,,,,,,,,,,,,,,,,,,,,,,,,,,,,,,,,,,,,,,,,,,,,,,,,,,,,,,,,,,,,,,,,,,,,,,,,,,,,,,,,,,,,
,,,,,,,,,,,,,,,,,,,,,,,,,,,,,,,,,,,,,,,,,,,,,,,,,,,,,,,,,,,,,,,,,,,,,,,,,,,,,,,,,,,,,,,,,,,,,,,,,,,
,,,,,,,,,,,,,,,,,,,,,,,,,,,,,,,,,,,,,,,,,,,,,,,,,,,,,,,,,,,,,,,,,,,,,,,,,,,,,,,,,,,,,,,,,,,,,,,,,,,
,,,,,,,,,,,,,,,,,,,,,,,,,,,,,,,,,,,,,,,,,,,,,,,,,,,,,,,,,,,,,,,,,,,,,,,,,,,,,,,,,,,,,,,,,,,,,,,,,,,
,,,,,,,,,,,,,,,,,,,,,,,,,,,,,,,,,,,,,,,,,,,,,,,,,,,,,,,,,,,,,,,,,,,,,,,,,,,,,,,,,,,,,,,,,,,,,,,,,,,
,,,,,,,,,,,,,,,,,,,,,,,,,,,,,,,,,,,,,,,,,,,,,,,,,,,,,,,,,,,,,,,,,,,,,,,,,,,,,,,,,,,,,,,,,,,,,,,,,,,
,,,,,,,,,,,,,,,,,,,,,,,,,,,,,,,,,,,,,,,,,,,,,,,,,,,,,,,,,,,,,,,,,,,,,,,,,,,,,,,,,,,,,,,,,,,,,,,,,,,
,,,,,,,,,,,,,,,,,,,,,,,,,,,,,,,,,,,,,,,,,,,,,,,,,,,,,,,,,,,,,,,,,,,,,,,,,,,,,,,,,,,,,,,,,,,,,,,,,,,
,,,,,,,,,,,,,,,,,,,,,,,,,,,,,,,,,,,,,,,,,,,,,,,,,,,,,,,,,,,,,,,,,,,,,,,,,,,,,,,,,,,,,,,,,,,,,,,,,,,
,,,,,,,,,,,,,,,,,,,,,,,,,,,,,,,,,,,,,,,,,,,,,,,,,,,,,,,,,,,,,,,,,,,,,,,,,,,,,,,,,,,,,,,,,,,,,,,,,,,
,,,,,,,,,,,,,,,,,,,,,,,,,,,,,,,,,,,,,,,,,,,,,,,,,,,,,,,,,,,,,,,,,,,,,,,,,,,,,,,,,,,,,,,,,,,,,,,,,,,
,,,,,,,,,,,,,,,,,,,,,,,,,,,,,,,,,,,,,,,,,,,,,,,,,,,,,,,,,,,,,,,,,,,,,,,,,,,,,,,,,,,,,,,,,,,,,,,,,,,
,,,,,,,,,,,,,,,,,,,,,,,,,,,,,,,,,,,,,,,,,,,,,,,,,,,,,,,,,,,,,,,,,,,,,,,,,,,,,,,,,,,,,,,,,,,,,,,,,,,
,,,,,,,,,,,,,,,,,,,,,,,,,,,,,,,,,,,,,,,,,,,,,,,,,,,,,,,,,,,,,,,,,,,,,,,,,,,,,,,,,,,,,,,,,,,,,,,,,,,
,,,,,,,,,,,,,,,,,,,,,,,,,,,,,,,,,,,,,,,,,,,,,,,,,,,,,,,,,,,,,,,,,,,,,,,,,,,,,,,,,,,,,,,,,,,,,,,,,,,
BigDecor: 
,,,,,,,,,,,,,,,,,,,,,,,,,,,,,,,,,,,,,,,,,,,,,,,,,,,,,,,,,,,,,,,,,,,,,,,,,,,,,,,,,,,,,,,,,,,,,,,,,,,
,,,,,,,,,,,,,,,,,,,,,,,,,,,,,,,,,,,,,,,,,,,,,,,,,,,,,,,,,,,,,,,,,,,,,,,,,,,,,,,,,,,,,,,,,,,,,,,,,,,
,,,,,,,,,,,,,,,,,,,,,,,,,,,,,,,,,,,,,,,,,,,,,,,,,,,,,,,,,,,,,,,,,,,,,,,,,,,,,,,,,,,,,,,,,,,,,,,,,,,
,,,,,,,,,,,,,,,,,,,,,,,,,,,,,,,,,,,,,,,,,,,,,,,,,,,,,,,,,,,,,,,,,,,,,,,,,,,,,,,,,,,,,,,,,,,,,,,,,,,
,,,,,,,,,,,,,,,,,,,,,,,,,,,,,,,,,,,,,,,,,,,,,,,,,,,,,,,,,,,,,,,,,,,,,,,,,,,,,,,,,,,,,,,,,,,,,,,,,,,
,,,,,,,,,,,,,,,,,,,,,,,,,,,,,,,,,,,,,,,,,,,,,,,,,,,,,,,,,,,,,,,,,,,,,,,,,,,,,,,,,,,,,,,,,,,,,,,,,,,
,,,,,,,,,,,,,,,,,,,,,,,,,,,,,,,,,,,,,,,,,,,,,,,,,,,,,,,,,,,,,,,,,,,,,,,,,,,,,,,,,,,,,,,,,,,,,,,,,,,
,,,,,,,,,,,,,,,,,,,,,,,,,,,,,,,,,,,,,,,,,,,,,,,,,,,,,,,,,,,,,,,,,,,,,,,,,,,,,,,,,,,,,,,,,,,,,,,,,,,
,,,,,,,,,,,,,,,,,,,,,,,,,,,,,,,,,,,,,,,,,,,,,,,,,,,,,,,,,,,,,,,,,,,,,,,,,,,,,,,,,,,,,,,,,,,,,,,,,,,
,,,,,,,,,,,,,,,,,,,,,,,,,,,,,,,,,,,,,,,,,,,,,,,,,,,,,,,,,,,,,,,,,,,,,,,,,,,,,,,,,,,,,,,,,,,,,,,,,,,
,,,,,,,,,,,,,,,,,,,,,,,,,,,,,,,,,,,,,,,,,,,,,,,,,,,,,,,,,,,,,,,,,,,,,,,,,,,,,,,,,,,,,,,,,,,,,,,,,,,
,,,,,,,,,,,,,,,,,,,,,,,,,,,,,,,,,,,,,,,,,,,,,,,,,,,,,,,,,,,,,,,,,,,,,,,,,,,,,,,,,,,,,,,,,,,,,,,,,,,
,,,,,,,,,,,,,,,,,,,,,,,,,,,,,,,,,,,,,,,,,,,,,,,,,,,,,,,,,,,,,,,,,,,,,,,,,,,,,,,,,,,,,,,,,,,,,,,,,,,
,,,,,,,,,,,,,,,,,,,,,,,,,,,,,,,,,,,,,,,,,,,,,,,,,,,,,,,,,,,,,,,,,,,,,,,,,,,,,,,,,,,,,,,,,,,,,,,,,,,
,,,,,,,,,,,,,,,,,,,,,,,,,,,,,,,,,,,,,,,,,,,,,,,,,,,,,,,,,,,,,,,,,,,,,,,,,,,,,,,,,,,,,,,,,,,,,,,,,,,
,,,,,,,,,,,,,,,,,,,,,,,,,,,,,,,,,,,,,,,,,,,,,,,,,,,,,,,,,,,,,,,,,,,,,,,,,,,,,,,,,,,,,,,,,,,,,,,,,,,
,,,,,,,,,,,,,,,,,,,,,,,,,,,,,,,,,,,,,,,,,,,,,,,,,,,,,,,,,,,,,,,,,,,,,,,,,,,,,,,,,,,,,,,,,,,,,,,,,,,
,,,,,,,,,,,,,,,,,,,,,,,,,,,,,,,,,,,,,,,,,,,,,,,,,,,,,,,,,,,,,,,,,,,,,,,,,,,,,,,,,,,,,,,,,,,,,,,,,,,
,,,,,,,,,,,,,,,,,,,,,,,,,,,,,,,,,,,,,,,,,,,,,,,,,,,,,,,,,,,,,,,,,,,,,,,,,,,,,,,,,,,,,,,,,,,,,,,,,,,
,,,,,,,,,,,,,,,,,,,,,,,,,,,,,,,,,,,,,,,,,,,,,,,,,,,,,,,,,,,,,,,,,,,,,,,,,,,,,,,,,,,,,,,,,,,,,,,,,,,
,,,,,,,,,,,,,,,,,,,,,,,,,,,,,,,,,,,,,,,,,,,,,,,,,,,,,,,,,,,,,,,,,,,,,,,,,,,,,,,,,,,,,,,,,,,,,,,,,,,
,,,,,,,,,,,,,,,,,,,,,,,,,,,,,,,,,,,,,,,,,,,,,,,,,,,,,,,,,,,,,,,,,,,,,,,,,,,,,,,,,,,,,,,,,,,,,,,,,,,
,,,,,,,,,,,,,,,,,,,,,,,,,,,,,,,,,,,,,,,,,,,,,,,,,,,,,,,,,,,,,,,,,,,,,,,,,,,,,,,,,,,,,,,,,,,,,,,,,,,
,,,,,,,,,,,,,,,,,,,,,,,,,,,,,,,,,,,,,,,,,,,,,,,,,,,,,,,,,,,,,,,,,,,,,,,,,,,,,,,,,,,,,,,,,,,,,,,,,,,
,,,,,,,,,,,,,,,,,,,,,,,,,,,,,,,,,,,,,,,,,,,,,,,,,,,,,,,,,,,,,,,,,,,,,,,,,,,,,,,,,,,,,,,,,,,,,,,,,,,
,,,,,,,,,,,,,,,,,,,,,,,,,,,,,,,,,,,,,,,,,,,,,,,,,,,,,,,,,,,,,,,,,,,,,,,,,,,,,,,,,,,,,,,,,,,,,,,,,,,
,,,,,,,,,,,,,,,,,,,,,,,,,,,,,,,,,,,,,,,,,,,,,,,,,,,,,,,,,,,,,,,,,,,,,,,,,,,,,,,,,,,,,,,,,,,,,,,,,,,
,,,,,,,,,,,,,,,,,,,,,,,,,,,,,,,,,,,,,,,,,,,,,,,,,,,,,,,,,,,,,,,,,,,,,,,,,,,,,,,,,,,,,,,,,,,,,,,,,,,
,,,,,,,,,,,,,,,,,,,,,,,,,,,,,,,,,,,,,,,,,,,,,,,,,,,,,,,,,,,,,,,,,,,,,,,,,,,,,,,,,,,,,,,,,,,,,,,,,,,
,,,,,,,,,,,,,,,,,,,,,,,,,,,,,,,,,,,,,,,,,,,,,,,,,,,,,,,,,,,,,,,,,,,,,,,,,,,,,,,,,,,,,,,,,,,,,,,,,,,
,,,,,,,,,,,,,,,,,,,,,,,,,,,,,,,,,,,,,,,,,,,,,,,,,,,,,,,,,,,,,,,,,,,,,,,,,,,,,,,,,,,,,,,,,,,,,,,,,,,
,,,,,,,,,,,,,,,,,,,,,,,,,,,,,,,,,,,,,,,,,,,,,,,,,,,,,,,,,,,,,,,,,,,,,,,,,,,,,,,,,,,,,,,,,,,,,,,,,,,
,,,,,,,,,,,,,,,,,,,,,,,,,,,,,,,,,,,,,,,,,,,,,,,,,,,,,,,,,,,,,,,,,,,,,,,,,,,,,,,,,,,,,,,,,,,,,,,,,,,
,,,,,,,,,,,,,,,,,,,,,,,,,,,,,,,,,,,,,,,,,,,,,,,,,,,,,,,,,,,,,,,,,,,,,,,,,,,,,,,,,,,,,,,,,,,,,,,,,,,
,,,,,,,,,,,,,,,,,,,,,,,,,,,,,,,,,,,,,,,,,,,,,,,,,,,,,,,,,,,,,,,,,,,,,,,,,,,,,,,,,,,,,,,,,,,,,,,,,,,
,,,,,,,,,,,,,,,,,,,,,,,,,,,,,,,,,,,,,,,,,,,,,,,,,,,,,,,,,,,,,,,,,,,,,,,,,,,,,,,,,,,,,,,,,,,,,,,,,,,
,,,,,,,,,,,,,,,,,,,,,,,,,,,,,,,,,,,,,,,,,,,,,,,,,,,,,,,,,,,,,,,,,,,,,,,,,,,,,,,,,,,,,,,,,,,,,,,,,,,
,,,,,,,,,,,,,,,,,,,,,,,,,,,,,,,,,,,,,,,,,,,,,,,,,,,,,,,,,,,,,,,,,,,,,,,,,,,,,,,,,,,,,,,,,,,,,,,,,,,
,,,,,,,,,,,,,,,,,,,,,,,,,,,,,,,,,,,,,,,,,,,,,,,,,,,,,,,,,,,,,,,,,,,,,,,,,,,,,,,,,,,,,,,,,,,,,,,,,,,
,,,,,,,,,,,,,,,,,,,,,,,,,,,,,,,,,,,,,,,,,,,,,,,,,,,,,,,,,,,,,,,,,,,,,,,,,,,,,,,,,,,,,,,,,,,,,,,,,,,
,,,,,,,,,,,,,,,,,,,,,,,,,,,,,,,,,,,,,,,,,,,,,,,,,,,,,,,,,,,,,,,,,,,,,,,,,,,,,,,,,,,,,,,,,,,,,,,,,,,
,,,,,,,,,,,,,,,,,,,,,,,,,,,,,,,,,,,,,,,,,,,,,,,,,,,,,,,,,,,,,,,,,,,,,,,,,,,,,,,,,,,,,,,,,,,,,,,,,,,
,,,,,,,,,,,,,,,,,,,,,,,,,,,,,,,,,,,,,,,,,,,,,,,,,,,,,,,,,,,,,,,,,,,,,,,,,,,,,,,,,,,,,,,,,,,,,,,,,,,
,,,,,,,,,,,,,,,,,,,,,,,,,,,,,,,,,,,,,,,,,,,,,,,,,,,,,,,,,,,,,,,,,,,,,,,,,,,,,,,,,,,,,,,,,,,,,,,,,,,
,,,,,,,,,,,,,,,,,,,,,,,,,,,,,,,,,,,,,,,,,,,,,,,,,,,,,,,,,,,,,,,,,,,,,,,,,,,,,,,,,,,,,,,,,,,,,,,,,,,
,,,,,,,,,,,,,,,,,,,,,,,,,,,,,,,,,,,,,,,,,,,,,,,,,,,,,,,,,,,,,,,,,,,,,,,,,,,,,,,,,,,,,,,,,,,,,,,,,,,
,,,,,,,,,,,,,,,,,,,,,,,,,,,,,,,,,,,,,,,,,,,,,,,,,,,,,,,,,,,,,,,,,,,,,,,,,,,,,,,,,,,,,,,,,,,,,,,,,,,
,,,,,,,,,,,,,,,,,,,,,,,,,,,,,,,,,,,,,,,,,,,,,,,,,,,,,,,,,,,,,,,,,,,,,,,,,,,,,,,,,,,,,,,,,,,,,,,,,,,
,,,,,,,,,,,,,,,,,,,,,,,,,,,,,,,,,,,,,,,,,,,,,,,,,,,,,,,,,,,,,,,,,,,,,,,,,,,,,,,,,,,,,,,,,,,,,,,,,,,
,,,,,,,,,,,,,,,,,,,,,,,,,,,,,,,,,,,,,,,,,,,,,,,,,,,,,,,,,,,,,,,,,,,,,,,,,,,,,,,,,,,,,,,,,,,,,,,,,,,
,,,,,,,,,,,,,,,,,,,,,,,,,,,,,,,,,,,,,,,,,,,,,,,,,,,,,,,,,,,,,,,,,,,,,,,,,,,,,,,,,,,,,,,,,,,,,,,,,,,
,,,,,,,,,,,,,,,,,,,,,,,,,,,,,,,,,,,,,,,,,,,,,,,,,,,,,,,,,,,,,,,,,,,,,,,,,,,,,,,,,,,,,,,,,,,,,,,,,,,
,,,,,,,,,,,,,,,,,,,,,,,,,,,,,,,,,,,,,,,,,,,,,,,,,,,,,,,,,,,,,,,,,,,,,,,,,,,,,,,,,,,,,,,,,,,,,,,,,,,
,,,,,,,,,,,,,,,,,,,,,,,,,,,,,,,,,,,,,,,,,,,,,,,,,,,,,,,,,,,,,,,,,,,,,,,,,,,,,,,,,,,,,,,,,,,,,,,,,,,
,,,,,,,,,,,,,,,,,,,,,,,,,,,,,,,,,,,,,,,,,,,,,,,,,,,,,,,,,,,,,,,,,,,,,,,,,,,,,,,,,,,,,,,,,,,,,,,,,,,
,,,,,,,,,,,,,,,,,,,,,,,,,,,,,,,,,,,,,,,,,,,,,,,,,,,,,,,,,,,,,,,,,,,,,,,,,,,,,,,,,,,,,,,,,,,,,,,,,,,
,,,,,,,,,,,,,,,,,,,,,,,,,,,,,,,,,,,,,,,,,,,,,,,,,,,,,,,,,,,,,,,,,,,,,,,,,,,,,,,,,,,,,,,,,,,,,,,,,,,
,,,,,,,,,,,,,,,,,,,,,,,,,,,,,,,,,,,,,,,,,,,,,,,,,,,,,,,,,,,,,,,,,,,,,,,,,,,,,,,,,,,,,,,,,,,,,,,,,,,
,,,,,,,,,,,,,,,,,,,,,,,,,,,,,,,,,,,,,,,,,,,,,,,,,,,,,,,,,,,,,,,,,,,,,,,,,,,,,,,,,,,,,,,,,,,,,,,,,,,
,,,,,,,,,,,,,,,,,,,,,,,,,,,,,,,,,,,,,,,,,,,,,,,,,,,,,,,,,,,,,,,,,,,,,,,,,,,,,,,,,,,,,,,,,,,,,,,,,,,
,,,,,,,,,,,,,,,,,,,,,,,,,,,,,,,,,,,,,,,,,,,,,,,,,,,,,,,,,,,,,,,,,,,,,,,,,,,,,,,,,,,,,,,,,,,,,,,,,,,
,,,,,,,,,,,,,,,,,,,,,,,,,,,,,,,,,,,,,,,,,,,,,,,,,,,,,,,,,,,,,,,,,,,,,,,,,,,,,,,,,,,,,,,,,,,,,,,,,,,
,,,,,,,,,,,,,,,,,,,,,,,,,,,,,,,,,,,,,,,,,,,,,,,,,,,,,,,,,,,,,,,,,,,,,,,,,,,,,,,,,,,,,,,,,,,,,,,,,,,
,,,,,,,,,,,,,,,,,,,,,,,,,,,,,,,,,,,,,,,,,,,,,,,,,,,,,,,,,,,,,,,,,,,,,,,,,,,,,,,,,,,,,,,,,,,,,,,,,,,
,,,,,,,,,,,,,,,,,,,,,,,,,,,,,,,,,,,,,,,,,,,,,,,,,,,,,,,,,,,,,,,,,,,,,,,,,,,,,,,,,,,,,,,,,,,,,,,,,,,
,,,,,,,,,,,,,,,,,,,,,,,,,,,,,,,,,,,,,,,,,,,,,,,,,,,,,,,,,,,,,,,,,,,,,,,,,,,,,,,,,,,,,,,,,,,,,,,,,,,
,,,,,,,,,,,,,,,,,,,,,,,,,,,,,,,,,,,,,,,,,,,,,,,,,,,,,,,,,,,,,,,,,,,,,,,,,,,,,,,,,,,,,,,,,,,,,,,,,,,
,,,,,,,,,,,,,,,,,,,,,,,,,,,,,,,,,,,,,,,,,,,,,,,,,,,,,,,,,,,,,,,,,,,,,,,,,,,,,,,,,,,,,,,,,,,,,,,,,,,
,,,,,,,,,,,,,,,,,,,,,,,,,,,,,,,,,,,,,,,,,,,,,,,,,,,,,,,,,,,,,,,,,,,,,,,,,,,,,,,,,,,,,,,,,,,,,,,,,,,
,,,,,,,,,,,,,,,,,,,,,,,,,,,,,,,,,,,,,,,,,,,,,,,,,,,,,,,,,,,,,,,,,,,,,,,,,,,,,,,,,,,,,,,,,,,,,,,,,,,
,,,,,,,,,,,,,,,,,,,,,,,,,,,,,,,,,,,,,,,,,,,,,,,,,,,,,,,,,,,,,,,,,,,,,,,,,,,,,,,,,,,,,,,,,,,,,,,,,,,
,,,,,,,,,,,,,,,,,,,,,,,,,,,,,,,,,,,,,,,,,,,,,,,,,,,,,,,,,,,,,,,,,,,,,,,,,,,,,,,,,,,,,,,,,,,,,,,,,,,
,,,,,,,,,,,,,,,,,,,,,,,,,,,,,,,,,,,,,,,,,,,,,,,,,,,,,,,,,,,,,,,,,,,,,,,,,,,,,,,,,,,,,,,,,,,,,,,,,,,
,,,,,,,,,,,,,,,,,,,,,,,,,,,,,,,,,,,,,,,,,,,,,,,,,,,,,,,,,,,,,,,,,,,,,,,,,,,,,,,,,,,,,,,,,,,,,,,,,,,
,,,,,,,,,,,,,,,,,,,,,,,,,,,,,,,,,,,,,,,,,,,,,,,,,,,,,,,,,,,,,,,,,,,,,,,,,,,,,,,,,,,,,,,,,,,,,,,,,,,
,,,,,,,,,,,,,,,,,,,,,,,,,,,,,,,,,,,,,,,,,,,,,,,,,,,,,,,,,,,,,,,,,,,,,,,,,,,,,,,,,,,,,,,,,,,,,,,,,,,
,,,,,,,,,,,,,,,,,,,,,,,,,,,,,,,,,,,,,,,,,,,,,,,,,,,,,,,,,,,,,,,,,,,,,,,,,,,,,,,,,,,,,,,,,,,,,,,,,,,
,,,,,,,,,,,,,,,,,,,,,,,,,,,,,,,,,,,,,,,,,,,,,,,,,,,,,,,,,,,,,,,,,,,,,,,,,,,,,,,,,,,,,,,,,,,,,,,,,,,
,,,,,,,,,,,,,,,,,,,,,,,,,,,,,,,,,,,,,,,,,,,,,,,,,,,,,,,,,,,,,,,,,,,,,,,,,,,,,,,,,,,,,,,,,,,,,,,,,,,
,,,,,,,,,,,,,,,,,,,,,,,,,,,,,,,,,,,,,,,,,,,,,,,,,,,,,,,,,,,,,,,,,,,,,,,,,,,,,,,,,,,,,,,,,,,,,,,,,,,
,,,,,,,,,,,,,,,,,,,,,,,,,,,,,,,,,,,,,,,,,,,,,,,,,,,,,,,,,,,,,,,,,,,,,,,,,,,,,,,,,,,,,,,,,,,,,,,,,,,
,,,,,,,,,,,,,,,,,,,,,,,,,,,,,,,,,,,,,,,,,,,,,,,,,,,,,,,,,,,,,,,,,,,,,,,,,,,,,,,,,,,,,,,,,,,,,,,,,,,
,,,,,,,,,,,,,,,,,,,,,,,,,,,,,,,,,,,,,,,,,,,,,,,,,,,,,,,,,,,,,,,,,,,,,,,,,,,,,,,,,,,,,,,,,,,,,,,,,,,
,,,,,,,,,,,,,,,,,,,,,,,,,,,,,,,,,,,,,,,,,,,,,,,,,,,,,,,,,,,,,,,,,,,,,,,,,,,,,,,,,,,,,,,,,,,,,,,,,,,
,,,,,,,,,,,,,,,,,,,,,,,,,,,,,,,,,,,,,,,,,,,,,,,,,,,,,,,,,,,,,,,,,,,,,,,,,,,,,,,,,,,,,,,,,,,,,,,,,,,
,,,,,,,,,,,,,,,,,,,,,,,,,,,,,,,,,,,,,,,,,,,,,,,,,,,,,,,,,,,,,,,,,,,,,,,,,,,,,,,,,,,,,,,,,,,,,,,,,,,
,,,,,,,,,,,,,,,,,,,,,,,,,,,,,,,,,,,,,,,,,,,,,,,,,,,,,,,,,,,,,,,,,,,,,,,,,,,,,,,,,,,,,,,,,,,,,,,,,,,
,,,,,,,,,,,,,,,,,,,,,,,,,,,,,,,,,,,,,,,,,,,,,,,,,,,,,,,,,,,,,,,,,,,,,,,,,,,,,,,,,,,,,,,,,,,,,,,,,,,
,,,,,,,,,,,,,,,,,,,,,,,,,,,,,,,,,,,,,,,,,,,,,,,,,,,,,,,,,,,,,,,,,,,,,,,,,,,,,,,,,,,,,,,,,,,,,,,,,,,
,,,,,,,,,,,,,,,,,,,,,,,,,,,,,,,,,,,,,,,,,,,,,,,,,,,,,,,,,,,,,,,,,,,,,,,,,,,,,,,,,,,,,,,,,,,,,,,,,,,
,,,,,,,,,,,,,,,,,,,,,,,,,,,,,,,,,,,,,,,,,,,,,,,,,,,,,,,,,,,,,,,,,,,,,,,,,,,,,,,,,,,,,,,,,,,,,,,,,,,
,,,,,,,,,,,,,,,,,,,,,,,,,,,,,,,,,,,,,,,,,,,,,,,,,,,,,,,,,,,,,,,,,,,,,,,,,,,,,,,,,,,,,,,,,,,,,,,,,,,
,,,,,,,,,,,,,,,,,,,,,,,,,,,,,,,,,,,,,,,,,,,,,,,,,,,,,,,,,,,,,,,,,,,,,,,,,,,,,,,,,,,,,,,,,,,,,,,,,,,
,,,,,,,,,,,,,,,,,,,,,,,,,,,,,,,,,,,,,,,,,,,,,,,,,,,,,,,,,,,,,,,,,,,,,,,,,,,,,,,,,,,,,,,,,,,,,,,,,,,
,,,,,,,,,,,,,,,,,,,,,,,,,,,,,,,,,,,,,,,,,,,,,,,,,,,,,,,,,,,,,,,,,,,,,,,,,,,,,,,,,,,,,,,,,,,,,,,,,,,
,,,,,,,,,,,,,,,,,,,,,,,,,,,,,,,,,,,,,,,,,,,,,,,,,,,,,,,,,,,,,,,,,,,,,,,,,,,,,,,,,,,,,,,,,,,,,,,,,,,
,,,,,,,,,,,,,,,,,,,,,,,,,,,,,,,,,,,,,,,,,,,,,,,,,,,,,,,,,,,,,,,,,,,,,,,,,,,,,,,,,,,,,,,,,,,,,,,,,,,
,,,,,,,,,,,,,,,,,,,,,,,,,,,,,,,,,,,,,,,,,,,,,,,,,,,,,,,,,,,,,,,,,,,,,,,,,,,,,,,,,,,,,,,,,,,,,,,,,,,
,,,,,,,,,,,,,,,,,,,,,,,,,,,,,,,,,,,,,,,,,,,,,,,,,,,,,,,,,,,,,,,,,,,,,,,,,,,,,,,,,,,,,,,,,,,,,,,,,,,
,,,,,,,,,,,,,,,,,,,,,,,,,,,,,,,,,,,,,,,,,,,,,,,,,,,,,,,,,,,,,,,,,,,,,,,,,,,,,,,,,,,,,,,,,,,,,,,,,,,
MoveObject: type=2 stepAdvance=1 stepRecede=1 timeStopStart=0 timeStopEnd=0 posStart=578;708 posEnd=578;708 posCurrent=578;708 step=1 time=0 phase=44 channel=10 icon=15 
MoveObject: type=5 stepAdvance=1 stepRecede=1 timeStopStart=0 timeStopEnd=0 posStart=1666;388 posEnd=1666;388 posCurrent=1666;388 step=1 time=0 phase=44 channel=10 icon=8 
MoveObject: type=2 stepAdvance=1 stepRecede=1 timeStopStart=0 timeStopEnd=0 posStart=1986;772 posEnd=1986;772 posCurrent=1986;772 step=1 time=0 phase=44 channel=10 icon=15 
MoveObject: type=13 stepAdvance=1 stepRecede=1 timeStopStart=0 timeStopEnd=0 posStart=1474;1348 posEnd=1474;1348 posCurrent=1474;1348 step=1 time=0 phase=44 channel=10 icon=68 
MoveObject: type=13 stepAdvance=1 stepRecede=1 timeStopStart=0 timeStopEnd=0 posStart=1602;1348 posEnd=1602;1348 posCurrent=1602;1348 step=1 time=0 phase=44 channel=10 icon=68 
MoveObject: type=13 stepAdvance=1 stepRecede=1 timeStopStart=0 timeStopEnd=0 posStart=1730;1348 posEnd=1730;1348 posCurrent=1730;1348 step=1 time=0 phase=44 channel=10 icon=68 
MoveObject: type=13 stepAdvance=1 stepRecede=1 timeStopStart=0 timeStopEnd=0 posStart=706;1668 posEnd=706;1668 posCurrent=706;1668 step=1 time=0 phase=44 channel=10 icon=68 
MoveObject: type=13 stepAdvance=1 stepRecede=1 timeStopStart=0 timeStopEnd=0 posStart=962;1732 posEnd=962;1732 posCurrent=962;1732 step=1 time=0 phase=44 channel=10 icon=68 
MoveObject: type=13 stepAdvance=1 stepRecede=1 timeStopStart=0 timeStopEnd=0 posStart=1090;1732 posEnd=1090;1732 posCurrent=1090;1732 step=1 time=0 phase=44 channel=10 icon=68 
MoveObject: type=13 stepAdvance=1 stepRecede=1 timeStopStart=0 timeStopEnd=0 posStart=1218;1732 posEnd=1218;1732 posCurrent=1218;1732 step=1 time=0 phase=44 channel=10 icon=68 
MoveObject: type=24 stepAdvance=1 stepRecede=1 timeStopStart=0 timeStopEnd=0 posStart=130;3205 posEnd=130;3205 posCurrent=130;3205 step=1 time=0 phase=44 channel=10 icon=132 
MoveObject: type=2 stepAdvance=1 stepRecede=1 timeStopStart=0 timeStopEnd=0 posStart=1218;708 posEnd=1218;708 posCurrent=1218;708 step=1 time=0 phase=44 channel=10 icon=15 
MoveObject: type=2 stepAdvance=1 stepRecede=1 timeStopStart=0 timeStopEnd=0 posStart=1858;3268 posEnd=1858;3268 posCurrent=1858;3268 step=1 time=0 phase=44 channel=10 icon=15 
MoveObject: type=2 stepAdvance=1 stepRecede=1 timeStopStart=0 timeStopEnd=0 posStart=1922;3268 posEnd=1922;3268 posCurrent=1922;3268 step=1 time=0 phase=44 channel=10 icon=15 
MoveObject: type=2 stepAdvance=1 stepRecede=1 timeStopStart=0 timeStopEnd=0 posStart=1986;3268 posEnd=1986;3268 posCurrent=1986;3268 step=1 time=0 phase=44 channel=10 icon=15 
MoveObject: type=2 stepAdvance=1 stepRecede=1 timeStopStart=0 timeStopEnd=0 posStart=2050;3268 posEnd=2050;3268 posCurrent=2050;3268 step=1 time=0 phase=44 channel=10 icon=15 
MoveObject: type=2 stepAdvance=1 stepRecede=1 timeStopStart=0 timeStopEnd=0 posStart=2114;3268 posEnd=2114;3268 posCurrent=2114;3268 step=1 time=0 phase=44 channel=10 icon=15 
MoveObject: type=2 stepAdvance=1 stepRecede=1 timeStopStart=0 timeStopEnd=0 posStart=2178;3268 posEnd=2178;3268 posCurrent=2178;3268 step=1 time=0 phase=44 channel=10 icon=15 
MoveObject: type=2 stepAdvance=1 stepRecede=1 timeStopStart=0 timeStopEnd=0 posStart=2242;3268 posEnd=2242;3268 posCurrent=2242;3268 step=1 time=0 phase=44 channel=10 icon=15 
MoveObject: type=2 stepAdvance=1 stepRecede=1 timeStopStart=0 timeStopEnd=0 posStart=2306;3268 posEnd=2306;3268 posCurrent=2306;3268 step=1 time=0 phase=44 channel=10 icon=15 
MoveObject: type=2 stepAdvance=1 stepRecede=1 timeStopStart=0 timeStopEnd=0 posStart=962;2564 posEnd=962;2564 posCurrent=962;2564 step=1 time=0 phase=44 channel=10 icon=15 
MoveObject: type=2 stepAdvance=1 stepRecede=1 timeStopStart=0 timeStopEnd=0 posStart=770;2692 posEnd=770;2692 posCurrent=770;2692 step=1 time=0 phase=44 channel=10 icon=15 
MoveObject: type=2 stepAdvance=1 stepRecede=1 timeStopStart=0 timeStopEnd=0 posStart=962;2820 posEnd=962;2820 posCurrent=962;2820 step=1 time=0 phase=44 channel=10 icon=15 
MoveObject: type=2 stepAdvance=1 stepRecede=1 timeStopStart=0 timeStopEnd=0 posStart=770;2948 posEnd=770;2948 posCurrent=770;2948 step=1 time=0 phase=44 channel=10 icon=15 
MoveObject: type=2 stepAdvance=1 stepRecede=1 timeStopStart=0 timeStopEnd=0 posStart=706;2948 posEnd=706;2948 posCurrent=706;2948 step=1 time=0 phase=44 channel=10 icon=15 
MoveObject: type=2 stepAdvance=1 stepRecede=1 timeStopStart=0 timeStopEnd=0 posStart=642;2948 posEnd=642;2948 posCurrent=642;2948 step=1 time=0 phase=44 channel=10 icon=15 
MoveObject: type=2 stepAdvance=1 stepRecede=1 timeStopStart=0 timeStopEnd=0 posStart=770;2436 posEnd=770;2436 posCurrent=770;2436 step=1 time=0 phase=44 channel=10 icon=15 
MoveObject: type=12 stepAdvance=1 stepRecede=1 timeStopStart=0 timeStopEnd=0 posStart=1024;2816 posEnd=1024;2816 posCurrent=1024;2816 step=1 time=0 phase=44 channel=1 icon=4 
MoveObject: type=12 stepAdvance=1 stepRecede=1 timeStopStart=0 timeStopEnd=0 posStart=1088;2816 posEnd=1088;2816 posCurrent=1088;2816 step=1 time=0 phase=44 channel=1 icon=2 
MoveObject: type=12 stepAdvance=1 stepRecede=1 timeStopStart=0 timeStopEnd=0 posStart=1152;2816 posEnd=1152;2816 posCurrent=1152;2816 step=1 time=0 phase=44 channel=1 icon=4 
MoveObject: type=12 stepAdvance=1 stepRecede=1 timeStopStart=0 timeStopEnd=0 posStart=1216;2816 posEnd=1216;2816 posCurrent=1216;2816 step=1 time=0 phase=44 channel=1 icon=4 
MoveObject: type=12 stepAdvance=1 stepRecede=1 timeStopStart=0 timeStopEnd=0 posStart=1280;2816 posEnd=1280;2816 posCurrent=1280;2816 step=1 time=0 phase=44 channel=1 icon=2 
MoveObject: type=12 stepAdvance=1 stepRecede=1 timeStopStart=0 timeStopEnd=0 posStart=1344;2816 posEnd=1344;2816 posCurrent=1344;2816 step=1 time=0 phase=44 channel=1 icon=2 
MoveObject: type=5 stepAdvance=1 stepRecede=1 timeStopStart=0 timeStopEnd=0 posStart=1218;580 posEnd=1218;580 posCurrent=1218;580 step=1 time=0 phase=44 channel=10 icon=8 
MoveObject: type=21 stepAdvance=1 stepRecede=1 timeStopStart=0 timeStopEnd=0 posStart=194;708 posEnd=194;708 posCurrent=194;708 step=1 time=0 phase=44 channel=10 icon=124 
MoveObject: type=13 stepAdvance=1 stepRecede=1 timeStopStart=0 timeStopEnd=0 posStart=258;1668 posEnd=258;1668 posCurrent=258;1668 step=1 time=0 phase=44 channel=10 icon=68 
MoveObject: type=5 stepAdvance=1 stepRecede=1 timeStopStart=0 timeStopEnd=0 posStart=2562;708 posEnd=2562;708 posCurrent=2562;708 step=1 time=0 phase=44 channel=10 icon=8 
MoveObject: type=6 stepAdvance=1 stepRecede=1 timeStopStart=0 timeStopEnd=0 posStart=2626;580 posEnd=2626;580 posCurrent=2626;580 step=1 time=0 phase=44 channel=10 icon=23 
MoveObject: type=5 stepAdvance=1 stepRecede=1 timeStopStart=0 timeStopEnd=0 posStart=2306;1284 posEnd=2306;1284 posCurrent=2306;1284 step=1 time=0 phase=44 channel=10 icon=8 
MoveObject: type=6 stepAdvance=1 stepRecede=1 timeStopStart=0 timeStopEnd=0 posStart=1090;1224 posEnd=1090;1224 posCurrent=1090;1224 step=1 time=0 phase=44 channel=10 icon=23 
MoveObject: type=5 stepAdvance=1 stepRecede=1 timeStopStart=0 timeStopEnd=0 posStart=1538;1092 posEnd=1538;1092 posCurrent=1538;1092 step=1 time=0 phase=44 channel=10 icon=8 
MoveObject: type=5 stepAdvance=1 stepRecede=1 timeStopStart=0 timeStopEnd=0 posStart=1666;1092 posEnd=1666;1092 posCurrent=1666;1092 step=1 time=0 phase=44 channel=10 icon=8 
MoveObject: type=13 stepAdvance=1 stepRecede=1 timeStopStart=0 timeStopEnd=0 posStart=1666;1348 posEnd=1666;1348 posCurrent=1666;1348 step=1 time=0 phase=44 channel=10 icon=68 
MoveObject: type=13 stepAdvance=1 stepRecede=1 timeStopStart=0 timeStopEnd=0 posStart=1538;1348 posEnd=1538;1348 posCurrent=1538;1348 step=1 time=0 phase=44 channel=10 icon=68 
MoveObject: type=13 stepAdvance=1 stepRecede=1 timeStopStart=0 timeStopEnd=0 posStart=706;2308 posEnd=706;2308 posCurrent=706;2308 step=1 time=0 phase=44 channel=10 icon=68 
MoveObject: type=13 stepAdvance=1 stepRecede=1 timeStopStart=0 timeStopEnd=0 posStart=770;1732 posEnd=770;1732 posCurrent=770;1732 step=1 time=0 phase=44 channel=10 icon=68 
MoveObject: type=13 stepAdvance=1 stepRecede=1 timeStopStart=0 timeStopEnd=0 posStart=770;2308 posEnd=770;2308 posCurrent=770;2308 step=1 time=0 phase=44 channel=10 icon=68 
MoveObject: type=5 stepAdvance=1 stepRecede=1 timeStopStart=0 timeStopEnd=0 posStart=1922;1860 posEnd=1922;1860 posCurrent=1922;1860 step=1 time=0 phase=44 channel=10 icon=8 
MoveObject: type=6 stepAdvance=1 stepRecede=1 timeStopStart=0 timeStopEnd=0 posStart=2050;1860 posEnd=2050;1860 posCurrent=2050;1860 step=1 time=0 phase=44 channel=10 icon=23 
MoveObject: type=5 stepAdvance=1 stepRecede=1 timeStopStart=0 timeStopEnd=0 posStart=2626;1412 posEnd=2626;1412 posCurrent=2626;1412 step=1 time=0 phase=44 channel=10 icon=8 
MoveObject: type=5 stepAdvance=1 stepRecede=1 timeStopStart=0 timeStopEnd=0 posStart=194;1092 posEnd=194;1092 posCurrent=194;1092 step=1 time=0 phase=44 channel=10 icon=8 
MoveObject: type=6 stepAdvance=1 stepRecede=1 timeStopStart=0 timeStopEnd=0 posStart=386;1288 posEnd=386;1288 posCurrent=386;1288 step=1 time=0 phase=44 channel=10 icon=23 
MoveObject: type=6 stepAdvance=1 stepRecede=1 timeStopStart=0 timeStopEnd=0 posStart=514;1288 posEnd=514;1288 posCurrent=514;1288 step=1 time=0 phase=44 channel=10 icon=23 
MoveObject: type=24 stepAdvance=1 stepRecede=1 timeStopStart=0 timeStopEnd=0 posStart=386;2437 posEnd=386;2437 posCurrent=386;2437 step=1 time=0 phase=44 channel=10 icon=132 
MoveObject: type=13 stepAdvance=1 stepRecede=1 timeStopStart=0 timeStopEnd=0 posStart=834;2308 posEnd=834;2308 posCurrent=834;2308 step=1 time=0 phase=44 channel=10 icon=68 
MoveObject: type=24 stepAdvance=1 stepRecede=1 timeStopStart=0 timeStopEnd=0 posStart=66;3205 posEnd=66;3205 posCurrent=66;3205 step=1 time=0 phase=44 channel=10 icon=132 
MoveObject: type=24 stepAdvance=1 stepRecede=1 timeStopStart=0 timeStopEnd=0 posStart=322;3205 posEnd=322;3205 posCurrent=322;3205 step=1 time=0 phase=44 channel=10 icon=132 
MoveObject: type=13 stepAdvance=1 stepRecede=1 timeStopStart=0 timeStopEnd=0 posStart=898;2308 posEnd=898;2308 posCurrent=898;2308 step=1 time=0 phase=44 channel=10 icon=68 
MoveObject: type=5 stepAdvance=1 stepRecede=1 timeStopStart=0 timeStopEnd=0 posStart=2434;3268 posEnd=2434;3268 posCurrent=2434;3268 step=1 time=0 phase=44 channel=10 icon=8 
MoveObject: type=24 stepAdvance=1 stepRecede=1 timeStopStart=0 timeStopEnd=0 posStart=258;3205 posEnd=258;3205 posCurrent=258;3205 step=1 time=0 phase=44 channel=10 icon=132 
MoveObject: type=17 stepAdvance=15 stepRecede=15 timeStopStart=47 timeStopEnd=47 posStart=1600;3456 posEnd=1536;3456 posCurrent=1600;3456 step=1 time=44 phase=44 channel=10 icon=88 
MoveObject: type=24 stepAdvance=1 stepRecede=1 timeStopStart=0 timeStopEnd=0 posStart=2434;2757 posEnd=2434;2757 posCurrent=2434;2757 step=1 time=0 phase=44 channel=10 icon=132 
MoveObject: type=24 stepAdvance=1 stepRecede=1 timeStopStart=0 timeStopEnd=0 posStart=194;3205 posEnd=194;3205 posCurrent=194;3205 step=1 time=0 phase=44 channel=10 icon=132 
MoveObject: type=5 stepAdvance=1 stepRecede=1 timeStopStart=0 timeStopEnd=0 posStart=322;1092 posEnd=322;1092 posCurrent=322;1092 step=1 time=0 phase=44 channel=10 icon=8 
MoveObject: type=13 stepAdvance=1 stepRecede=1 timeStopStart=0 timeStopEnd=0 posStart=322;1668 posEnd=322;1668 posCurrent=322;1668 step=1 time=0 phase=44 channel=10 icon=68 
MoveObject: type=13 stepAdvance=1 stepRecede=1 timeStopStart=0 timeStopEnd=0 posStart=834;1732 posEnd=834;1732 posCurrent=834;1732 step=1 time=0 phase=44 channel=10 icon=68 
MoveObject: type=24 stepAdvance=1 stepRecede=1 timeStopStart=0 timeStopEnd=0 posStart=258;2437 posEnd=258;2437 posCurrent=258;2437 step=1 time=0 phase=44 channel=10 icon=132 
MoveObject: type=24 stepAdvance=1 stepRecede=1 timeStopStart=0 timeStopEnd=0 posStart=322;2437 posEnd=322;2437 posCurrent=322;2437 step=1 time=0 phase=44 channel=10 icon=132 
MoveObject: type=24 stepAdvance=1 stepRecede=1 timeStopStart=0 timeStopEnd=0 posStart=450;2437 posEnd=450;2437 posCurrent=450;2437 step=1 time=0 phase=44 channel=10 icon=132 
MoveObject: type=24 stepAdvance=1 stepRecede=1 timeStopStart=0 timeStopEnd=0 posStart=514;2437 posEnd=514;2437 posCurrent=514;2437 step=1 time=0 phase=44 channel=10 icon=132 
MoveObject: type=13 stepAdvance=1 stepRecede=1 timeStopStart=0 timeStopEnd=0 posStart=1346;1732 posEnd=1346;1732 posCurrent=1346;1732 step=1 time=0 phase=44 channel=10 icon=68 
