DescFile: posDecor=400;3270 dimDecor=100;100 world=0 music=1 region=20 blupiPos=642;3590 blupiDir=2 
Decor: 
,,,,,,,,,,,,,,,,,,,,,,,,,,,,,,,,,,,,,,,,,,,,,,,,,,,,,,,,,,,,,,,,,,,,,,,,,,,,,,,,,,,,,,,,,,,,,,,,,,,
,,,,,,,,,,,,,,,,,,,,,,,,,,,,,,,,,,,,,,,,,,,,,,,,,,,,,,,,,,,,,,,,,,,,,,,,,,,,,,,,,,,,,,,,,,,,,,,,,,,
,,,,,,,,,,,,,,,,,,,,,,,,,,,,,,,,,,,,,,,,,,,,,,,,,,,,,,,,,,,,,,,,,,,,,,,,,,,,,,,,,,,,,,,,,,,,,,,,,,,
,,,,,,,,,,,,,,,,,,,,,,,,,,,,,,,,,,,,,,,,,,,,,,,,,267,,,267,,,,,,,,,,,,,,,,,,,,,,,,,,,,,,,,,,,,,,,,,,,,,,,
,,,,,,,,,,,,,,,,,,,,,,,,,,,,,,,,,,,,,,,,,,,,,,,,273,247,271,273,247,264,,,,,,267,,,,,,,,,,,,,,,,,,,,,,,,,,,,,,,,,,,,,,,,
,,,,,,,,,,,,,,,,,,,,,,,,,,,,,,,,,,,,,,,,,,,,,,,282,247,249,248,246,270,,,,,,273,248,271,,,,,,,,,,,,,,,,,,,,,,,,,,,,,,,,,,,,,,,
,,,,,,,,,,,,,,,,,,,,,,,,,,,,,,,,,,,,,,,,,,,,,,,,272,249,249,270,,,,,,282,248,247,246,281,,,,,,,,,,,,,,,,,,,,,,,,,,,,,,,,,,,,,,
,,,,,,,,,,,,,,,,,,,,,,,,,,,,,,,,,,,,,,,,,,,,,,,,,277,247,271,,267,267,267,267,282,249,248,248,264,,,,,,,,,,,,,,,,,,,,,,,,,,,,,,,,,,,,,,
,,,,,,,,,,,,,,267,267,267,267,267,267,267,267,267,267,267,267,267,267,267,267,267,267,267,267,267,267,267,267,267,267,267,267,267,267,267,267,267,267,273,248,248,248,275,246,249,248,248,271,266,272,249,281,,,,,,,,,,,,,,,,,,,,,,,,,,,,,,,,,,,,,,
,,,,,,,,,,,,,282,249,247,246,247,248,248,248,246,249,248,248,247,247,247,248,247,248,249,247,248,249,246,247,246,247,247,246,249,247,246,246,248,246,248,246,248,270,272,246,249,248,247,246,249,271,,266,,,,,,,,,,,,,,,,,,,,,,,,,,,,,,,,,,,,,,,
,,,,,,,,,,,,,282,248,270,266,266,266,266,266,266,266,266,266,266,266,266,266,266,266,266,266,266,272,248,270,266,266,266,266,266,272,247,274,246,247,248,270,266,,267,266,272,248,270,277,249,247,281,,,,,,,,,,,,,,,,,,,,,,,,,,,,,,,,,,,,,,,,
,,,,,,,,,,,,,282,249,281,,,,,,,,,,,,,,,,,,,265,247,281,,,,,,,266,282,246,270,266,,267,282,248,271,267,266,273,247,246,247,264,,,,,,,,,,,,,,,,,,,,,,,,,,,,,,,,,,,,,,,,
,,,,,,,,,,,,,265,248,281,,,,,,,,,,,,,,,,,,,282,249,281,,,,,,,,282,246,281,267,265,249,281,277,246,249,275,249,274,248,276,,,,,,,,,,,,,,,,,,,,,,,,,,,,,,,,,,,,,,,,,
,,,,,,,,,,,,,282,247,281,,,,,,,,,,,,,,,,,,,282,248,264,,,,,,,,,266,282,247,281,280,265,246,274,249,248,270,282,246,248,271,,,,,,,,,,,,,,,,,,,,,,,,,,,,,,,,,,,,,,,,
,,,,,,,,,,,,,265,248,281,,,,,,,,,,,,,,,,,,,265,249,281,,,,,,,,,,,266,282,247,281,269,265,247,270,267,265,249,248,248,264,,,,,,,,,,,,,,,,,,,,,,,,,,,,,,,,,,,,,,,
,,,,,,,,,,,,,265,248,264,,,,,,,,,,,,,,,,,,,282,248,264,,,,,,,,,,,,,266,282,247,271,280,273,246,268,247,246,270,,,,,,,,,,,,,,,,,,,,,,,,,,,,,,,,,,,,,,,,
,,,,,,,,,,,,,282,248,281,,,,,,,,,,,,,,,,,,,265,247,281,,,,,,,,,,,,,,,272,249,249,246,270,265,249,276,,,,,,,,,,,,,,,,,,,,,,,,,,,,,,,,,,,,,,,,,
,,,,,,,,,,,,,282,248,264,,,,,,,,,,,,,,,,,,,282,246,281,,,,,,,,,,,,,,,,272,247,276,,273,248,248,271,,,,,,,,,,,,,,,,,,,,,,,,,,,,,,,,,,,,,,,,
,,,,,,,,,,,,,282,249,264,,,,,,,,,,,,,,,,,,,265,247,281,,,,,,,,,,,,,,,,265,246,246,275,246,246,246,246,281,,,,,,,,,,,,,,,,,,,,,,,,,,,,,,,,,,,,,,,
,,,,,,,,,,,,,282,246,264,,,,,,,,,,,,,,,,,,,265,248,281,,,,,,,,,,,,,,,,,266,272,247,247,247,246,270,,,,,,,,,,,,,,,,,,,,,,,,,,,,,,,,,,,,,,,,
,,,,,,,,,,,,,265,248,264,,,,,,,,,,,,,,,,,,,265,249,264,,,,,,,,,,,,,,,,,,,266,272,248,276,267,,,,,,,,,,,,,,,,,,,,,,,,,,,,,,,,,,,,,,,,
,,,,,,,,,,,,,265,247,264,,,,,,,,,,,,,,,,,,,282,247,281,,,,,,,,267,267,267,267,267,267,267,267,267,267,,267,273,248,246,247,281,,,,,,,,,,,,,,,,,,,,,,,,,,,,,,,,,,,,,,,
,,,,,,,,,,,,,282,249,281,,,,,,,,,,,,,,,,,,,265,247,264,,,,,,,282,248,248,248,248,246,248,247,246,246,246,421,247,248,248,246,270,,,,,,,,,,,,,,,,,,,,,,,,,,,,,,,,,,,,,,,,
,,,,,,,,,,,,,265,249,281,,,,,,,,,,,,,,,,,,,265,248,281,,,,,,,,266,266,266,266,266,266,266,266,266,266,,266,272,248,276,,,,,,,,,,,,,,,,,,,,,,,,,,,,,,,,,,,,,,,,,
,,,,,,,,,,,,,282,246,264,,,,,,,,,,,,,,,,,,,273,246,281,,,,,,,,,,,,,,,,,,,,265,246,246,281,,,,,,,,,,,,,,,,,,,,,,,,,,,,,,,,,,,,,,,,
,,,,,,,,,,,,,265,247,264,,,,,,,,,,,,,,,,,,273,246,249,264,,,,,,,,,,,,,,,,,,,,273,248,249,264,,,,,,,,,,,,,,,,,,,,,,,,,,,,,,,,,,,,,,,,
,,,,,,,,,,,,,265,246,264,,,,,,,,,,,,,,,,,273,247,247,249,264,,,,,,,,,,,,,,,,,,,273,247,249,248,281,,,,,,,,,,,,,,,,,,,,,,,,,,,,,,,,,,,,,,,,
,,,,,,,,,,,,,265,248,264,,,,,,,,,,,,,,,,273,249,247,247,248,271,,,,,,,,,,,,,,,,,,273,247,249,247,247,264,,,,,,,,,,,,,,,,,,,,,,,,,,,,,,,,,,,,,,,,
,,,,,,,,,,,,,265,248,264,,,,,,,,,,,,,,,273,246,248,270,280,272,247,271,267,267,267,267,,,,,,,,,,,,273,249,248,248,247,246,281,,,,,,,,,,,,,,,,,,,,,,,,,,,,,,,,,,,,,,,,
,,,,,,,,,,,,,265,249,264,,,,,,,,,,,,,,282,249,246,247,435,246,279,247,249,249,247,249,248,264,,,,,,,,,,273,247,247,249,247,249,247,281,,,,,,,,,,,,,,,,,,,,,,,,,,,,,,,,,,,,,,,,
,,,,,,,,,,,,,282,248,281,,,,,,,,,,,,,,,280,269,280,265,247,264,280,269,269,280,280,280,,,,,,,,,,282,248,246,247,249,249,247,249,264,,,,,,,,,,,,,,,,,,,,,,,,,,,,,,,,,,,,,,,,
,,,,,,,,,,,,,282,249,264,,,,,,,,,,,,,,282,248,247,246,435,247,279,248,247,249,246,249,249,281,,,,,,,,,,272,249,247,246,248,247,247,281,,,,,,,,,,,,,,,,,,,,,,,,,,,,,,,,,,,,,,,,
,,,,,,,,,,,,,265,248,281,,,,,,,,,,,,,,,272,247,249,271,280,273,247,270,266,266,266,266,,,,,,,,,,,,272,246,247,247,248,249,281,,,,,,,,,,,,,,,,,,,,,,,,,,,,,,,,,,,,,,,,
,,,,,,,,,,,,,265,246,264,,,,,,,,,,,,,,,,272,249,249,246,246,270,,,,,,,,,,,,,,,,,,272,247,248,249,247,281,,,,,,,,,,,,,,,,,,,,,,,,,,,,,,,,,,,,,,,,
,,,,,,,,,,,,,282,247,281,,,,,,,,,,,,,,,,,272,246,248,249,281,,,,,,,,,,,,,,,,,,,272,246,246,248,264,,,,,,,,,,,,,,,,,,,,,,,,,,,,,,,,,,,,,,,,
,,,,,,,,,,,,,265,248,264,,,,,,,,,,,,,,,,,,272,246,247,264,,,,,,,,,,,,,,,,,,,,272,248,246,281,,,,,,,,,,,,,,,,,,,,,,,,,,,,,,,,,,,,,,,,
,,,,,,,,,,,,,282,249,281,,,,,,,,,,,,,,,,,,,272,246,264,,,,,,,,,,,,,,,,,,,,265,246,249,281,,,,,,,,,,,,,,,,,,,,,,,,,,,,,,,,,,,,,,,,
,,,,,,,,,,,,,282,248,264,,,,,,,,,,,,,,,,,,,282,247,264,,,,,,,,,,,,,,,,,,,,265,248,249,281,,,,,,,267,267,267,267,267,267,267,267,267,267,267,267,267,267,267,267,,,,,,267,267,267,267,267,267,267,267,267,267,267,267,267
,,,,,,,,,,,,,282,248,281,,,,,,,,,,,,,,,,,,,282,247,264,,,,,,,,,,,,,,,,,,,,282,246,246,281,,,,,,282,247,249,248,246,246,246,249,246,249,246,249,248,246,246,247,246,264,,,,265,248,248,247,247,247,246,248,246,249,247,249,246,246
,,,,,,,,,,,,,265,246,281,,,,,,,,,,,,,,,,,,,265,246,264,,,,,,,,,,,,,,,,,,,,265,247,270,,,,,,,,266,266,266,266,266,266,266,266,266,266,266,266,266,266,277,247,281,,,,265,247,248,248,247,248,247,247,248,246,248,249,249,246
,,,,,,,,,,,,,282,249,281,,,,,,,,,,,,,,,,,,,265,247,281,,,,,,,,,,,,,,,,,,,,282,249,264,,,,,,,,,,,,,,,,,,,,,265,247,247,264,,,,282,246,249,248,249,246,248,246,247,246,248,249,248,246
,,,,,,,,,,,,,282,247,264,,,,,,,,,,,,,,,,,,,282,246,264,,,,,,,,,,,,,,,,,,,,282,248,271,,,,,,,,,,,,,,,,,,,,,,277,248,264,,,,282,249,249,246,246,248,247,247,247,246,249,249,249,248
,,,,,,,,,,,,,265,249,264,,,,,,,,,,,,,,,,,,,265,247,281,,,,,,,,,,,,,,,,,,,,282,248,249,264,,,,,,,,,,,,,,,,,,,,265,249,246,281,,,,282,248,249,248,247,249,248,249,247,248,246,247,246,246
,,,,,,,,,,,,,265,248,264,,,,,,,,,,,,,,,,,,,282,248,264,,,,,,,,,,,,,,,,,,,,282,248,247,281,,,,,,,,,,,,,,,267,,,,,,277,248,281,,,,282,249,248,246,246,248,249,247,248,247,248,249,249,249
,,,,,,,,,,,,,282,249,264,,,,,,,,,,,,,,,,,,,282,248,271,,,,,,,,,,,,,,,,,,,,282,247,248,264,,,,,,,,,,,,,,282,249,271,,,,282,247,247,281,,,,265,248,248,248,247,246,247,247,249,249,249,247,246,247
,,,,,,,,,,,,,282,249,281,,,,,,,,,,,,,,,,,,,282,247,247,281,,,,,,,,,,,,,,,,,,267,265,246,249,281,,,,,,,,,,,,,267,282,246,247,264,,,,277,247,264,,,,282,249,249,249,246,247,247,249,247,247,247,249,249,248
,,,,,,,,,,,,,265,246,281,,,,,,,,,,,,,,,,,,,282,249,246,271,,,,,,,,,,,,,,,,,265,248,279,248,248,281,,,,,,,,,,,267,265,247,279,248,270,,,,282,249,249,264,,,,,266,266,266,266,272,247,249,248,247,246,246,247,249
,,,,,,,,,,,,,282,249,264,,,,,,,,,,,,,,,,,,,282,248,248,246,271,,,,,,,,,,267,,,,,,,266,265,248,246,264,,,,,,,,,,265,248,271,266,,266,,,,,,277,248,281,,,,,,,,,,272,249,249,247,246,246,249,246
,,,,,,,,,,,,,282,247,264,,,,,,,,,,,,,,,,,,,282,246,248,249,246,271,267,267,267,267,267,,267,273,246,271,267,267,267,267,267,267,273,246,246,264,,,,,,,,,,265,247,248,271,,,,,,,265,246,247,264,,,,,,,,,,,272,246,247,246,248,246,248
,,,,,,,,,,,,,282,246,264,,,,,,,,,,,,,,,,,,,265,248,249,246,247,249,249,248,247,249,246,422,246,249,249,248,247,246,247,247,247,248,249,247,248,214,214,214,214,214,,,,,,273,247,249,248,271,,,,,,,277,247,264,,,,,,,,,,,,272,249,248,247,248,248
,,,,,,,,,,,,,265,247,264,,,,,,,,,,,,,,,,,,,282,247,246,247,270,266,266,266,266,266,266,,266,266,266,266,266,266,266,266,266,266,266,266,266,,,,,,,,,,265,248,247,248,247,247,281,,,,,265,249,248,264,,,,,,,,,,,,,272,248,249,248,246
,,,,,,,,,,,,,282,247,264,,,,,,,,,,,,,,,,,,,282,247,247,270,,,,,,,214,214,214,214,214,214,214,214,214,214,214,214,214,214,214,214,214,214,214,214,,,,,,272,248,246,248,270,,,,,,,277,247,281,,,,,,,,,,,,,,272,246,248,247
,,,,,,,,,,,,,265,248,281,,,,,,,,,,,,,,,,,,,265,246,247,281,,,,,,,,,,,,,,,,,,,,,,,,,,,,,,,,282,247,249,270,,,,,,,282,246,246,281,,,,,,,,,,,,,,,272,248,249
,,,,,,,,,,,,,282,248,264,,,,,,,,,,,,,,,,,,,282,246,270,,,,,,,,,,,,,,,,,,,,,,,,,,,,,,,,,282,249,270,,,,,,,,,277,248,281,,,,,,,,,,,,,,,,272,246
,,,,,,,,,,,,,282,246,281,,,,,,,,,,,,,,,,,,,265,247,271,,,,,,,,,,,,,,,,,,,,,,,,,,,,,,,,,,266,,,267,,,,,,265,249,248,281,,,,,,,,,,,,,,,,265,247
,,,,,,,,,,,,,282,247,281,,,,,,,,,,,,,,,,,,,282,248,247,264,,,,,,,,,,,,,,,,,,,,,,,,,,,,,,,,,,,282,249,271,,,,,,277,248,281,,,,,,,,,,,,,,,,282,249
,,,,,,,,,,,,,282,249,264,,,,,,,,,,,,,,,,,,,282,246,248,271,,,,,,,,,,,,,,,,,,,,,,,,,,,,,,,,,,,282,246,248,264,,,,265,248,248,281,,,,,,,,,,,,,,,,265,246
,,,,,,,,,,,,,265,249,281,,,,,,,,,,,,,,,,,,,265,248,247,247,271,,,,,,,,,,,,,,,,,,,,,,,,,,,,,,,,,,265,247,270,,267,,,,277,249,264,,,,,,,,,,,,,,,,282,246
,,,,,,,,,,,,,282,247,281,,,,,,,,,,,,,,,,,,,265,248,247,247,246,281,,,,,,,,,,,,,,,,,,,,,,,,,,,,,,,,,,266,,265,248,271,,265,246,246,281,,,,,,,,,,,,,,,,265,248
,,,,,,,,,,,,,265,247,281,,,,,,,,,,,,,,,,,,,265,246,246,248,270,,,,,,,,,,,,,,,,,,,,,,,,,,,,,,,,,,,,,265,249,249,264,,277,249,281,,,,,,,,,,,,,,,,282,247
,,,,,,,,,,,,,282,248,281,,,,,,,,,,,,,,,,,,,282,248,246,249,264,,,,,,,,,,,,,,,,,,,,,,,,,,,,,,,,,,,,,282,247,270,,265,249,246,281,,,267,267,267,267,267,267,267,267,,,,,,282,249
,,,,,,,,,,,,,282,249,264,,,,,,,,,,,,,,,,,,,265,246,249,270,,,,,,,,,,,,,,,,,,,,,,,,,,,,,,,,,,,,,,,266,,,,277,249,281,,273,247,249,247,249,248,248,249,248,271,,,,,265,246
,,,,,,,,,,,,,282,246,281,,,,,,,,,,,,,,,,,,,265,247,248,264,,,,,,,,,,,,,,,,,,,,,,,,,,,,,,,,,,,,,,,,,,265,247,248,264,282,247,270,266,266,266,266,266,266,272,247,264,,,,282,246
,,,,,,,,,,,,,282,246,281,,,,,,,,,,,,,,,,,,,282,247,247,271,,,,,,,,,,,,,,,,,,,,,,,,,,,,,267,267,267,267,267,267,267,267,267,267,267,267,267,267,272,246,271,273,246,264,,,,,,267,282,249,281,,,,265,248
,,,,,,,,,,,,,282,248,281,,,,,,,,,,,,,,,,,,,265,249,247,247,264,,,,,,,,,,,,,,,,,,,,,,,,,,,282,249,248,249,249,247,246,247,246,246,248,246,246,247,246,279,248,247,247,246,264,,,,267,265,248,279,249,264,,,,265,249
,,,,,,,,,,,,,282,247,281,,,,,,,,,,,,,,,,,,,282,248,246,246,264,,,,,,,,,,,,,,,,,,,,,,,,,,,,266,266,266,266,266,266,266,266,266,266,266,266,272,246,271,280,269,280,280,,,,282,246,264,280,265,249,264,,,,282,247
,,,,,,,,,,,,,265,247,281,,,,,,,,,,,,,,,,,,,265,248,246,249,281,,,,,,,,,,,,,,,,,,,,,,,,,,,,,,,,,,,,,,,,265,247,249,246,247,247,247,264,,,,266,282,247,279,248,281,,,,282,247
,,,,,,,,,,,,,265,249,264,,,,,,,,,,,,,,,,,,,282,248,246,276,,,,,,,,,,,,,,,,,,,,,,,,,,,,,,,,,,,,,,,,,,266,266,266,266,272,249,264,,,,,,266,265,249,281,,,,265,249
,,,,,,,,,,,,,265,247,264,,,,,,,,,,,,,,,,,,,265,249,249,247,264,,,,,,,,,,,,,,,,,,,,,,,,,,,,,,,,,,,,,,,,,,,,,282,249,271,267,267,267,267,267,267,273,249,264,,,,265,249
,,,,,,,,,,,,,265,249,281,,,,,,,,,,,,,,,,,,,265,249,247,270,,,,,,,,,,,,,,,,,,,,,,,,,,,,,,,,,,,,,,,,,,,,,,,272,246,247,247,248,246,249,339,249,270,,,,,265,249
,,,,,,,,,,,,,265,247,264,,,,,,,,,,,,,,,,,,,282,247,249,281,,,,,,,,,,,,,,,,,,,,,,,,,,,,,,,,,,,,,,,,,,,,,,,,266,266,266,266,266,266,266,266,,,,,,265,246
,,,,,,,,,,,,,265,248,281,,,,,,,,,,,,,,,,,,,265,249,249,271,,,,,,,,,,,,,,,,,,,,,,,,,,,,,,,,,,,,,,,,,,,,,,,,,,,,,,,,,,,,,282,249
,,,,,,,,,,,,,282,248,264,,,,,,,,,,,,,,,,,,,265,248,246,248,264,,,,,,,,,,,,,,,,,,,,,,,,,,,,,,,,,,,,,,,,,,,,,,,,,,,,,,,,,,,,265,247
,,,,,,,,,,,,,265,249,281,,,,,,,,,,,,,,,,,,,265,246,247,248,271,,,,,,,,,,,,,,,,,,,,,,,,,,,,,,,,,,,,,,,,,,,,,,,,,,,,,,,,,,,,282,249
,,,,,,,,,,,,,265,248,281,,,,,,,,,,,,,,,,,,,282,249,248,248,249,271,267,267,267,267,267,267,267,267,267,267,267,267,,,,,,,,,,,,,,,,,,,,,,,,,,,,,,,,,,,,,,,,,,,,,,,282,247
,,,,,,,,,,,,,265,248,264,,,,,,,,,,,,,,,,,,,282,246,249,247,249,246,246,249,247,249,248,246,246,248,246,248,246,247,271,,,,,,,,,,,,,,,,,,,,,,,,,,,,,,,,,,,,,,,,,,,,,,282,246
,,,,,,,,,,,,,282,246,264,,,,,,,,,,,,,,,,,,,282,249,249,247,248,248,247,248,249,247,249,249,249,249,274,246,246,247,246,271,,,,,,,,,,,,,,,,,,,,,,,,,,,,,,,,,,,,,,,,,,,,,265,247
,,,,,,,,,,,,,282,246,264,,,,,,,,,,,,,,,,,,,282,246,247,248,246,274,246,249,247,249,249,246,270,280,273,248,246,248,247,249,271,,,,,,,,,,,,,,,,,,,,,,,,,,,,,,,,,,,,,,,,,,,,265,247
,,,,,,,,,,,,,265,248,281,,,,,,,,,,,,,,,,,,,265,246,249,249,248,281,280,272,247,248,249,247,279,248,246,246,249,249,248,249,246,271,267,267,267,267,267,267,267,267,267,267,267,267,267,267,267,267,267,267,267,267,267,267,267,267,267,267,267,267,267,267,267,267,267,267,267,267,267,267,267,267,267,267,282,246
,,,,,,,,,,,,,265,247,281,,,,,,,,,,,,,,,,,,,282,248,246,248,246,275,247,275,248,248,247,339,275,249,249,249,246,248,248,249,249,249,249,246,248,246,247,246,246,248,249,249,247,246,246,246,246,246,248,248,249,249,247,249,248,248,248,247,247,247,246,248,247,249,249,248,248,248,248,249,249,247,249,248,279,248
,,,,,,,,,,,,,265,247,264,,,,,,,,,,,,,,,,,,,282,248,247,246,248,246,249,339,249,247,247,274,249,249,246,249,246,246,248,249,248,246,247,249,270,266,266,266,266,266,266,269,266,266,266,266,266,272,247,270,266,266,266,266,266,280,266,266,266,266,266,272,247,270,266,266,266,266,266,266,280,266,266,266,282,248
,,,,,,,,,,,,,265,246,281,,,,,,,,,,,,,,,,,,,282,248,249,247,248,249,247,274,246,247,248,279,249,248,248,249,248,248,247,249,249,246,248,248,281,,,,267,267,273,248,271,267,267,267,267,267,280,267,267,267,267,267,273,248,271,267,267,267,267,267,269,267,267,267,267,267,267,273,248,271,267,267,282,249
,,,,,,,,,,,,,265,249,281,,,,,,,,,,,,,,,,,,,265,247,249,246,247,249,248,279,247,246,247,275,247,246,248,339,247,246,247,249,248,246,248,247,271,,267,273,247,246,246,248,249,248,246,248,249,246,246,246,247,247,249,249,246,248,247,249,249,247,247,248,247,246,249,246,248,248,246,247,249,248,247,249,279,247
,,,,,,,,,,,,,282,246,281,,,,,,,,,,,,,,,,,,,265,248,246,247,248,246,249,275,247,248,248,339,249,249,339,246,249,247,249,248,249,248,247,247,247,279,248,247,270,266,266,266,266,266,266,266,266,266,266,266,266,266,266,266,266,266,266,266,266,266,266,266,266,266,266,266,266,266,266,266,266,266,266,266,265,249
,,,,,,,,,,,,,282,247,281,,,,,,,,,,,,,,,,,,,282,249,248,249,247,248,249,339,247,248,249,270,269,277,248,247,247,247,246,247,246,246,249,246,247,279,249,248,281,,,,,,,,,,,,,,,,,,,,,,,,,,,,,,,,,,,,265,249
,,,,,,,,,,,,,265,247,264,,,,,,,,,,,,,,,,,,,282,249,274,339,274,248,339,276,272,246,247,275,249,339,247,249,248,246,248,247,247,246,248,249,246,279,247,246,264,,,,,,,,,,,,,,,,,,,,,,,,,,,,,,,,,,,,265,248
,,,,,,,,,,,,,265,246,281,,,,,,,,,,,,,,,,,,,,280,273,246,271,280,277,248,281,266,277,339,246,278,249,249,247,270,280,277,247,246,247,247,246,279,248,248,264,,,,,,,,,,,,,,,,,,,,,,,,,,,,,,,,,,,,282,247
,,,,,,,,,,,,,282,247,264,,,,,,,,,,,,,,,,,,,282,246,249,249,248,247,247,246,264,273,248,246,247,339,339,249,270,273,249,339,248,249,249,248,249,275,246,249,281,,,,,,,,,,,,,,,,,,,,,,,,,,,,,,,,,,,,265,248
,,,,,,,,,,,,,282,247,281,,,,,,,,,,,,,,,,,,,282,247,246,247,249,247,249,248,268,249,249,247,246,276,280,280,273,246,249,274,249,246,246,248,246,339,247,246,271,267,267,267,267,267,267,267,267,,,,,,,,,,,,,,,,,,,,,,,,,,,,265,246
,,,,,,,,,,,,,265,247,281,,,,,,,,,,,,,,,,,,,273,246,246,249,249,249,276,280,273,248,246,246,246,246,246,246,246,247,249,279,249,248,249,249,246,274,248,248,247,249,247,249,246,246,246,247,246,264,,,,,,,,,,,,,,,,,,,,,,,,,,,265,247
,,,,,,,,,,,,,282,249,264,,,,,,,,,,,,,,,,,,282,247,246,247,246,249,249,339,249,247,248,246,249,247,246,246,248,247,247,246,279,248,246,248,249,246,279,249,248,247,246,249,247,247,249,247,247,246,281,,,,,,,,,,,,,,,,,,,,,,,,,,,265,247
,,,,,,,,,,,,,282,248,264,,,,,,,,,,,,,267,,,,,273,247,246,246,247,246,249,274,249,246,248,248,248,247,249,246,246,246,246,249,279,248,248,246,274,339,279,248,246,249,248,248,249,249,246,246,247,246,281,,,,,,,,,,,,,,,,,,,,,,,,,,,282,247
,,,,,,,,,,,,,265,246,264,,,,,,,,,,,,273,249,271,267,267,273,246,247,247,247,276,280,280,273,246,248,248,248,249,249,248,246,249,247,249,246,281,266,266,280,273,247,268,246,247,246,248,247,249,249,248,249,248,247,264,,,,,,,,,,,,,,,,,,,,,,,,,,,282,247
,,,,,,,,,,,,,265,247,264,,,,,,,,,,,265,247,247,246,249,249,247,248,248,247,246,248,247,246,247,246,249,246,248,249,246,247,248,246,246,246,246,264,267,273,249,246,247,279,248,248,246,248,247,274,247,246,246,248,249,281,,,,,,,,,,,,,,,,,,,,,,,,,,,282,246
,,,,,,,,,,,,,282,246,264,,,,,,,,,,,273,248,246,248,249,249,249,249,249,247,248,246,246,246,247,246,248,249,249,248,247,246,246,248,246,248,247,279,249,248,248,248,248,279,247,246,249,246,248,279,249,248,249,246,248,264,,,,,,,,,,,,,,,,,,,,,,,,,,,273,247
,,,,,,,,,,,,,265,249,281,,,,,,,,,,282,247,247,246,246,249,248,249,246,248,249,249,247,248,248,248,248,246,248,247,246,249,248,248,249,246,247,247,268,246,249,249,249,246,268,247,274,339,274,246,279,247,248,249,247,246,281,,,,,,,,,,,,,,,,,,,,,,,,,,273,249,249
,,,,,,,,,,,,,265,249,281,,,,,,,,,,265,249,249,248,248,247,248,246,248,249,246,247,246,248,246,246,249,248,249,246,247,247,276,269,280,272,249,248,275,246,248,246,247,249,279,339,275,246,271,280,273,249,247,249,246,246,281,,,,,,,,,,,,,,,,,,,,,,,,,273,247,246,246
,,,,,,,,,,,,,265,248,281,,,,,,,,,,265,247,247,247,248,247,248,247,248,249,246,246,249,248,249,249,247,246,247,248,248,248,247,246,248,279,249,246,339,247,246,246,246,247,275,246,248,248,249,248,247,247,248,247,249,247,281,,,,,,,,,,,,,,,,,,,,,,,,273,248,247,248,247
,,,,,,,,,,,,,282,248,271,267,267,267,267,267,267,267,267,267,273,246,249,246,248,248,248,246,249,246,248,248,246,249,248,249,248,248,248,246,246,246,278,248,248,271,280,280,277,248,248,248,247,247,248,248,249,246,248,248,247,246,248,249,249,248,281,,,,,,,,,,,,,,,,,,,,267,267,267,273,249,246,246,246,249
,,,,,,,,,,,,,265,248,246,246,246,246,248,247,246,248,246,248,247,246,248,246,249,247,248,249,248,249,249,247,246,249,249,246,249,247,249,246,247,247,249,247,246,246,247,249,247,247,247,247,248,246,246,248,247,248,248,248,246,246,246,246,246,246,281,,,,,,,,,,,,,,,,,,,282,246,246,249,248,249,246,246,247,248
BigDecor: 
,,,,,,,,,,,,,,,,,,,,,,,,,,,,,,,,,,,,,,,,,,,,,,,,,,,,,,,,,,,,,,,,,,,,,,,,,,,,,,,,,,,,,,,,,,,,,,,,,,,
,,,,,,,,,,,,,,,,,,,,,,,,,,,,,,,,,,,,,,,,,,,,,,,,,,,,,,,,,,,,,,,,,,,,,,,,,,,,,,,,,,,,,,,,,,,,,,,,,,,
,,,,,,,,,,,,,,,,,,,,,,,,,,,,,,,,,,,,,,,,,,,,,,,,,,,,,,,,,,,,,,,,,,,,,,,,,,,,,,,,,,,,,,,,,,,,,,,,,,,
,,,,,,,,,,,,,,,,,,,,,,,,,,,,,,,,,,,,,,,,,,,,,,,,,,,,,,,,,,,,,,,,,,,,,,,,,,,,,,,,,,,,,,,,,,,,,,,,,,,
,,,,,,,,,,,,,,,,,,,,,,,,,,,,,,,,,,,,,,,,,,,,,,,,,,,,,,,,,,,,,,,,,,,,,,,,,,,,,,,,,,,,,,,,,,,,,,,,,,,
,,,,,,,,,,,,,,,,,,,,,,,,,,,,,,,,,,,,,,,,,,,,,,,,,,,,,,,,,,,,,,,,,,,,,,,,,,,,,,,,,,,,,,,,,,,,,,,,,,,
,,,,,,,,,,,,,,,,,,,,,,,,,,,,,,,,,,,,,,,,,,,,,,,,,,,,,,,,,,,,,,,,,,,,,,,,,,,,,,,,,,,,,,,,,,,,,,,,,,,
,,,,,,,,,,,,,,,,,,,,,,,,,,,,,,,,,,,,,,,,,,,,,,,,,,,,,,,,,,,,,,,,,,,,,,,,,,,,,,,,,,,,,,,,,,,,,,,,,,,
,,,,,,,,,,,,,,,,,,,,,,,,,,,,,,,,,,,,,,,,,,,,,,,,,,,,,,,,,,,,,,,,,,,,,,,,,,,,,,,,,,,,,,,,,,,,,,,,,,,
,,,,,,,,,,,,,,,,,,,,,,,,,,,,,,,,,,,,,,,,,,,,,,,,,,,,,,,,,,,,,,,,,,,,,,,,,,,,,,,,,,,,,,,,,,,,,,,,,,,
,,,,,,,,,,,,,,,,,,,,,,,,,,,,,,,,,,,,,,,,,,,,,,,,,,,,,,,,,,,,,,,,,,,,,,,,,,,,,,,,,,,,,,,,,,,,,,,,,,,
,,,,,,,,,,,,,,,,,,,,,,,,,,,,,,,,,,,,,,,,,,,,,,,,,,,,,,,,,,,,,,,,,,,,,,,,,,,,,,,,,,,,,,,,,,,,,,,,,,,
,,,,,,,,,,,,,,,,,,,,,,,,,,,,,,,,,,,,,,,,,,,,,,,,,,,,,,,,,,,,,,,,,,,,,,,,,,,,,,,,,,,,,,,,,,,,,,,,,,,
,,,,,,,,,,,,,,,,,,,,,,,,,,,,,,,,,,,,,,,,,,,,,,,,,,,,,,,,,,,,,,,,,,,,,,,,,,,,,,,,,,,,,,,,,,,,,,,,,,,
,,,,,,,,,,,,,,,,,,,,,,,,,,,,,,,,,,,,,,,,,,,,,,,,,,,,,,,,,,,,,,,,,,,,,,,,,,,,,,,,,,,,,,,,,,,,,,,,,,,
,,,,,,,,,,,,,,,,,,,,,,,,,,,,,,,,,,,,,,,,,,,,,,,,,,,,,,,,,,,,,,,,,,,,,,,,,,,,,,,,,,,,,,,,,,,,,,,,,,,
,,,,,,,,,,,,,,,,,,,,,,,,,,,,,,,,,,,,,,,,,,,,,,,,,,,,,,,,,,,,,,,,,,,,,,,,,,,,,,,,,,,,,,,,,,,,,,,,,,,
,,,,,,,,,,,,,,,,,,,,,,,,,,,,,,,,,,,,,,,,,,,,,,,,,,,,,,,,,,,,,,,,,,,,,,,,,,,,,,,,,,,,,,,,,,,,,,,,,,,
,,,,,,,,,,,,,,,,,,,,,,,,,,,,,,,,,,,,,,,,,,,,,,,,,,,,,,,,,,,,,,,,,,,,,,,,,,,,,,,,,,,,,,,,,,,,,,,,,,,
,,,,,,,,,,,,,,,,,,,,,,,,,,,,,,,,,,,,,,,,,,,,,,,,,,,,,,,,,,,,,,,,,,,,,,,,,,,,,,,,,,,,,,,,,,,,,,,,,,,
,,,,,,,,,,,,,,,,,,,,,,,,,,,,,,,,,,,,,,,,,,,,,,,,,,,,,,,,,,,,,,,,,,,,,,,,,,,,,,,,,,,,,,,,,,,,,,,,,,,
,,,,,,,,,,,,,,,,,,,,,,,,,,,,,,,,,,,,,,,,,,,,,,,,,,,,,,,,,,,,,,,,,,,,,,,,,,,,,,,,,,,,,,,,,,,,,,,,,,,
,,,,,,,,,,,,,,,,,,,,,,,,,,,,,,,,,,,,,,,,,,,,,,,,,,,,,,,,,,,,,,,,,,,,,,,,,,,,,,,,,,,,,,,,,,,,,,,,,,,
,,,,,,,,,,,,,,,,,,,,,,,,,,,,,,,,,,,,,,,,,,,,,,,,,,,,,,,,,,,,,,,,,,,,,,,,,,,,,,,,,,,,,,,,,,,,,,,,,,,
,,,,,,,,,,,,,,,,,,,,,,,,,,,,,,,,,,,,,,,,,,,,,,,,,,,,,,,,,,,,,,,,,,,,,,,,,,,,,,,,,,,,,,,,,,,,,,,,,,,
,,,,,,,,,,,,,,,,,,,,,,,,,,,,,,,,,,,,,,,,,,,,,,,,,,,,,,,,,,,,,,,,,,,,,,,,,,,,,,,,,,,,,,,,,,,,,,,,,,,
,,,,,,,,,,,,,,,,,,,,,,,,,,,,,,,,,,,,,,,,,,,,,,,,,,,,,,,,,,,,,,,,,,,,,,,,,,,,,,,,,,,,,,,,,,,,,,,,,,,
,,,,,,,,,,,,,,,,,,,,,,,,,,,,,,,,,,,,,,,,,,,,,,,,,,,,,,,,,,,,,,,,,,,,,,,,,,,,,,,,,,,,,,,,,,,,,,,,,,,
,,,,,,,,,,,,,,,,,,,,,,,,,,,,,,,,,,,,,,,,,,,,,,,,,,,,,,,,,,,,,,,,,,,,,,,,,,,,,,,,,,,,,,,,,,,,,,,,,,,
,,,,,,,,,,,,,,,,,,,,,,,,,,,,,,,,,,,,,,,,,,,,,,,,,,,,,,,,,,,,,,,,,,,,,,,,,,,,,,,,,,,,,,,,,,,,,,,,,,,
,,,,,,,,,,,,,,,,,,,,,,,,,,,,,,,,,,,,,,,,,,,,,,,,,,,,,,,,,,,,,,,,,,,,,,,,,,,,,,,,,,,,,,,,,,,,,,,,,,,
,,,,,,,,,,,,,,,,,,,,,,,,,,,,,,,,,,,,,,,,,,,,,,,,,,,,,,,,,,,,,,,,,,,,,,,,,,,,,,,,,,,,,,,,,,,,,,,,,,,
,,,,,,,,,,,,,,,,,,,,,,,,,,,,,,,,,,,,,,,,,,,,,,,,,,,,,,,,,,,,,,,,,,,,,,,,,,,,,,,,,,,,,,,,,,,,,,,,,,,
,,,,,,,,,,,,,,,,,,,,,,,,,,,,,,,,,,,,,,,,,,,,,,,,,,,,,,,,,,,,,,,,,,,,,,,,,,,,,,,,,,,,,,,,,,,,,,,,,,,
,,,,,,,,,,,,,,,,,,,,,,,,,,,,,,,,,,,,,,,,,,,,,,,,,,,,,,,,,,,,,,,,,,,,,,,,,,,,,,,,,,,,,,,,,,,,,,,,,,,
,,,,,,,,,,,,,,,,,,,,,,,,,,,,,,,,,,,,,,,,,,,,,,,,,,,,,,,,,,,,,,,,,,,,,,,,,,,,,,,,,,,,,,,,,,,,,,,,,,,
,,,,,,,,,,,,,,,,,,,,,,,,,,,,,,,,,,,,,,,,,,,,,,,,,,,,,,,,,,,,,,,,,,,,,,,,,,,,,,,,,,,,,,,,,,,,,,,,,,,
,,,,,,,,,,,,,,,,,,,,,,,,,,,,,,,,,,,,,,,,,,,,,,,,,,,,,,,,,,,,,,,,,,,,,,,,,,,,,,,,,,,,,,,,,,,,,,,,,,,
,,,,,,,,,,,,,,,,,,,,,,,,,,,,,,,,,22,,,,,,,,,,,,,,,,,,,,,,,,,,,,,,,,,,,,,,,,,,,,,,,,,,,,,,,,,,,,,,,,,,
,,,,,,,,,,,,,,,,,,,,,,,,,,,,,,,,,,,,,,,,,,,,,,,,,,,,,,,,,,,,,,,,,,,,,,,,,,,,,,,,,,,,,,,,,,,,,,,,,,,
,,,,,,,,,,,,,,,,,,,,,,,,,,,,,,,,,21,,,,,,,,,,,,,,,,,,,,,,,,,,,,,,,,,,,,,,,,,,,,,,,,,,,,,,,,,,,,,,,,,,
,,,,,,,,,,,,,,,,,,,,,,,,,,,,,,,,,,,,,,,,,,,,,,,,,,,,,,,,,,,,,,,,,,,,,,,,,,,,,,,,,,,,,,,,,,,,,,,,,,,
,,,,,,,,,,,,,,,,,,,,,,,,,,,,,,,,,20,,,,,,,,,,,,,,,,,,,,,,,,,,,,,,,,,,,,,,,,,,,,,,,,,,,,,,,,,,,,,,,,,,
,,,,,,,,,,,,,,,,,,,,,,,,,,,,,,,,,,,,,,,,,,,,,,,,,,,,,,,,,,,,,,,,,,,,,,,,,,,,,,,,,,,,,,,,,,,,,,,,,,,
,,,,,,,,,,,,,,,,,,,,,,,,,,,,,,,,,22,,,,,,,,,,,,,,,,,,,,,,,,,,,,,,,,,,,,,,,22,,,,,,,,,,,,,,,,,,,,,,,,,,,
,,,,,,,,,,,,,,,,,,,,,,,,,,,,,,,,,,,,,,,,,,,,,,,,,,,,,,,,,,,,,,,,,,,,,,,,,,,,,,,,,,,,,,,,,,,,,,,,,,,
,,,,,,,,,,,,,,,,,,,,,,,,,,,,,,,,,21,,,,,,,,,,,,,,,,,,,,,,,,,,,,,,,,,,,,,,,,,,,,,,,,,,,,,,,,,,,,,,,,,,
,,,,,,,,,,,,,,,,,,,,,,,,,,,,,,,,,,,,,,,,,,,,,,,,,,,,,,,,,,,,,,,,,,,,20,,,,,,,,,,,,,,,,,,,,,,,,,,,,,,,
,,,,,,,,,,,,,,,,,,,,,,,,,,,,,,,,,20,,,,,,,,,,,,,,,,,,,,,,,,,,,,,,,,,,,26,,,,,,,,,,,,,,,,,,,,,,,,,,,,,,,
,,,,,,,,,,,,,,,,,,,,,,,,,,,,,,,,,22,,,,,,,,,,,,,,,,,,,,,,,,,,,,,,,,,,,,,,,,,,,,,,,,,,,,,,,,,,,,,,,,,,
,,,,,,,,,,,,,,,,,,,,,,,,,,,,,,,,,,,,,,,,,,,,,,,,,,,,,,,,,,,,,,,,,,,,,,,,,,,,,,,,,,,,,,,,,,,,,,,,,,,
,,,,,,,,,,,,,,,,,,,,,,,,,,,,,,,,,21,,,,,,,,,,,,,,,,,,,,,,,,,,,,,,,,,,,22,,,,,,,,,,,,,,,,,,,,,,,,,,,,,,,
,,,,,,,,,,,,,,,,,,,,,,,,,,,,,,,,,,,,,,,,,,,,,,,,,,,,,,,,,,,,,,,,,,,,,,,,,,,,,,,,,,,,,,,,,,,,,,,,,,,
,,,,,,,,,,,,,,,,,,,,,,,,,,,,,,,,,21,,,,,,,,,,,,,,,,,,,,,,,,,,,,,,,,,,,,,,,,,,,,,,,,,,,,,,,,,,,,,,,,,,
,,,,,,,,,,,,,,,,,,,,,,,,,,,,,,,,,20,,,,,,,,,,,,,,,,,,,,,,,,,,,,,,,,,,,,,,,,,,,,,,,,,,,,,,,,,,,,,,,,,,
,,,,,,,,,,,,,,,,,,,,,,,,,,,,,,,,,,,,,,,,,,,,,,,,,,,,,,,,,,,,,,,,,,,,,,,20,,,,,,,,,,,,,,,,,,,,,,,,,,,,
,,,,,,,,,,,,,,,,,,,,,,,,,,,,,,,,,22,,,,,,,,,,,,,,,,,,,,,,,,,,,,,,,,,,,,,,21,,,,,,,,,,,,,,,,,,,,,,,,,,,,
,,,,,,,,,,,,,,,,,,,,,,,,,,,,,,,,,,,,,,,,,,,,,,,,,,,,,,,,,,,,,,,,,,,,,,,,,,,,,,,,,,,,,,,,,,,,,,,,,,,
,,,,,,,,,,,,,,,,,,,,,,,,,,,,,,,,,20,,,,,,,,,,,,,,,,,,,,,,,,,,,,,,,,,,,,,,,,,,,,,,,,,,,,,,,,,,,,,,,,,,
,,,,,,,,,,,,,,,,,,,,,,,,,,,,,,,,,,,,,,,,,,,,,,,,,,,,,,,,,,,,,,,,,,,,,,,,,,22,,,,,,,,,,,,,,,,,,,,,,,,,
,,,,,,,,,,,,,,,,,,,,,,,,,,,,,,,,,22,,,,,,,,,,,,,,,,,,,,,,,,,,,,,,,,,,,,,,,,,,,,,,,,,,,,,,,,,,,,,,,,,,
,,,,,,,,,,,,,,,,,,,,,,,,,,,,,,,,,,,,,,,,,,,,,,,,,,,,,,,,,,,,,,,,,,,,,,,,,,,,,,,,,,,,,,,,,,,,,,,,,,,
,,,,,,,,,,,,,,,,,,,,,,,,,,,,,,,,,21,,,,,,,,,,,,,,,,,,,,,,,,,,,,,,,,,,,,,,,,,,,,,,,,,,,,,,,,,,,,,,,,,,
,,,,,,,,,,,,,,,,,,,,,,,,,,,,,,,,,,,,,,,,,,,,,,,,,,,,,,,,,,,,,,,,,,,,,,,,,,,,,,,,,,,,,,,,,,,,,,,,,,,
,,,,,,,,,,,,,,,,,,,,,,,,,,,,,,,,,20,,,,,,,,,,,,,,,,,,,,,,,,,,,,,,,,,,,,,,,,,,,,,,,,,,,,,,,,,,,,,,,,,,
,,,,,,,,,,,,,,,,,,,,,,,,,,,,,,,,,,,,,,,,,,,,,,,,,,,,,,,,,,,,,,,,,,,,,,,,,,,,,,,,,,,,,,,,,,,,,,,,,,,
,,,,,,,,,,,,,,,,,,,,,,,,,,,,,,,,,,,,,,,,,,,,,,,,,,,,,,,,,,,,,,,,,,,,,,,,,,,,,,,,,,,,,,,,,,,,,,,,,,,
,,,,,,,,,,,,,,,,,,,,,,,,,,,,,,,,,20,,,,,,,,,,,,,,,,,,,,,,,,,,,,,,,,,,,,,,,,,,,,,,,,,,,,,,,,,,,,,,,,,,
,,,,,,,,,,,,,,,,,,,,,,,,,,,,,,,,,22,,,,,,,,,,,,,,,,,,,,,,,,,,,,,,,,,,,,,,,,,,,,,,,,,,,,,,,,,,,,,,,,,,
,,,,,,,,,,,,,,,,,,,,,,,,,,,,,,,,,,,,,,,,,,,,,,,,,,,,,,,,,,,,,,,,,,,,,,,,,,,,,,,,,,,,,,,,,,,,,,,,,,,
,,,,,,,,,,,,,,,,,,,,,,,,,,,,,,,,,22,,,,,,,,,,,,,,,,,,,,,,,,,,,,,,,,,,,,,,,,,,,,,,,,,,,,,,,,,,,,,,,,,,
,,,,,,,,,,,,,,,,,,,,,,,,,,,,,,,,,,,,,,,,,,,,,,,,,,,,,,,,,,,,,,,,,,,,,,,,,,,,,,,,,,,,,,,,,,,,,,,,,,,
,,,,,,,,,,,,,,,,,,,,,,,,,,,,,,,,,20,,,,,,,,,,,,,,,,,,,,,,,,,,,,,,,,,,,,,,,,,,,,,,,,,,,,,,,,,,,,,,,,,,
,,,,,,,,,,,,,,,,,,,,,,,,,,,,,,,,,,,,,,,,,,,,,,,,,,,,,,,,,,,,,,,,,,,,,,,,,,,,,,,,,,,,,,,,,,,,,,,,,,,
,,,,,,,,,,,,,,,,,,,,,,,,,,,,,,,,,,,,,,,,,,,,,,,,,,,,,,,,,,,,,,,,,,,,,,,,,,,,,,,,,,,,,,,,,,,,,,,,,,,
,,,,,,,,,,,,,,,,,,,,,,,,,,,,,,,,,22,,,,,,,,,,,,,,,,,,,,,,,,,,,,,,,,,,,,,,,,,,,,,,,,,,,,,,,,,,,,,,,,,,
,,,,,,,,,,,,,,,,,,,,,,,,,,,,,,,,,,,,,,,,,,,,,,,,,,,,,,,,,,,,,,,,,,,,,,,,,,,,,,,,,,,,,,,,,,,,,,,,,,,
,,,,,,,,,,,,,,,,,,,,,,,,,,,,,,,,,,,,,,,,,,,,,,,,,,,,,,,,,,,,,,,,,,,,,,,,,,,,,,,,,,,,,,,,,,,,,,,,,,,
,,,,,,,,,,,,,,,,,,,,,,,,,,,,,,,,,,,,,,,,,,,,,,,,,,,,,,,,,,,,,,,,,,,,,,,,,,,,,,,,,,,,,,,,,,,,,,,,,,,
,,,,,,,,,,,,,,,,,,,,,,,,,,,,,,,,,21,,,,,,,,,,,,,,,,,,,,,,,,,,,,,,,,,,,,,,,,,,,,,,,,,,,,,,,,,,,,,,,,,,
,,,,,,,,,,,,,,,,,,,,,,,,,,,,,,,,,,,,,,,,,,,,,,,,,,,,,,,,,,,,,,,,,,,,,,,,,,,,,,,,,,,,,,,,,,,,,,,,,,,
,,,,,,,,,,,,,,,,,,,,,,,,,,,,,,,,,22,,,,,,,,,,,,,,,,,,,,,,,,,,,,,,,,,,,,,,,,,,,,,,,,,,,,,,,,,,,,,,,,,,
,,,,,,,,,,,,,,,,,,,,,,,,,,,,,,,,,20,,,,,,,,,,,,,,,,,,,,,,,,,,,,,,,,,,,,,,,,,,,,,,,,,,,,,,,,,,,,,,,,,,
,,,,,,,,,,,,,,,,,,,,,,,,,,,,,,,,,,,,,,,,,,,,,,,,,,,,,,,,,,,,,,,,,,,,,,,,,,,,,,,,,,,,,,,,,,,,,,,,,,,
,,,,,,,,,,,,,,,,,,,,,,,,,,,,,,,,,22,,,,,,,,,,,,,,,,,,,,,,,,,,,,,,,,,,,,,,,,,,,,,,,,,,,,,,,,,,,,,,,,,,
,,,,,,,,,,,,,,,,,,,,,,,,,,,,,,,,,,,,,,,,,,,,,,,,,,,,,,,,,,,,,,,,,,,,,,,,,,,,,,,,,,,,,,,,,,,,,,,,,,,
,,,,,,,,,,,,,,,,,,,,,,,,,,,,,,,,,,,,,,,,,,,,,,,,,,,,,,,,,,,,,,,,,,,,,,,,,,,,,,,,,,,,,,,,,,,,,,,,,,,
,,,,,,,,,,,,,,,,,,,,,,,,,,,,,,,,,27,,,,,,,,,,,,,,,,,,,,,,,,,,,,,,,,,,,,,,,,,,,,,,,,,,,,,,,,,,,,,,,,,,
,,,,,,,,,,,,,,,,,,,,,,,,,,,,,,,,,21,,,,,,,,,,,,,,,,,,,,,,,,,,,,,,,,,,,,,,,,,,,,,,,,,,,,,,,,,,,,,,,,,,
,,,,,,,,,,,,,,,,,,,,,,,,,,,,,,,,,,,,,,,,,,,,,,,,,,,,,,,,,,,,,,,,,,,,,,,,,,,,,,,,,,,,,,,,,,,,,,,,,,,
,,,,,,,,,,,,,,,,,,,,,,,,,,,,,,,,,,,,,,,,,,,,,,,,,,,,,,,,,,,,,,,,,,,,,,,,,,,,,,,,,,,,,,,,,,,,,,,,,,,
,,,,,,,,,,,,,,,,,,,,,,,,,,,,,,,,,,,,,,,,,,,,,,,,,,,,,,,,,,,,,,,,,,,,,,,,,,,,,,,,,,,,,,,,,,,,,,,,,,,
,,,,,,,,,,,,,,,,,,,,,,,,,,,,,,,,,,,,,,,,,,,,,,,,,,,,,,,,,,,,,,,,,,,,,,,,,,,,,,,,,,,,,,,,,,,,,,,,,,,
,,,,,,,,,,,,,,,,,,,,,,,,,,,,,,,,,,,,,,,,,,,,,,,,,,,,,,,,,,,,,,,,,,,,,,,,,,,,,,,,,,,,,,,,,,,,,,,,,,,
,,,,,,,,,,,,,,,,,,,,,,,,,,,,,,,,,,,,,,,,,,,,,,,,,,,,,,,,,,,,,,,,,,,,,,,,,,,,,,,,,,,,,,,,,,,,,,,,,,,
,,,,,,,,,,,,,,,,,,,,,,,,,,,,,,,,,,,,,,,,,,,,,,,,,,,,,,,,,,,,,,,,,,,,,,,,,,,,,,,,,,,,,,,,,,,,,,,,,,,
,,,,,,,,,,,,,,,,,,,,,,,,,,,,,,,,,,,,,,,,,,,,,,,,,,,,,,,,,,,,,,,,,,,,,,,,,,,,,,,,,,,,,,,,,,,,,,,,,,,
,,,,,,,,,,,,,,,,,,,,,,,,,,,,,,,,,,,,,,,,,,,,,,,,,,,,,,,,,,,,,,,,,,,,,,,,,,,,,,,,,,,,,,,,,,,,,,,,,,,
,,,,,,,,,,,,,,,,,,,,,,,,,,,,,,,,,,,,,,,,,,,,,,,,,,,,,,,,,,,,,,,,,,,,,,,,,,,,,,,,,,,,,,,,,,,,,,,,,,,
,,,,,,,,,,,,,,,,,,,,,,,,,,,,,,,,,,,,,,,,,,,,,,,,,,,,,,,,,,,,,,,,,,,,,,,,,,,,,,,,,,,,,,,,,,,,,,,,,,,
MoveObject: type=2 stepAdvance=1 stepRecede=1 timeStopStart=0 timeStopEnd=0 posStart=4034;2180 posEnd=4034;2180 posCurrent=4034;2180 step=1 time=0 phase=359 channel=10 icon=20 
MoveObject: type=2 stepAdvance=1 stepRecede=1 timeStopStart=0 timeStopEnd=0 posStart=3650;2180 posEnd=3650;2180 posCurrent=3650;2180 step=1 time=0 phase=359 channel=10 icon=20 
MoveObject: type=2 stepAdvance=1 stepRecede=1 timeStopStart=0 timeStopEnd=0 posStart=3202;2180 posEnd=3202;2180 posCurrent=3202;2180 step=1 time=0 phase=359 channel=10 icon=20 
MoveObject: type=2 stepAdvance=1 stepRecede=1 timeStopStart=0 timeStopEnd=0 posStart=2946;2180 posEnd=2946;2180 posCurrent=2946;2180 step=1 time=0 phase=359 channel=10 icon=20 
MoveObject: type=2 stepAdvance=1 stepRecede=1 timeStopStart=0 timeStopEnd=0 posStart=4866;2180 posEnd=4866;2180 posCurrent=4866;2180 step=1 time=0 phase=359 channel=10 icon=20 
MoveObject: type=2 stepAdvance=1 stepRecede=1 timeStopStart=0 timeStopEnd=0 posStart=4674;2180 posEnd=4674;2180 posCurrent=4674;2180 step=1 time=0 phase=359 channel=10 icon=20 
MoveObject: type=2 stepAdvance=1 stepRecede=1 timeStopStart=0 timeStopEnd=0 posStart=4418;2180 posEnd=4418;2180 posCurrent=4418;2180 step=1 time=0 phase=359 channel=10 icon=20 
MoveObject: type=2 stepAdvance=1 stepRecede=1 timeStopStart=0 timeStopEnd=0 posStart=4162;2180 posEnd=4162;2180 posCurrent=4162;2180 step=1 time=0 phase=359 channel=10 icon=20 
MoveObject: type=2 stepAdvance=1 stepRecede=1 timeStopStart=0 timeStopEnd=0 posStart=3906;2180 posEnd=3906;2180 posCurrent=3906;2180 step=1 time=0 phase=359 channel=10 icon=20 
MoveObject: type=2 stepAdvance=1 stepRecede=1 timeStopStart=0 timeStopEnd=0 posStart=3394;2180 posEnd=3394;2180 posCurrent=3394;2180 step=1 time=0 phase=359 channel=10 icon=20 
MoveObject: type=2 stepAdvance=1 stepRecede=1 timeStopStart=0 timeStopEnd=0 posStart=3074;2180 posEnd=3074;2180 posCurrent=3074;2180 step=1 time=0 phase=359 channel=10 icon=20 
MoveObject: type=2 stepAdvance=1 stepRecede=1 timeStopStart=0 timeStopEnd=0 posStart=2818;2180 posEnd=2818;2180 posCurrent=2818;2180 step=1 time=0 phase=359 channel=10 icon=20 
MoveObject: type=2 stepAdvance=1 stepRecede=1 timeStopStart=0 timeStopEnd=0 posStart=2562;2180 posEnd=2562;2180 posCurrent=2562;2180 step=1 time=0 phase=359 channel=10 icon=20 
MoveObject: type=2 stepAdvance=1 stepRecede=1 timeStopStart=0 timeStopEnd=0 posStart=770;3268 posEnd=770;3268 posCurrent=770;3268 step=1 time=0 phase=359 channel=10 icon=20 
MoveObject: type=2 stepAdvance=1 stepRecede=1 timeStopStart=0 timeStopEnd=0 posStart=898;3332 posEnd=898;3332 posCurrent=898;3332 step=1 time=0 phase=359 channel=10 icon=20 
MoveObject: type=1 stepAdvance=10 stepRecede=10 timeStopStart=10 timeStopEnd=10 posStart=2944;3136 posEnd=2944;3200 posCurrent=2944;3136 step=1 time=7 phase=359 channel=1 icon=340 
MoveObject: type=2 stepAdvance=1 stepRecede=1 timeStopStart=0 timeStopEnd=0 posStart=1026;3268 posEnd=1026;3268 posCurrent=1026;3268 step=1 time=0 phase=359 channel=10 icon=20 
MoveObject: type=1 stepAdvance=10 stepRecede=10 timeStopStart=10 timeStopEnd=10 posStart=2816;3264 posEnd=2816;3200 posCurrent=2816;3264 step=1 time=7 phase=359 channel=1 icon=340 
MoveObject: type=3 stepAdvance=1 stepRecede=1 timeStopStart=0 timeStopEnd=0 posStart=770;3456 posEnd=770;3456 posCurrent=770;3456 step=1 time=0 phase=359 channel=10 icon=56 
MoveObject: type=3 stepAdvance=1 stepRecede=1 timeStopStart=0 timeStopEnd=0 posStart=1090;3456 posEnd=1090;3456 posCurrent=1090;3456 step=1 time=0 phase=359 channel=10 icon=56 
MoveObject: type=3 stepAdvance=1 stepRecede=1 timeStopStart=0 timeStopEnd=0 posStart=642;3072 posEnd=642;3072 posCurrent=642;3072 step=1 time=0 phase=359 channel=10 icon=56 
MoveObject: type=1 stepAdvance=10 stepRecede=10 timeStopStart=10 timeStopEnd=10 posStart=2688;3264 posEnd=2688;3328 posCurrent=2688;3264 step=1 time=7 phase=359 channel=1 icon=340 
MoveObject: type=2 stepAdvance=1 stepRecede=1 timeStopStart=0 timeStopEnd=0 posStart=898;3588 posEnd=898;3588 posCurrent=898;3588 step=1 time=0 phase=359 channel=10 icon=20 
MoveObject: type=2 stepAdvance=1 stepRecede=1 timeStopStart=0 timeStopEnd=0 posStart=2498;5124 posEnd=2498;5124 posCurrent=2498;5124 step=1 time=0 phase=359 channel=10 icon=20 
MoveObject: type=2 stepAdvance=1 stepRecede=1 timeStopStart=0 timeStopEnd=0 posStart=2626;5124 posEnd=2626;5124 posCurrent=2626;5124 step=1 time=0 phase=359 channel=10 icon=20 
MoveObject: type=2 stepAdvance=1 stepRecede=1 timeStopStart=0 timeStopEnd=0 posStart=2754;5124 posEnd=2754;5124 posCurrent=2754;5124 step=1 time=0 phase=359 channel=10 icon=20 
MoveObject: type=2 stepAdvance=1 stepRecede=1 timeStopStart=0 timeStopEnd=0 posStart=2882;5124 posEnd=2882;5124 posCurrent=2882;5124 step=1 time=0 phase=359 channel=10 icon=20 
MoveObject: type=2 stepAdvance=1 stepRecede=1 timeStopStart=0 timeStopEnd=0 posStart=3010;5124 posEnd=3010;5124 posCurrent=3010;5124 step=1 time=0 phase=359 channel=10 icon=20 
MoveObject: type=2 stepAdvance=1 stepRecede=1 timeStopStart=0 timeStopEnd=0 posStart=3138;5124 posEnd=3138;5124 posCurrent=3138;5124 step=1 time=0 phase=359 channel=10 icon=20 
MoveObject: type=2 stepAdvance=1 stepRecede=1 timeStopStart=0 timeStopEnd=0 posStart=3266;5124 posEnd=3266;5124 posCurrent=3266;5124 step=1 time=0 phase=359 channel=10 icon=20 
MoveObject: type=2 stepAdvance=1 stepRecede=1 timeStopStart=0 timeStopEnd=0 posStart=3394;5124 posEnd=3394;5124 posCurrent=3394;5124 step=1 time=0 phase=359 channel=10 icon=20 
MoveObject: type=2 stepAdvance=1 stepRecede=1 timeStopStart=0 timeStopEnd=0 posStart=3522;5124 posEnd=3522;5124 posCurrent=3522;5124 step=1 time=0 phase=359 channel=10 icon=20 
MoveObject: type=2 stepAdvance=1 stepRecede=1 timeStopStart=0 timeStopEnd=0 posStart=3650;5124 posEnd=3650;5124 posCurrent=3650;5124 step=1 time=0 phase=359 channel=10 icon=20 
MoveObject: type=2 stepAdvance=1 stepRecede=1 timeStopStart=0 timeStopEnd=0 posStart=3906;5124 posEnd=3906;5124 posCurrent=3906;5124 step=1 time=0 phase=359 channel=10 icon=20 
MoveObject: type=2 stepAdvance=1 stepRecede=1 timeStopStart=0 timeStopEnd=0 posStart=5314;2180 posEnd=5314;2180 posCurrent=5314;2180 step=1 time=0 phase=359 channel=10 icon=20 
MoveObject: type=7 stepAdvance=1 stepRecede=1 timeStopStart=0 timeStopEnd=0 posStart=1922;3268 posEnd=1922;3268 posCurrent=1922;3268 step=1 time=0 phase=359 channel=10 icon=36 
MoveObject: type=5 stepAdvance=1 stepRecede=1 timeStopStart=0 timeStopEnd=0 posStart=4162;5636 posEnd=4162;5636 posCurrent=4162;5636 step=1 time=0 phase=359 channel=10 icon=9 
MoveObject: type=1 stepAdvance=42 stepRecede=42 timeStopStart=3 timeStopEnd=3 posStart=5184;5760 posEnd=5184;5312 posCurrent=5184;5589 step=4 time=26 phase=359 channel=1 icon=340 
MoveObject: type=1 stepAdvance=42 stepRecede=42 timeStopStart=3 timeStopEnd=3 posStart=5120;4864 posEnd=5120;5312 posCurrent=5120;5035 step=4 time=26 phase=359 channel=1 icon=340 
MoveObject: type=1 stepAdvance=42 stepRecede=42 timeStopStart=3 timeStopEnd=3 posStart=5184;4864 posEnd=5184;4416 posCurrent=5184;4693 step=4 time=26 phase=359 channel=1 icon=340 
MoveObject: type=1 stepAdvance=42 stepRecede=42 timeStopStart=3 timeStopEnd=3 posStart=5120;3968 posEnd=5120;4416 posCurrent=5120;4139 step=4 time=26 phase=359 channel=1 icon=340 
MoveObject: type=1 stepAdvance=42 stepRecede=42 timeStopStart=3 timeStopEnd=3 posStart=5120;5760 posEnd=5120;6208 posCurrent=5120;5931 step=4 time=26 phase=359 channel=1 icon=340 
MoveObject: type=5 stepAdvance=1 stepRecede=1 timeStopStart=0 timeStopEnd=0 posStart=1858;1860 posEnd=1858;1860 posCurrent=1858;1860 step=1 time=0 phase=359 channel=10 icon=9 
MoveObject: type=5 stepAdvance=1 stepRecede=1 timeStopStart=0 timeStopEnd=0 posStart=1794;1924 posEnd=1794;1924 posCurrent=1794;1924 step=1 time=0 phase=359 channel=10 icon=9 
MoveObject: type=5 stepAdvance=1 stepRecede=1 timeStopStart=0 timeStopEnd=0 posStart=1730;1988 posEnd=1730;1988 posCurrent=1730;1988 step=1 time=0 phase=359 channel=10 icon=9 
MoveObject: type=5 stepAdvance=1 stepRecede=1 timeStopStart=0 timeStopEnd=0 posStart=1666;2052 posEnd=1666;2052 posCurrent=1666;2052 step=1 time=0 phase=359 channel=10 icon=9 
MoveObject: type=5 stepAdvance=1 stepRecede=1 timeStopStart=0 timeStopEnd=0 posStart=1602;2116 posEnd=1602;2116 posCurrent=1602;2116 step=1 time=0 phase=359 channel=10 icon=9 
MoveObject: type=5 stepAdvance=1 stepRecede=1 timeStopStart=0 timeStopEnd=0 posStart=1538;2180 posEnd=1538;2180 posCurrent=1538;2180 step=1 time=0 phase=359 channel=10 icon=9 
MoveObject: type=5 stepAdvance=1 stepRecede=1 timeStopStart=0 timeStopEnd=0 posStart=1986;1860 posEnd=1986;1860 posCurrent=1986;1860 step=1 time=0 phase=359 channel=10 icon=9 
MoveObject: type=5 stepAdvance=1 stepRecede=1 timeStopStart=0 timeStopEnd=0 posStart=2050;1924 posEnd=2050;1924 posCurrent=2050;1924 step=1 time=0 phase=359 channel=10 icon=9 
MoveObject: type=5 stepAdvance=1 stepRecede=1 timeStopStart=0 timeStopEnd=0 posStart=2114;1988 posEnd=2114;1988 posCurrent=2114;1988 step=1 time=0 phase=359 channel=10 icon=9 
MoveObject: type=5 stepAdvance=1 stepRecede=1 timeStopStart=0 timeStopEnd=0 posStart=2178;2052 posEnd=2178;2052 posCurrent=2178;2052 step=1 time=0 phase=359 channel=10 icon=9 
MoveObject: type=5 stepAdvance=1 stepRecede=1 timeStopStart=0 timeStopEnd=0 posStart=2242;2116 posEnd=2242;2116 posCurrent=2242;2116 step=1 time=0 phase=359 channel=10 icon=9 
MoveObject: type=5 stepAdvance=1 stepRecede=1 timeStopStart=0 timeStopEnd=0 posStart=2306;2180 posEnd=2306;2180 posCurrent=2306;2180 step=1 time=0 phase=359 channel=10 icon=9 
MoveObject: type=6 stepAdvance=1 stepRecede=1 timeStopStart=0 timeStopEnd=0 posStart=642;2696 posEnd=642;2696 posCurrent=642;2696 step=1 time=0 phase=359 channel=10 icon=22 
MoveObject: type=1 stepAdvance=10 stepRecede=10 timeStopStart=10 timeStopEnd=10 posStart=2560;3392 posEnd=2560;3328 posCurrent=2560;3392 step=1 time=7 phase=359 channel=1 icon=340 
MoveObject: type=6 stepAdvance=1 stepRecede=1 timeStopStart=0 timeStopEnd=0 posStart=2946;5832 posEnd=2946;5832 posCurrent=2946;5832 step=1 time=0 phase=359 channel=10 icon=22 
MoveObject: type=6 stepAdvance=1 stepRecede=1 timeStopStart=0 timeStopEnd=0 posStart=4866;3080 posEnd=4866;3080 posCurrent=4866;3080 step=1 time=0 phase=359 channel=10 icon=22 
MoveObject: type=6 stepAdvance=1 stepRecede=1 timeStopStart=0 timeStopEnd=0 posStart=6274;6024 posEnd=6274;6024 posCurrent=6274;6024 step=1 time=0 phase=359 channel=10 icon=22 
MoveObject: type=5 stepAdvance=1 stepRecede=1 timeStopStart=0 timeStopEnd=0 posStart=642;2820 posEnd=642;2820 posCurrent=642;2820 step=1 time=0 phase=359 channel=10 icon=9 
MoveObject: type=5 stepAdvance=1 stepRecede=1 timeStopStart=0 timeStopEnd=0 posStart=2946;3460 posEnd=2946;3460 posCurrent=2946;3460 step=1 time=0 phase=359 channel=10 icon=9 
MoveObject: type=1 stepAdvance=10 stepRecede=10 timeStopStart=10 timeStopEnd=10 posStart=2432;3392 posEnd=2432;3456 posCurrent=2432;3392 step=1 time=7 phase=359 channel=1 icon=340 
MoveObject: type=1 stepAdvance=10 stepRecede=10 timeStopStart=10 timeStopEnd=10 posStart=2304;3520 posEnd=2304;3456 posCurrent=2304;3520 step=1 time=7 phase=359 channel=1 icon=340 
MoveObject: type=6 stepAdvance=1 stepRecede=1 timeStopStart=0 timeStopEnd=0 posStart=3010;5896 posEnd=3010;5896 posCurrent=3010;5896 step=1 time=0 phase=359 channel=10 icon=22 
MoveObject: type=6 stepAdvance=1 stepRecede=1 timeStopStart=0 timeStopEnd=0 posStart=6210;6088 posEnd=6210;6088 posCurrent=6210;6088 step=1 time=0 phase=359 channel=10 icon=22 
MoveObject: type=1 stepAdvance=30 stepRecede=30 timeStopStart=10 timeStopEnd=10 posStart=1920;2176 posEnd=1920;1984 posCurrent=1920;2100 step=2 time=12 phase=359 channel=1 icon=340 
