DescFile: posDecor=0;1900 dimDecor=100;100 world=0 music=8 region=27 blupiPos=194;2118 blupiDir=2 
Decor: 
,,,,,,,,,,,,,,,,,,,,,,,,,286,301,284,284,284,292,294,284,289,284,301,301,301,284,284,302,,,,,,,,,,,,,,,,,,286,284,284,301,284,284,284,284,284,10,301,284,292,,,,,,,,,,294,284,302,,,,,,,,,,,,,,,,,
,,,,,,,,,,,,,,,,,288,288,288,288,288,288,288,288,294,301,301,301,284,284,301,301,289,284,284,301,301,284,301,302,,,,,,,,,,,,,,,,,,288,298,301,284,301,301,301,284,291,251,293,301,284,285,288,288,288,288,288,288,288,294,301,301,292,,,,,,,,,,,,,,,,,
,,,,,,,,,,,,,,,,294,284,301,301,284,284,284,284,284,301,284,284,284,299,301,301,284,300,284,284,301,284,301,301,285,,,,,,,,,,,,,,,,,303,301,284,284,284,301,301,291,287,,251,,293,284,300,301,301,301,284,301,284,284,284,295,301,284,285,,,,,,,,,,,,,,,,
,,,,,,,,,,,,,,,286,284,301,301,301,284,284,284,301,301,284,284,284,284,284,301,284,284,289,301,284,284,284,284,284,302,,,,,,,,,,,,,,,,,303,284,301,299,301,301,284,285,288,,252,,303,301,296,301,284,301,284,301,301,301,284,296,284,301,302,,,,,,,,,,,,,,,,
,,,,,,,,,,,,,,,303,301,284,284,301,284,284,284,284,301,301,301,301,284,284,301,299,284,289,284,284,299,284,301,301,285,,,,,,,,,,,,,,,,,286,284,295,284,301,284,301,300,284,302,253,,294,284,284,295,301,284,284,301,301,284,284,301,284,301,302,,,,,,,,,,,,,,,,
,,,,,,,,,,,,,,,286,301,284,301,301,284,301,284,301,284,284,301,284,284,284,284,284,284,285,298,284,284,301,284,284,302,,,,,,,,,,,,,,,,,286,284,296,301,284,301,284,300,284,285,251,303,301,284,284,300,301,301,301,301,284,284,299,301,284,301,285,,,,,,,,,,,,,,,,
,,,,,,,,,,,,,,,286,284,301,284,301,284,301,284,301,301,284,284,284,301,284,284,295,301,300,301,301,284,301,301,284,302,,,,,,,,,,,,,,,,,303,284,301,284,284,301,301,285,287,,253,303,284,301,284,296,284,284,284,284,301,301,301,284,301,284,285,,,,,,,,,,,,,,,,
,,,,,,,,,,,,,,,303,284,284,301,301,301,301,301,284,284,284,301,284,284,284,301,302,287,286,301,284,301,284,284,301,285,,,,,,,,,,,,,,,,,286,301,301,295,284,301,291,,,,251,303,301,284,284,284,284,301,301,301,284,299,284,301,284,284,292,,,,,,,,,,,,,,,,
,,,,,,,,,,,,,,,303,284,284,301,284,284,301,284,284,284,301,301,301,284,301,301,285,,286,284,301,284,301,284,301,302,,,,,,,,,,,,,,,,,303,284,301,289,284,301,285,,56,10,10,10,10,10,10,10,10,10,10,10,284,301,301,284,301,301,301,285,,,,,,,,,,,,,,,
,,,,,,,,,,,,,,,303,301,301,301,284,301,284,299,284,284,284,284,301,284,301,284,292,,294,284,301,284,284,284,284,302,,,,,,,,,,,,,,,,,,293,301,296,301,284,302,,,92,91,91,91,91,91,91,91,91,91,10,301,299,284,284,284,284,291,,,,,,,,,,,,,,,,
,,,,,,,,,,,,,,,286,301,301,301,299,301,299,284,301,301,301,284,284,284,301,301,284,300,301,284,284,301,284,284,301,302,,,,,,,,,,,,,,,,,,303,301,301,301,301,302,,60,10,10,10,10,10,10,10,10,10,91,10,301,301,301,284,284,301,302,,,,,,,,,,,,,,,,
,,,,,,,,,,,,,,,303,301,284,284,284,284,301,301,284,284,284,301,284,284,301,297,287,303,301,284,284,284,299,301,284,302,,,,,,,,,,,,,,,,,,303,301,284,301,301,285,,,,252,,,286,284,301,301,10,91,10,284,284,284,284,301,301,285,,,,,,,,,,,,,,,,
,,,,,,,,,,,,,,,286,284,284,284,301,284,301,301,299,284,301,284,301,301,301,301,302,286,301,301,301,284,301,284,284,285,,,,,,,,,,,288,,,,288,288,288,288,290,298,284,291,,,288,,251,,,303,284,284,284,10,91,10,284,284,301,284,284,301,302,,,,,,,,,,,,,,,,
,,,,,,,,,,,,,,,303,284,284,284,284,284,284,301,284,284,284,301,301,284,301,301,285,294,284,284,301,301,284,301,301,302,,,,,,,,,,303,284,292,288,294,301,301,284,284,301,284,301,302,,294,301,285,252,,,286,284,301,301,10,91,10,284,284,284,299,284,301,302,,,,,,,,,,,,,,,,
,,,,,,,,,,,,,,,303,301,284,301,284,301,301,295,284,301,284,284,284,301,301,291,286,284,284,301,284,284,284,301,284,302,,,,,,,,,,303,301,301,301,284,301,284,284,301,284,284,301,285,294,284,301,302,253,,,286,284,301,301,10,91,10,284,284,284,284,284,284,285,,,,,,,,,,,,,,,,
,,,,,,,,,,,,,,,294,284,284,284,284,284,301,302,287,293,284,284,301,301,297,,,293,284,284,284,284,301,284,301,302,,,,,,,,,,286,284,301,284,299,284,301,284,301,284,301,301,289,301,301,284,285,253,,,286,301,284,291,10,91,10,301,301,284,284,299,284,285,,,,,,,,,,,,,,,,
,,,,,,,,,,,,,,294,284,284,301,284,301,295,284,302,288,288,290,293,301,284,284,285,,303,301,301,284,284,284,301,284,285,,,,,,,,,,,293,301,284,284,284,301,297,298,284,291,287,,293,301,284,292,252,,,294,301,291,,10,91,10,301,301,284,301,301,301,302,,,,,,,,,,,,,,,,
,,,,,,,,,,,,288,294,284,284,284,301,301,301,296,301,289,284,284,301,292,293,284,301,302,,294,284,301,284,301,301,284,301,302,,,,,,,,,,,294,301,284,301,301,284,284,284,291,,288,288,,293,284,301,10,201,201,301,301,285,10,10,91,10,301,301,284,301,301,301,285,,,,,,,,,,,,,,,,
,,,,,,,,,,,303,284,284,284,301,284,284,284,284,284,284,300,301,284,284,301,300,301,301,285,286,301,301,301,299,301,301,301,297,,,,,,,,,,,294,301,301,301,301,284,284,284,291,,294,284,301,292,288,287,287,251,,286,301,291,,92,91,91,10,284,301,299,284,284,301,285,,,,,,,,,,,,,,,,
,,,,,,,,,,,286,284,284,284,284,284,284,284,284,301,301,289,301,301,301,284,302,293,301,285,294,301,284,284,284,301,301,301,301,302,,,,,,,,,303,301,301,301,299,284,299,284,284,302,294,284,284,301,284,284,302,,252,,303,301,302,60,10,10,10,10,284,284,301,301,284,297,,,,,,,,,,,,,,,,,
,,,,,,,,,,,303,301,284,301,284,301,301,284,284,295,284,289,301,284,284,284,285,,287,303,284,284,284,301,301,291,287,287,287,,,,,,,,,,303,301,297,298,284,295,301,284,291,303,301,301,301,284,301,284,292,,251,,303,301,292,,303,284,301,301,284,299,284,301,301,284,285,,,,,,,,,,,,,,,,
,,,,,,,,,,,303,284,284,284,295,301,284,301,301,289,284,300,284,284,284,301,285,,,286,284,301,301,284,301,292,288,,,,,,,,,,,,303,284,284,301,284,289,301,291,,294,301,284,284,301,301,284,284,285,252,,303,301,284,302,286,284,301,284,284,284,301,284,301,284,302,,,,,,,,,,,,,,,,
,,,,,,,,,,,286,301,284,284,296,301,301,301,301,285,287,303,284,301,301,284,285,,,,293,301,284,295,284,301,301,302,,,,,288,288,,288,,,,298,301,301,284,289,301,302,286,301,301,301,301,301,284,284,291,,253,,294,301,291,,288,293,301,284,301,284,284,301,284,284,285,,,,,,,,,,,,,,,,
,,,,,,,,,,,286,284,301,301,284,284,284,301,291,,,286,284,284,301,297,288,,,,303,284,284,296,284,299,301,292,288,288,288,294,284,284,289,301,285,,286,284,284,301,284,296,284,285,286,301,284,301,301,291,293,284,292,60,10,201,284,291,,286,301,300,301,301,301,284,301,301,284,297,,,,,,,,,,,,,,,,,
,,,,,,,,,,,286,301,299,284,284,284,284,291,,,288,294,284,301,301,301,301,302,,,286,301,301,284,284,284,284,301,301,284,284,284,284,284,296,284,302,,303,284,299,301,284,301,291,,303,301,301,301,284,302,303,284,284,302,252,303,284,302,,286,301,289,301,284,284,284,301,284,295,284,285,,,,,,,,,,,,,,,,
,,,,,,,,,,,286,301,284,301,297,298,301,285,,294,284,301,301,301,284,284,291,,,,,293,284,301,284,301,284,284,301,284,299,284,284,301,301,284,285,,303,284,284,284,284,284,302,,294,301,284,301,301,285,,293,301,285,253,286,284,292,,303,301,300,284,301,284,284,284,291,303,301,302,,,,,,,,,,,,,,,,
,,,,,,,,,,,303,301,284,284,284,284,284,302,303,284,284,284,284,301,284,291,,,,,54,303,284,301,301,284,295,284,284,284,284,284,284,284,284,284,292,,303,284,301,301,299,284,302,303,301,284,284,284,284,302,,303,284,285,253,286,301,301,292,286,301,292,293,301,284,284,297,288,294,301,302,,,,,,,,,,,,,,,,
,,,,,,,,,,,286,301,301,301,301,301,301,292,303,284,301,301,291,287,287,,,,60,10,10,10,10,10,284,284,296,284,301,301,301,299,301,299,284,284,284,285,286,301,301,284,284,301,302,303,284,284,284,301,284,302,,,287,,251,,293,301,284,289,301,284,302,293,284,295,284,301,301,284,285,,,,,,,,,,,,,,,,
,,,,,,,,,,,303,301,284,301,301,284,301,301,300,284,284,297,,,,,,,,92,91,91,91,10,284,284,301,284,295,301,284,301,284,301,301,284,301,285,286,284,284,284,301,284,302,,293,301,301,291,287,,,,,,253,,,293,284,300,284,301,285,286,284,292,298,301,301,301,285,,,,,,,,,,,,,,,,
,,,,,,,,,,,286,301,284,284,284,284,284,291,303,284,301,301,285,,,,,,,92,91,91,91,10,10,10,10,10,10,10,301,284,284,301,301,284,291,,286,301,301,284,284,301,302,,303,284,301,302,,,,,,54,252,54,,286,301,302,293,301,302,286,284,301,284,301,301,284,302,,,,,,,,,,,,,,,,
,,,,,,,,,,,303,301,284,284,284,301,284,285,,201,201,201,,,,,,,,92,91,91,91,91,91,91,91,91,91,10,284,299,284,284,297,290,,,286,284,301,295,301,301,302,288,303,301,291,,,,,,11,10,10,10,11,201,301,292,303,301,302,303,284,299,284,301,301,284,285,,,,,,,,,,,,,,,,
,,,,,,,,,,,286,284,301,284,299,301,284,302,303,301,301,301,302,,,,,,,92,91,91,91,10,10,10,10,10,91,10,301,301,301,284,284,301,285,,286,301,301,296,284,284,300,284,289,284,302,,,,,56,22,10,10,10,22,303,301,284,289,284,292,,298,301,301,301,284,301,285,,,,,,,,,,,,,,,,
,,,,,,,,,,,303,284,301,301,284,301,291,,286,301,284,301,285,,,,,,,92,91,91,91,10,301,284,284,10,91,10,284,284,301,295,284,284,302,288,286,301,299,301,284,291,,287,303,284,302,,,,,,22,73,,10,22,55,293,284,289,284,301,300,284,301,284,284,301,284,285,,,,,,,,,,,,,,,,
,,,,,,,,,,,303,301,284,301,284,284,292,,286,301,301,301,292,288,288,,,,60,10,10,10,10,10,301,301,301,10,91,10,301,301,301,296,284,284,296,301,296,284,301,284,284,285,,,303,301,302,,,,,56,22,10,10,10,22,,303,284,302,287,290,303,301,301,301,301,284,301,285,,,,,,,,,,,,,,,,
,,,,,,,,,,,303,284,301,301,299,284,284,302,286,301,284,301,301,301,301,292,,,,53,303,301,284,284,284,284,284,10,91,10,298,301,284,284,301,284,301,301,301,301,284,301,291,,,288,294,301,292,,,,,,11,10,10,10,11,201,201,284,302,294,284,292,298,284,301,301,284,284,302,,,,,,,,,,,,,,,,
,,,,,,,,,,,303,284,301,301,284,299,284,285,286,301,284,301,284,301,284,284,302,,,,294,301,301,284,284,284,301,10,91,10,301,284,284,301,301,284,284,297,290,298,284,284,302,,294,301,284,301,284,292,,,,,,53,252,53,,,286,284,300,301,301,284,301,301,301,284,284,301,285,,,,,,,,,,,,,,,,
,,,,,,,,,,,303,301,301,299,284,301,291,,286,301,301,284,299,301,301,284,292,,,294,284,284,301,301,301,301,301,10,91,10,301,301,299,284,301,297,298,301,284,284,301,301,285,303,301,284,284,284,301,284,292,,,,,,252,,,,294,284,285,298,301,284,284,284,284,301,299,284,302,,,,,,,,,,,,,,,,
,,,,,,,,,,,286,301,284,284,301,284,302,,,293,284,284,284,301,284,284,284,292,294,301,301,299,301,297,293,301,301,10,91,10,284,284,301,284,284,301,301,301,301,284,301,284,285,288,290,298,301,301,284,301,284,302,,,288,,251,,,294,284,284,300,301,295,284,301,284,301,301,301,284,302,,,,,,,,,,,,,,,,
,,,,,,,,,,,,298,284,301,284,301,292,,,,287,293,301,284,284,301,284,284,284,284,299,284,301,301,300,284,301,10,91,10,284,301,301,301,301,284,297,293,284,284,301,301,300,301,301,284,284,301,284,284,284,285,,286,301,302,251,,286,284,301,291,286,284,300,284,284,301,301,284,301,301,302,,,,,,,,,,,,,,,,
,,,,,,,,,,,303,284,284,284,301,301,301,292,,,,286,301,301,301,284,284,301,301,284,284,284,284,291,303,284,284,10,91,10,284,301,295,284,284,299,301,300,301,284,291,287,286,301,299,301,295,284,284,301,291,,,294,284,302,251,,303,284,301,285,,290,303,284,301,301,284,301,284,284,302,,,,,,,,,,,,,,,,
,,,,,,,,,,,303,284,284,284,284,301,284,284,302,,,286,301,284,295,284,284,284,301,301,284,301,301,302,,293,284,10,91,10,284,284,300,301,284,284,291,,293,301,302,,303,284,284,301,300,284,284,284,285,,303,301,301,302,253,,294,284,291,,303,301,296,301,284,284,299,284,301,301,285,,,,,,,,,,,,,,,,
,,,,,,,,,,,303,301,284,301,284,301,284,291,288,,,286,301,301,296,301,284,301,284,284,284,301,291,,,56,10,10,91,10,284,301,289,301,301,301,292,,288,290,288,288,294,284,284,301,285,298,301,291,,,294,284,284,292,251,286,301,301,285,,288,298,301,284,284,284,301,284,301,284,302,,,,,,,,,,,,,,,,
,,,,,,,,,,,303,284,301,299,301,284,297,303,284,302,,286,301,301,284,301,299,284,284,301,301,291,,,,,92,91,91,10,301,301,296,284,301,301,301,300,284,284,301,301,301,301,299,284,296,284,291,,,303,284,301,284,301,10,201,301,291,,303,284,301,301,301,284,301,295,301,301,284,302,,,,,,,,,,,,,,,,
,,,,,,,,,,,303,284,284,301,301,301,284,300,301,302,,286,284,301,299,301,301,301,301,301,284,292,288,,,60,10,10,10,10,284,284,301,301,301,291,287,286,301,299,301,284,284,295,284,301,301,284,285,,10,10,10,284,291,287,253,286,301,292,,294,284,299,284,301,284,301,296,284,301,301,302,,,,,,,,,,,,,,,,
,,,,,,,,,,,286,284,284,301,295,284,301,292,287,,,294,301,301,284,284,284,301,301,284,284,284,301,292,,,,251,284,296,284,301,284,301,291,,,294,301,301,284,284,284,296,284,284,299,301,292,,73,,10,301,292,,252,,293,301,289,301,299,301,301,301,301,301,301,284,284,301,285,,,,,,,,,,,,,,,,
,,,,,,,,,,,286,284,284,284,296,284,295,284,285,,294,301,301,284,301,301,284,301,284,284,291,298,284,284,302,,,251,284,284,301,301,291,290,288,288,294,301,301,301,301,301,284,301,301,301,301,284,284,285,10,10,10,301,284,285,253,,,287,286,284,284,301,284,295,284,301,295,301,301,301,302,,,,,,,,,,,,,,,,
,,,,,,,,,,,303,284,301,301,284,301,296,284,285,294,301,284,284,284,301,284,301,284,284,301,296,301,284,297,,,,251,284,301,284,284,300,301,301,284,284,284,284,291,298,284,301,301,301,301,301,301,291,,286,284,284,284,284,285,251,,,,294,284,284,301,284,296,301,301,289,301,284,301,302,,,,,,,,,,,,,,,,
,,,,,,,,,,,303,301,299,301,284,284,301,301,289,301,284,284,301,299,284,284,284,301,284,301,301,301,284,284,292,,,253,293,284,301,301,422,301,284,284,301,301,284,300,301,301,301,301,301,301,284,284,302,,288,290,293,284,291,,252,,,303,284,301,301,301,284,301,301,301,300,301,301,301,285,,,,,,,,,,,,,,,,
,,,,,,,,,,,303,284,284,295,301,284,284,301,296,301,301,284,284,284,301,284,284,301,284,301,301,299,284,301,301,285,,253,286,284,301,291,286,284,284,299,301,301,297,286,284,284,301,299,284,284,301,301,292,303,284,284,300,284,292,,251,,,294,284,301,301,301,297,293,301,284,300,301,284,297,,,,,,,,,,,,,,,,,
,,,,,,,,,,,303,301,301,296,301,284,284,284,284,301,301,284,284,301,301,284,301,284,284,284,284,284,284,301,284,302,,251,,298,301,292,303,284,301,284,301,295,284,296,284,299,301,284,284,284,301,284,301,300,301,10,52,10,301,285,252,,294,284,301,301,284,284,284,296,284,284,300,284,301,301,285,,,,,,,,,,,,,,,,
,,,,,,,,,,,286,284,301,284,301,301,284,284,284,301,301,284,284,301,301,284,284,301,284,295,301,299,301,301,291,,56,10,201,301,284,284,300,284,284,301,284,300,301,284,284,301,284,301,301,301,301,299,284,296,284,284,300,301,284,285,73,201,284,284,301,299,301,284,301,301,284,291,303,284,284,284,302,,,,,,,,,,,,,,,,
,,,,,,,,,,,286,284,301,284,301,284,284,301,301,284,284,284,284,284,301,284,284,301,301,296,284,284,284,297,288,,,251,286,284,301,291,303,301,301,284,301,296,284,299,301,301,295,284,284,301,284,301,301,284,284,10,52,10,284,302,251,303,301,284,284,284,301,301,301,291,287,,286,284,299,301,302,,,,,,,,,,,,,,,,
,,,,,,,,,,,303,284,284,299,284,284,284,299,301,301,301,284,301,295,301,301,301,301,301,284,301,284,284,301,301,302,,253,286,301,301,302,303,301,284,301,284,284,301,301,284,301,296,301,284,284,301,284,301,284,299,284,300,284,301,302,251,286,284,295,284,284,301,299,284,292,,,303,301,284,284,302,,,,,,,,,,,,,,,,
,,,,,,,,,,,,293,301,301,301,284,284,301,301,284,301,301,301,289,284,301,301,295,284,299,301,284,284,301,301,285,,253,,293,284,302,,293,284,284,284,284,284,299,284,284,301,299,301,301,301,301,301,284,284,291,286,284,291,,253,303,284,296,301,284,284,284,301,301,302,,286,301,301,291,,,,,,,,,,,,,,,,,
,,,,,,,,,,,,286,284,291,287,293,301,295,284,301,295,284,301,300,301,291,287,294,284,301,284,284,284,291,287,,,252,,,287,,,303,284,301,284,301,299,301,284,284,301,301,301,284,301,284,299,301,291,,,287,288,,251,286,284,284,284,301,301,284,301,291,,,,298,301,285,,,,,,,,,,,,,,,,,
,,,,,,,,,,,,,287,,,,287,,287,287,,287,287,,287,,286,301,301,295,301,284,301,285,,,,252,,,,,,294,301,284,284,284,301,295,284,284,284,299,284,284,301,284,301,284,292,,288,294,301,302,253,303,284,301,284,284,301,299,301,302,,,303,284,284,285,,,,,,,,,,,,,,,,,
,,,,,,,,,,,,,,,,,,,,,,,,,,,294,284,284,300,284,284,291,,,,58,251,58,,,,286,301,299,284,284,299,301,296,284,301,284,301,301,284,284,301,301,301,301,300,284,301,284,302,252,294,301,284,299,284,284,284,301,285,,,286,284,291,,,,,,,,,,,,,,,,,,
,,,,,,,,,,,,,,,,,,,,,,,,,,303,284,284,301,296,284,284,292,,,11,10,10,10,11,201,201,201,301,284,295,284,284,301,284,301,301,284,301,301,301,299,301,301,301,301,289,301,284,291,,10,301,301,301,301,301,297,298,301,302,,,,287,,,,,,,,,,,,,,,,,,,
,,,,,,,,,,,,,,,,,,,,,,,,,,,298,301,301,284,284,301,284,285,60,10,22,,22,10,59,,286,301,284,300,284,301,301,301,284,301,301,284,284,301,284,284,301,284,301,300,284,284,302,,251,293,284,284,299,284,284,301,284,285,,,,,,,,,,,,,,,,,,,,,,,
,,,,,,,,,,,,,,,,,,,,,,,,,,286,284,284,299,284,301,301,291,,,10,22,,22,73,,,286,284,284,296,301,301,301,284,301,284,301,284,299,284,284,301,301,284,284,300,301,301,302,,252,,298,284,301,299,301,295,284,285,,,,,,,,,,,,,,,,,,,,,,,
,,,,,,,,,,,,,,,,,,,,,,,,,,,298,284,301,284,301,284,292,,60,10,22,,22,10,59,,286,301,301,301,284,301,284,284,301,284,301,284,284,301,284,284,301,301,291,294,301,284,285,,251,303,301,301,301,301,297,288,287,,,,,,,,,,,,,,,,,,,,,,,,
,,,,,,,,,,,,,,,,,,,,,,,,,,286,301,301,301,284,284,301,284,302,,11,10,10,10,11,201,201,201,284,284,301,301,299,284,284,284,284,301,284,301,301,284,284,291,290,294,301,301,284,292,,252,294,284,284,284,301,301,301,285,,,,,,,,,,,,,,,,,,,,,,,,
,,,,,,,,,,,,,,,,,,,,,,,,,,,293,301,301,301,301,301,284,285,,,57,252,57,,,,,293,301,301,301,301,284,301,284,284,284,301,299,284,284,291,303,284,301,301,284,284,301,292,251,301,301,284,301,284,301,284,302,,,,,,,,,,,,,,,,,,,,,,,,
,,,,,,,,,,,,,,,,,,,,,,,,,,,286,301,284,301,284,301,297,288,,,,252,,,,,,303,301,284,295,301,284,299,301,299,301,284,284,301,291,,,293,301,284,284,299,284,284,10,284,301,284,301,284,284,284,302,,,,,,,,,,,,,,,,,,,,,,,,
,,,,,,,,,,,,,,,,,,,,,,,,,,,303,284,284,301,284,284,301,284,292,,,251,,,,,,286,284,301,296,301,301,284,284,301,301,284,295,284,285,,,,293,284,301,284,301,284,251,301,284,301,301,301,301,297,,,,,,,,,,,,,,,,,,,,,,,,,
,,,,,,,,,,,,,,,,,,,,,,,,,,,303,284,284,284,301,284,301,301,284,292,,252,,,,,288,303,301,284,284,299,301,301,301,291,287,287,,287,,,,,303,301,295,284,284,301,253,301,284,301,301,301,301,284,285,,,,,,,,,,,,,,,,,,,,,,,,
,,,,,,,,,,,,,,,,,,,,,,,,,,,,293,284,284,297,293,301,299,301,284,302,253,,,,286,301,300,301,284,284,284,301,301,291,,,,,,,,,,286,301,300,284,301,284,252,301,301,297,290,298,284,284,285,,,,,,,,,,,,,,,,,,,,,,,,
,,,,,,,,,,,,,,,,,,,,,,,,,,,,,293,284,301,300,284,284,301,301,285,252,,,,286,284,296,301,284,284,284,284,284,285,,10,10,10,10,10,10,10,10,10,284,296,284,301,297,253,284,301,301,301,301,301,291,,,,,,,,,,,,,,,,,,,,,,,,,
,,,,,,,,,,,,,,,,,,,,,,,,,,,,,303,301,284,296,284,284,284,291,,252,,,,303,301,301,301,284,299,301,301,291,,303,301,284,284,301,289,301,301,284,301,301,301,284,301,301,10,284,301,284,291,287,287,,,,,,,,,,,,,,,,,,,,,,,,,,
,,,,,,,,,,,,,,,,,,,,,,,,,,,,,286,284,301,301,299,284,291,,,251,,,,294,301,284,284,284,284,284,301,285,288,303,284,284,299,284,296,301,284,284,301,284,301,301,297,287,251,287,287,287,,,,,,,,,,,,,,,,,,,,,,,,,,,,,
,,,,,,,,,,,,,,,,,,,,,,,,,,,,,303,301,284,301,301,297,,,,253,,288,294,301,301,284,284,284,301,284,284,300,301,302,293,284,284,301,301,284,297,298,301,299,301,284,284,285,251,,,,,,,,,,,,,,,,,,,,,,,,,,,,,,,,
,,,,,,,,,,,,,,,,,,,,,,,,,,,,,294,301,284,299,301,284,302,,,10,201,301,301,301,301,284,284,301,301,284,284,300,301,285,303,284,284,299,301,284,284,284,284,284,301,284,301,302,253,,,,,,,,,,,,,,,,,,,,,,,,,,,,,,,,
,,,,,,,,,,,,,,,,,,,,,,,,,,,,303,284,284,301,284,295,301,292,288,,251,,287,293,301,301,284,301,301,301,295,284,285,287,,294,284,301,301,284,301,301,301,301,284,284,284,291,,252,,,,,,,,,,,,,,,,,,,,,,,,,,,,,,,,
,,,,,,,,,,,,,,,,,,,,,,,,,,,,303,284,299,284,284,285,293,301,301,302,253,,,,293,284,284,301,284,301,289,301,302,,303,284,301,284,284,301,284,295,284,284,284,284,284,285,,251,,,,,,,,,,,,,,,,,,,,,,,,,,,,,,,,
,,,,,,,,,,,,,,,,,,,,,,,,,,,,286,284,284,284,284,292,303,284,301,302,253,,,,303,284,301,284,284,284,296,284,292,288,,293,284,284,301,284,284,296,284,284,301,301,291,,,251,,,,,,,,,,,,,,,,,,,,,,,,,,,,,,,,
,,,,,,,,,,,,,,,,,,,,,,,,,,,,286,284,284,301,301,301,300,284,291,,252,,,,,293,284,301,284,301,301,284,284,301,292,,287,293,284,295,284,301,299,301,299,301,285,,,253,,,,,,,,,,,,,,,,,,,,,,,,,,,,,,,,
,,,,,,,,,,,,,,,,,,,,,,,,,,,,303,301,284,301,301,284,285,287,,,252,,,,288,303,284,284,301,284,301,301,284,301,301,285,,,287,303,301,284,301,301,301,284,302,,,252,,,,,,,,,,,,,,,,,,,,,,,,,,,,,,,,
,,,,,,,,,,,,,,,,,,,,,,,,,,,,303,301,301,284,284,284,292,,,,251,,,294,284,300,284,284,284,284,301,284,301,284,301,292,288,,,286,301,284,295,301,284,284,285,,,251,,,,,,,,,,,,,,,,,,,,,,,,,,,,,,,,
,,,,,,,,,,,,,,,,,,,,,,,,,,,,303,301,301,301,301,284,284,302,,,253,,294,301,284,289,301,284,299,301,301,299,301,301,284,301,284,292,,303,301,284,296,301,284,284,302,,,251,,,,,,,,,,,,,,,,,,,,,,,,,,,,,,,,
,,,,,,,,,,,,,,,,,,,,,,,,,,,,303,301,284,284,284,284,284,285,,,10,201,301,301,301,300,301,284,284,301,284,301,301,301,301,284,301,284,302,294,301,284,301,301,284,301,285,,,253,,,,,,,,,,,,,,,,,,,,,,,,,,,,,,,,
,,,,,,,,,,,,,,,,,,,,,,,,,,,,286,301,284,284,284,299,284,292,,,252,,287,293,301,289,284,284,295,284,301,299,284,284,297,298,284,284,296,284,301,301,284,284,301,284,302,,,252,,,,,,,,,,,,,,,,,,,,,,,,,,,,,,,,
,,,,,,,,,,,,,,,,,,,,,,,,,,,,,293,301,301,301,301,301,301,285,,251,,,303,284,302,293,301,289,301,301,301,299,301,301,284,301,284,301,301,299,284,284,301,284,284,302,,,253,,,,,,,,,,,,,,,,,,,,,,,,,,,,,,,,
,,,,,,,,,,,,,,,,,,,,,,,,,,,,,286,284,301,284,284,295,284,302,,253,,,294,301,292,286,284,296,301,284,284,284,301,284,284,284,284,284,284,284,301,284,284,284,301,285,,,251,,,,,,,,,,,,,,,,,,,,,,,,,,,,,,,,
,,,,,,,,,,,,,,,,,,,,,,,,,,,,,303,284,301,301,301,289,301,292,,251,,303,301,284,301,289,284,301,284,301,284,284,284,301,284,301,284,284,301,284,284,301,301,284,301,285,,,253,,,,,,,,,,,,,,,,,,,,,,,,,,,,,,,,
,,,,,,,,,,,,,,,,,,,,,,,,,,,,,294,284,284,301,301,296,301,284,302,252,,,293,284,284,300,301,301,284,301,301,284,301,284,301,301,301,284,284,284,299,301,301,301,284,302,,,252,,,,,,,,,,,,,,,,,,,,,,,,,,,,,,,,
,,,,,,,,,,,,,,,,,,,,,,,,,,,,294,301,284,284,284,301,301,284,284,285,252,,,303,284,284,300,301,301,284,301,301,284,299,301,284,284,299,284,301,301,284,284,301,299,301,302,,,251,,,,,,,,,,,,,,,,,,,,,,,,,,,,,,,,
,,,,,,,,,,,,,,,,,,,,,,,,,,,286,301,284,301,284,301,301,284,297,287,,253,,,286,301,284,300,284,301,284,284,284,299,284,284,301,301,301,301,301,284,284,284,284,301,284,302,,,253,,,,,,,,,,,,,,,,,,,,,,,,,,,,,,,,
,,,,,,,,,,,,,,,,,,,,,,,,,,288,286,284,301,284,301,284,301,301,284,302,,252,,,294,337,297,294,284,301,301,284,301,284,301,301,301,284,301,284,301,301,301,284,301,301,284,302,,,251,,,,,,,,,,,,,,,,,,,,,,,,,,,,,,,,
,,,,,,,,,,,,,,,,,,,,,,,,,303,284,296,301,284,301,284,301,284,301,301,285,,253,,294,284,301,301,301,284,301,301,284,301,301,295,301,284,284,301,291,287,287,287,287,287,287,287,,,,251,,,,,,,,,,,,,,,,,,,,,,,,,,,,,,,,
,,,,,,,,,,,,,,,,,,,,,,,,,303,301,301,299,284,301,301,301,301,284,291,,,252,303,284,284,301,301,301,301,299,284,284,301,284,302,287,287,287,287,,,,,,,,,,,,253,,,,,,,,,,,,,,,,,,,,,,,,,,,,,,,,
,,,,,,,,,,,,,,,,,,,,,,,,,303,284,301,301,301,284,301,284,301,291,,,,252,303,301,284,284,284,284,284,284,284,301,301,291,,,,,,,,,,,,,,,,,252,,,,,,,,,,,,,,,,,,,,,,,,,,,,,,,,
,,,,,,,,,,,,,,,,,,,,,,,,,,298,301,284,284,284,301,284,284,302,,,60,73,201,284,299,301,301,301,284,301,284,301,291,,,,,,,,,,,,,,,,,,252,,,,,,,,,,,,,,,,,,,,,,,,,,,,,,,,
,,,,,,,,,,,,,,,,,,,,,,,,,303,301,301,284,301,301,284,301,301,292,288,288,,253,,293,284,284,299,301,301,301,284,301,302,,,,,,,,,,,,,,,,,,252,,,,,,,,,,,,,,,,,,,,,,,,,,,,,,,,
,,,,,,,,,,,,,,,,,,,,,,,,,,293,284,284,284,301,284,284,301,284,284,284,302,252,,303,284,299,301,284,284,284,284,301,285,,,,,,,,,,,,,,,,,,253,,,,,,,,,,,,,,,,,,,,,,,,,,,,,,,,
,,,,,,,,,,,,,,,,,,,,,,,,,,303,301,301,301,301,284,284,299,284,301,291,,253,,,293,284,301,301,301,299,301,291,,,,,,,,,,,,,,,,,,,253,,,,,,,,,,,,,,,,,,,,,,,,,,,,,,,,
,,,,,,,,,,,,,,,,,,,,,,,,,,286,284,284,284,301,301,299,284,284,291,,,252,,,303,301,284,301,301,284,284,302,,,,,,,,,,,,,,,,,,,253,,,,,,,,,,,,,,,,,,,,,,,,,,,,,,,,
,,,,,,,,,,,,,,,,,,,,,,,,,,,293,301,301,301,301,284,301,284,292,,,252,,,294,284,301,299,301,291,287,,,,,,,,,,,,,,,,,,,,252,,,,,,,,,,,,,,,,,,,,,,,,,,,,,,,,
,,,,,,,,,,,,,,,,,,,,,,,,,,,,293,301,299,284,301,284,301,301,302,,252,,286,284,284,299,301,301,285,,,,,,,,,,,,,,,,,,,,,252,,,,,,,,,,,,,,,,,,,,,,,,,,,,,,,,
,,,,,,,,,,,,,,,,,,,,,,,,,,,,,293,284,284,299,284,301,284,292,,251,288,294,301,301,301,284,284,285,,,,,,,,,,,,,,,,,,,,,252,,,,,,,,,,,,,,,,,,,,,,,,,,,,,,,,
,,,,,,,,,,,,,,,,,,,,,,,,,,,,,303,284,301,284,301,284,284,284,285,10,284,301,301,301,301,301,301,285,,,,,,,,,,,,,,,,,,,,,251,,,,,,,,,,,,,,,,,,,,,,,,,,,,,,,,
BigDecor: 
,,,,,,,,,,,,,,,,,,,,,,,,,,,,,,,,,,,,,,,,,,,,,,,,,,,,,,,,,,,,,,,,,,,,,,,,,,,,,,,,,,,,,,,,,,,,,,,,,,,
,,,,,,,,,,,,,,,,,,,,,,,,,,,,,,,,,,,,,,,,,,,,,,,,,,,,,,,,,,,,,,,,,,,,,,,,,,,,,,,,,,,,,,,,,,,,,,,,,,,
,,,,,,,,,,,,,,,,,,,,,,,,,,,,,,,,,,,,,,,,,,,,,,,,,,,,,,,,,,,,,,,,,,,,,,,,,,,,,,,,,,,,,,,,,,,,,,,,,,,
,,,,,,,,,,,,,,,,,,,,,,,,,,,,,,,,,,,,,,,,,,,,,,,,,,,,,,,,,,,,,,,,,,,,,,,,,,,,,,,,,,,,,,,,,,,,,,,,,,,
,,,,,,,,,,,,,,,,,,,,,,,,,,,,,,,,,,,,,,,,,,,,,,,,,,,,,,,,,,,,,,,,,,,,,,,,,,,,,,,,,,,,,,,,,,,,,,,,,,,
,,,,,,,,,,,,,,,,,,,,,,,,,,,,,,,,,,,,,,,,,,,,,,,,,,,,,,,,,,,,,,,,,,,,,,,,,,,,,,,,,,,,,,,,,,,,,,,,,,,
,,,,,,,,,,,,,,,,,,,,,,,,,,,,,,,,,,,,,,,,,,,,,,,,,,,,,,,,,,,,,,,,,,,,,,,,,,,,,,,,,,,,,,,,,,,,,,,,,,,
,,,,,,,,,,,,,,,,,,,,,,,,,,,,,,,,,,,,,,,,,,,,,,,,,,,,,,,,,,,,,,,,,,,,,,,,,,,,,,,,,,,,,,,,,,,,,,,,,,,
,,,,,,,,,,,,,,,,,,,,,,,,,,,,,,,,,,,,,,,,,,,,,,,,,,,,,,,,,,,,,,,,,,,,,,,,,,,,,,,,,,,,,,,,,,,,,,,,,,,
,,,,,,,,,,,,,,,,,,,,,,,,,,,,,,,,,,,,,,,,,,,,,,,,,,,,,,,,,,,,,,,,,,,,,,,,,,,,,,,,,,,,,,,,,,,,,,,,,,,
,,,,,,,,,,,,,,,,,,,,,,,,,,,,,,,,,,,,,,,,,,,,,,,,,,,,,,,,,,,,,,,,,,,,,,,,,,,,,,,,,,,,,,,,,,,,,,,,,,,
,,,,,,,,,,,,,,,,,,,,,,,,,,,,,,,,,,,,,,,,,,,,,,,,,,,,,,,,,,,,,,,,,,,,,,,,,,,,,,,,,,,,,,,,,,,,,,,,,,,
,,,,,,,,,,,,,,,,,,,,,,,,,,,,,,,,,,,,,,,,,,,,,,,,,,,,,,,,,,,,,,,,,,,,,,,,,,,,,,,,,,,,,,,,,,,,,,,,,,,
,,,,,,,,,,,,,,,,,,,,,,,,,,,,,,,,,,,,,,,,,,,,,,,,,,,,,,,,,,,,,,,,,,,,,,,,,,,,,,,,,,,,,,,,,,,,,,,,,,,
,,,,,,,,,,,,,,,,,,,,,,,,,,,,,,,,,,,,,,,,,,,,,,,,,,,,,,,,,,,,,,,,,,,,,,,,,,,,,,,,,,,,,,,,,,,,,,,,,,,
,,,,,,,,,,,,,,,,,,,,,,,,,,,,,,,,,,,,,,,,,,,,,,,,,,,,,,,,,,,,,,,,,,,,,,,,,,,,,,,,,,,,,,,,,,,,,,,,,,,
,,,,,,,,,,,,,,,,,,,,,,,,,,,,,,,,,,,,,,,,,,,,,,,,,,,,,,,,,,,,,,,,,,,,,,,,,,,,,,,,,,,,,,,,,,,,,,,,,,,
,,,,,,,,,,,,,,,,,,,,,,,,,,,,,,,,,,,,,,,,,,,,,,,,,,,,,,,,,,,,,,,,,,,,,,,,,,,,,,,,,,,,,,,,,,,,,,,,,,,
,,,,,,,,,,,,,,,,,,,,,,,,,,,,,,,,,,,,,,,,,,,,,,,,,,,,,,,,,,,,,,,,,,,,,,,,,,,,,,,,,,,,,,,,,,,,,,,,,,,
,,,,,,,,,,,,,,,,,,,,,,,,,,,,,,,,,,,,,,,,,,,,,,,,,,,,,,,,,,,,,,,,,,,,,,,,,,,,,,,,,,,,,,,,,,,,,,,,,,,
,,,,,,,,,,,,,,,,,,,,,,,,,,,,,,,,,,,,,,,,,,,,,,,,,,,,,,,,,,,,,,,,,,,,,,,,,,,,,,,,,,,,,,,,,,,,,,,,,,,
,,,,,,,,,,,,,,,,,,,,,,,,,,,,,,,,,,,,,,,,,,,,,,,,,,,,,,,,,,,,,,,,,,,,,,,,,,,,,,,,,,,,,,,,,,,,,,,,,,,
,,,,,,,,,,,,,,,,,,,,,,,,,,,,,,,,,,,,,,,,,,,,,,,,,,,,,,,,,,,,,,,,,,,,,,,,,,,,,,,,,,,,,,,,,,,,,,,,,,,
,,,,,,,,,,,,,,,,,,,,,,,,,,,,,,,,,,,,,,,,,,,,,,,,,,,,,,,,,,,,,,,,,,,,,,,,,,,,,,,,,,,,,,,,,,,,,,,,,,,
,,,,,,,,,,,,,,,,,,,,,,,,,,,,,,,,,,,,,,,,,,,,,,,,,,,,,,,,,,,,,,,,,,,,,,,,,,,,,,,,,,,,,,,,,,,,,,,,,,,
,,,,,,,,,,,,,,,,,,,,,,,,,,,,,,,,,,,,,,,,,,,,,,,,,,,,,,,,,,,,,,,,,,,,,,,,,,,,,,,,,,,,,,,,,,,,,,,,,,,
,,,,,,,,,,,,,,,,,,,,,,,,,,,,,,,,,,,,,,,,,,,,,,,,,,,,,,,,,,,,,,,,,,,,,,,,,,,,,,,,,,,,,,,,,,,,,,,,,,,
,,,,,,,,,,,,,,,,,,,,,,,,,,,,,,,,,,,,,,,,,,,,,,,,,,,,,,,,,,,,,,,,,,,,,,,,,,,,,,,,,,,,,,,,,,,,,,,,,,,
,,,,,,,,,,,,,,,,,,,,,,,,,,,,,,,,,,,,,,,,,,,,,,,,,,,,,,,,,,,,,,,,,,,,,,,,,,,,,,,,,,,,,,,,,,,,,,,,,,,
,,,,,,,,,,,,,,,,,,,,,,,,,,,,,,,,,,,,,,,,,,,,,,,,,,,,,,,,,,,,,,,,,,,,,,,,,,,,,,,,,,,,,,,,,,,,,,,,,,,
,,,,,,,,,,,,,,,,,,,,,,,,,,,,,,,,,,,,,,,,,,,,,,,,,,,,,,,,,,,,,,,,,,,,,,,,,,,,,,,,,,,,,,,,,,,,,,,,,,,
,,,,,,,,,,,,,,,,,,,,,,,,,,,,,,,,,,,,,,,,,,,,,,,,,,,,,,,,,,,,,,,,,,,,,,,,,,,,,,,,,,,,,,,,,,,,,,,,,,,
,,,,,,,,,,,,,,,,,,,,,,,,,,,,,,,,,,,,,,,,,,,,,,,,,,,,,,,,,,,,,,,,,,,,,,,,,,,,,,,,,,,,,,,,,,,,,,,,,,,
,,,,,,,,,,,,,,,,,,,,,,,,,,,,,,,,,,,,,,,,,,,,,,,,,,,,,,,,,,,,,,,,,,,,,,,,,,,,,,,,,,,,,,,,,,,,,,,,,,,
,,,,,,,,,,,,,,,,,,,,,,,,,,,,,,,,,,,,,,,,,,,,,,,,,,,,,,,,,,,,,,,,,,,,,,,,,,,,,,,,,,,,,,,,,,,,,,,,,,,
,,,,,,,,,,,,,,,,,,,,,,,,,,,,,,,,,,,,,,,,,,,,,,,,,,,,,,,,,,,,,,,,,,,,,,,,,,,,,,,,,,,,,,,,,,,,,,,,,,,
,,,,,,,,,,,,,,,,,,,,,,,,,,,,,,,,,,,,,,,,,,,,,,,,,,,,,,,,,,,,,,,,,,,,,,,,,,,,,,,,,,,,,,,,,,,,,,,,,,,
,,,,,,,,,,,,,,,,,,,,,,,,,,,,,,,,,,,,,,,,,,,,,,,,,,,,,,,,,,,,,,,,,,,,,,,,,,,,,,,,,,,,,,,,,,,,,,,,,,,
,,,,,,,,,,,,,,,,,,,,,,,,,,,,,,,,,,,,,,,,,,,,,,,,,,,,,,,,,,,,,,,,,,,,,,,,,,,,,,,,,,,,,,,,,,,,,,,,,,,
,,,,,,,,,,,,,,,,,,,,,,,,,,,,,,,,,,,,,,,,,,,,,,,,,,,,,,,,,,,,,,,,,,,,,,,,,,,,,,,,,,,,,,,,,,,,,,,,,,,
,,,,,,,,,,,,,,,,,,,,,,,,,,,,,,,,,,,,,,,,,,,,,,,,,,,,,,,,,,,,,,,,,,,,,,,,,,,,,,,,,,,,,,,,,,,,,,,,,,,
,,,,,,,,,,,,,,,,,,,,,,,,,,,,,,,,,,,,,,,,,,,,,,,,,,,,,,,,,,,,,,,,,,,,,,,,,,,,,,,,,,,,,,,,,,,,,,,,,,,
,,,,,,,,,,,,,,,,,,,,,,,,,,,,,,,,,,,,,,,,,,,,,,,,,,,,,,,,,,,,,,,,,,,,,,,,,,,,,,,,,,,,,,,,,,,,,,,,,,,
,,,,,,,,,,,,,,,,,,,,,,,,,,,,,,,,,,,,,,,,,,,,,,,,,,,,,,,,,,,,,,,,,,,,,,,,,,,,,,,,,,,,,,,,,,,,,,,,,,,
,,,,,,,,,,,,,,,,,,,,,,,,,,,,,,,,,,,,,,,,,,,,,,,,,,,,,,,,,,,,,,,,,,,,,,,,,,,,,,,,,,,,,,,,,,,,,,,,,,,
,,,,,,,,,,,,,,,,,,,,,,,,,,,,,,,,,,,,,,,,,,,,,,,,,,,,,,,,,,,,,,,,,,,,,,,,,,,,,,,,,,,,,,,,,,,,,,,,,,,
,,,,,,,,,,,,,,,,,,,,,,,,,,,,,,,,,,,,,,,,,,,,,,,,,,,,,,,,,,,,,,,,,,,,,,,,,,,,,,,,,,,,,,,,,,,,,,,,,,,
,,,,,,,,,,,,,,,,,,,,,,,,,,,,,,,,,,,,,,,,,,,,,,,,,,,,,,,,,,,,,,,,,,,,,,,,,,,,,,,,,,,,,,,,,,,,,,,,,,,
,,,,,,,,,,,,,,,,,,,,,,,,,,,,,,,,,,,,,,,,,,,,,,,,,,,,,,,,,,,,,,,,,,,,,,,,,,,,,,,,,,,,,,,,,,,,,,,,,,,
,,,,,,,,,,,,,,,,,,,,,,,,,,,,,,,,,,,,,,,,,,,,,,,,,,,,,,,,,,,,,,,,,,,,,,,,,,,,,,,,,,,,,,,,,,,,,,,,,,,
,,,,,,,,,,,,,,,,,,,,,,,,,,,,,,,,,,,,,,,,,,,,,,,,,,,,,,,,,,,,,,,,,,,,,,,,,,,,,,,,,,,,,,,,,,,,,,,,,,,
,,,,,,,,,,,,,,,,,,,,,,,,,,,,,,,,,,,,,,,,,,,,,,,,,,,,,,,,,,,,,,,,,,,,,,,,,,,,,,,,,,,,,,,,,,,,,,,,,,,
,,,,,,,,,,,,,,,,,,,,,,,,,,,,,,,,,,,,,,,,,,,,,,,,,,,,,,,,,,,,,,,,,,,,,,,,,,,,,,,,,,,,,,,,,,,,,,,,,,,
,,,,,,,,,,,,,,,,,,,,,,,,,,,,,,,,,,,,,,,,,,,,,,,,,,,,,,,,,,,,,,,,,,,,,,,,,,,,,,,,,,,,,,,,,,,,,,,,,,,
,,,,,,,,,,,,,,,,,,,,,,,,,,,,,,,,,,,,,,,,,,,,,,,,,,,,,,,,,,,,,,,,,,,,,,,,,,,,,,,,,,,,,,,,,,,,,,,,,,,
,,,,,,,,,,,,,,,,,,,,,,,,,,,,,,,,,,,,,,,,,,,,,,,,,,,,,,,,,,,,,,,,,,,,,,,,,,,,,,,,,,,,,,,,,,,,,,,,,,,
,,,,,,,,,,,,,,,,,,,,,,,,,,,,,,,,,,,,,,,,,,,,,,,,,,,,,,,,,,,,,,,,,,,,,,,,,,,,,,,,,,,,,,,,,,,,,,,,,,,
,,,,,,,,,,,,,,,,,,,,,,,,,,,,,,,,,,,,,,,,,,,,,,,,,,,,,,,,,,,,,,,,,,,,,,,,,,,,,,,,,,,,,,,,,,,,,,,,,,,
,,,,,,,,,,,,,,,,,,,,,,,,,,,,,,,,,,,,,,,,,,,,,,,,,,,,,,,,,,,,,,,,,,,,,,,,,,,,,,,,,,,,,,,,,,,,,,,,,,,
,,,,,,,,,,,,,,,,,,,,,,,,,,,,,,,,,,,,,,,,,,,,,,,,,,,,,,,,,,,,,,,,,,,,,,,,,,,,,,,,,,,,,,,,,,,,,,,,,,,
,,,,,,,,,,,,,,,,,,,,,,,,,,,,,,,,,,,,,,,,,,,,,,,,,,,,,,,,,,,,,,,,,,,,,,,,,,,,,,,,,,,,,,,,,,,,,,,,,,,
,,,,,,,,,,,,,,,,,,,,,,,,,,,,,,,,,,,,,,,,,,,,,,,,,,,,,,,,,,,,,,,,,,,,,,,,,,,,,,,,,,,,,,,,,,,,,,,,,,,
,,,,,,,,,,,,,,,,,,,,,,,,,,,,,,,,,,,,,,,,,,,,,,,,,,,,,,,,,,,,,,,,,,,,,,,,,,,,,,,,,,,,,,,,,,,,,,,,,,,
,,,,,,,,,,,,,,,,,,,,,,,,,,,,,,,,,,,,,,,,,,,,,,,,,,,,,,,,,,,,,,,,,,,,,,,,,,,,,,,,,,,,,,,,,,,,,,,,,,,
,,,,,,,,,,,,,,,,,,,,,,,,,,,,,,,,,,,,,,,,,,,,,,,,,,,,,,,,,,,,,,,,,,,,,,,,,,,,,,,,,,,,,,,,,,,,,,,,,,,
,,,,,,,,,,,,,,,,,,,,,,,,,,,,,,,,,,,,,,,,,,,,,,,,,,,,,,,,,,,,,,,,,,,,,,,,,,,,,,,,,,,,,,,,,,,,,,,,,,,
,,,,,,,,,,,,,,,,,,,,,,,,,,,,,,,,,,,,,,,,,,,,,,,,,,,,,,,,,,,,,,,,,,,,,,,,,,,,,,,,,,,,,,,,,,,,,,,,,,,
,,,,,,,,,,,,,,,,,,,,,,,,,,,,,,,,,,,,,,,,,,,,,,,,,,,,,,,,,,,,,,,,,,,,,,,,,,,,,,,,,,,,,,,,,,,,,,,,,,,
,,,,,,,,,,,,,,,,,,,,,,,,,,,,,,,,,,,,,,,,,,,,,,,,,,,,,,,,,,,,,,,,,,,,,,,,,,,,,,,,,,,,,,,,,,,,,,,,,,,
,,,,,,,,,,,,,,,,,,,,,,,,,,,,,,,,,,,,,,,,,,,,,,,,,,,,,,,,,,,,,,,,,,,,,,,,,,,,,,,,,,,,,,,,,,,,,,,,,,,
,,,,,,,,,,,,,,,,,,,,,,,,,,,,,,,,,,,,,,,,,,,,,,,,,,,,,,,,,,,,,,,,,,,,,,,,,,,,,,,,,,,,,,,,,,,,,,,,,,,
,,,,,,,,,,,,,,,,,,,,,,,,,,,,,,,,,,,,,,,,,,,,,,,,,,,,,,,,,,,,,,,,,,,,,,,,,,,,,,,,,,,,,,,,,,,,,,,,,,,
,,,,,,,,,,,,,,,,,,,,,,,,,,,,,,,,,,,,,,,,,,,,,,,,,,,,,,,,,,,,,,,,,,,,,,,,,,,,,,,,,,,,,,,,,,,,,,,,,,,
,,,,,,,,,,,,,,,,,,,,,,,,,,,,,,,,,,,,,,,,,,,,,,,,,,,,,,,,,,,,,,,,,,,,,,,,,,,,,,,,,,,,,,,,,,,,,,,,,,,
,,,,,,,,,,,,,,,,,,,,,,,,,,,,,,,,,,,,,,,,,,,,,,,,,,,,,,,,,,,,,,,,,,,,,,,,,,,,,,,,,,,,,,,,,,,,,,,,,,,
,,,,,,,,,,,,,,,,,,,,,,,,,,,,,,,,,,,,,,,,,,,,,,,,,,,,,,,,,,,,,,,,,,,,,,,,,,,,,,,,,,,,,,,,,,,,,,,,,,,
,,,,,,,,,,,,,,,,,,,,,,,,,,,,,,,,,,,,,,,,,,,,,,,,,,,,,,,,,,,,,,,,,,,,,,,,,,,,,,,,,,,,,,,,,,,,,,,,,,,
,,,,,,,,,,,,,,,,,,,,,,,,,,,,,,,,,,,,,,,,,,,,,,,,,,,,,,,,,,,,,,,,,,,,,,,,,,,,,,,,,,,,,,,,,,,,,,,,,,,
,,,,,,,,,,,,,,,,,,,,,,,,,,,,,,,,,,,,,,,,,,,,,,,,,,,,,,,,,,,,,,,,,,,,,,,,,,,,,,,,,,,,,,,,,,,,,,,,,,,
,,,,,,,,,,,,,,,,,,,,,,,,,,,,,,,,,,,,,,,,,,,,,,,,,,,,,,,,,,,,,,,,,,,,,,,,,,,,,,,,,,,,,,,,,,,,,,,,,,,
,,,,,,,,,,,,,,,,,,,,,,,,,,,,,,,,,,,,,,,,,,,,,,,,,,,,,,,,,,,,,,,,,,,,,,,,,,,,,,,,,,,,,,,,,,,,,,,,,,,
,,,,,,,,,,,,,,,,,,,,,,,,,,,,,,,,,,,,,,,,,,,,,,,,,,,,,,,,,,,,,,,,,,,,,,,,,,,,,,,,,,,,,,,,,,,,,,,,,,,
,,,,,,,,,,,,,,,,,,,,,,,,,,,,,,,,,,,,,,,,,,,,,,,,,,,,,,,,,,,,,,,,,,,,,,,,,,,,,,,,,,,,,,,,,,,,,,,,,,,
,,,,,,,,,,,,,,,,,,,,,,,,,,,,,,,,,,,,,,,,,,,,,,,,,,,,,,,,,,,,,,,,,,,,,,,,,,,,,,,,,,,,,,,,,,,,,,,,,,,
,,,,,,,,,,,,,,,,,,,,,,,,,,,,,,,,,,,,,,,,,,,,,,,,,,,,,,,,,,,,,,,,,,,,,,,,,,,,,,,,,,,,,,,,,,,,,,,,,,,
,,,,,,,,,,,,,,,,,,,,,,,,,,,,,,,,,,,,,,,,,,,,,,,,,,,,,,,,,,,,,,,,,,,,,,,,,,,,,,,,,,,,,,,,,,,,,,,,,,,
,,,,,,,,,,,,,,,,,,,,,,,,,,,,,,,,,,,,,,,,,,,,,,,,,,,,,,,,,,,,,,,,,,,,,,,,,,,,,,,,,,,,,,,,,,,,,,,,,,,
,,,,,,,,,,,,,,,,,,,,,,,,,,,,,,,,,,,,,,,,,,,,,,,,,,,,,,,,,,,,,,,,,,,,,,,,,,,,,,,,,,,,,,,,,,,,,,,,,,,
,,,,,,,,,,,,,,,,,,,,,,,,,,,,,,,,,,,,,,,,,,,,,,,,,,,,,,,,,,,,,,,,,,,,,,,,,,,,,,,,,,,,,,,,,,,,,,,,,,,
,,,,,,,,,,,,,,,,,,,,,,,,,,,,,,,,,,,,,,,,,,,,,,,,,,,,,,,,,,,,,,,,,,,,,,,,,,,,,,,,,,,,,,,,,,,,,,,,,,,
,,,,,,,,,,,,,,,,,,,,,,,,,,,,,,,,,,,,,,,,,,,,,,,,,,,,,,,,,,,,,,,,,,,,,,,,,,,,,,,,,,,,,,,,,,,,,,,,,,,
,,,,,,,,,,,,,,,,,,,,,,,,,,,,,,,,,,,,,,,,,,,,,,,,,,,,,,,,,,,,,,,,,,,,,,,,,,,,,,,,,,,,,,,,,,,,,,,,,,,
,,,,,,,,,,,,,,,,,,,,,,,,,,,,,,,,,,,,,,,,,,,,,,,,,,,,,,,,,,,,,,,,,,,,,,,,,,,,,,,,,,,,,,,,,,,,,,,,,,,
,,,,,,,,,,,,,,,,,,,,,,,,,,,,,,,,,,,,,,,,,,,,,,,,,,,,,,,,,,,,,,,,,,,,,,,,,,,,,,,,,,,,,,,,,,,,,,,,,,,
,,,,,,,,,,,,,,,,,,,,,,,,,,,,,,,,,,,,,,,,,,,,,,,,,,,,,,,,,,,,,,,,,,,,,,,,,,,,,,,,,,,,,,,,,,,,,,,,,,,
,,,,,,,,,,,,,,,,,,,,,,,,,,,,,,,,,,,,,,,,,,,,,,,,,,,,,,,,,,,,,,,,,,,,,,,,,,,,,,,,,,,,,,,,,,,,,,,,,,,
,,,,,,,,,,,,,,,,,,,,,,,,,,,,,,,,,,,,,,,,,,,,,,,,,,,,,,,,,,,,,,,,,,,,,,,,,,,,,,,,,,,,,,,,,,,,,,,,,,,
,,,,,,,,,,,,,,,,,,,,,,,,,,,,,,,,,,,,,,,,,,,,,,,,,,,,,,,,,,,,,,,,,,,,,,,,,,,,,,,,,,,,,,,,,,,,,,,,,,,
,,,,,,,,,,,,,,,,,,,,,,,,,,,,,,,,,,,,,,,,,,,,,,,,,,,,,,,,,,,,,,,,,,,,,,,,,,,,,,,,,,,,,,,,,,,,,,,,,,,
,,,,,,,,,,,,,,,,,,,,,,,,,,,,,,,,,,,,,,,,,,,,,,,,,,,,,,,,,,,,,,,,,,,,,,,,,,,,,,,,,,,,,,,,,,,,,,,,,,,
MoveObject: type=2 stepAdvance=1 stepRecede=1 timeStopStart=0 timeStopEnd=0 posStart=514;2116 posEnd=514;2116 posCurrent=514;2116 step=1 time=0 phase=3733 channel=10 icon=15 
MoveObject: type=2 stepAdvance=1 stepRecede=1 timeStopStart=0 timeStopEnd=0 posStart=1026;2052 posEnd=1026;2052 posCurrent=1026;2052 step=1 time=0 phase=3733 channel=10 icon=15 
MoveObject: type=6 stepAdvance=1 stepRecede=1 timeStopStart=0 timeStopEnd=0 posStart=2562;1416 posEnd=2562;1416 posCurrent=2562;1416 step=1 time=0 phase=3733 channel=10 icon=26 
MoveObject: type=2 stepAdvance=1 stepRecede=1 timeStopStart=0 timeStopEnd=0 posStart=1474;1412 posEnd=1474;1412 posCurrent=1474;1412 step=1 time=0 phase=3733 channel=10 icon=15 
MoveObject: type=2 stepAdvance=1 stepRecede=1 timeStopStart=0 timeStopEnd=0 posStart=5058;2500 posEnd=5058;2500 posCurrent=5058;2500 step=1 time=0 phase=3733 channel=10 icon=15 
MoveObject: type=2 stepAdvance=1 stepRecede=1 timeStopStart=0 timeStopEnd=0 posStart=5442;2628 posEnd=5442;2628 posCurrent=5442;2628 step=1 time=0 phase=3733 channel=10 icon=15 
MoveObject: type=2 stepAdvance=1 stepRecede=1 timeStopStart=0 timeStopEnd=0 posStart=5058;2372 posEnd=5058;2372 posCurrent=5058;2372 step=1 time=0 phase=3733 channel=10 icon=15 
MoveObject: type=2 stepAdvance=1 stepRecede=1 timeStopStart=0 timeStopEnd=0 posStart=4546;2372 posEnd=4546;2372 posCurrent=4546;2372 step=1 time=0 phase=3733 channel=10 icon=15 
MoveObject: type=12 stepAdvance=1 stepRecede=1 timeStopStart=0 timeStopEnd=0 posStart=3520;2816 posEnd=3520;2816 posCurrent=3520;2816 step=1 time=0 phase=3733 channel=1 icon=32 
MoveObject: type=2 stepAdvance=1 stepRecede=1 timeStopStart=0 timeStopEnd=0 posStart=1858;4868 posEnd=1858;4868 posCurrent=1858;4868 step=1 time=0 phase=3733 channel=10 icon=15 
MoveObject: type=33 stepAdvance=10 stepRecede=10 timeStopStart=23 timeStopEnd=23 posStart=1664;4096 posEnd=1600;4096 posCurrent=1664;4096 step=1 time=23 phase=3733 channel=12 icon=249 
MoveObject: type=2 stepAdvance=1 stepRecede=1 timeStopStart=0 timeStopEnd=0 posStart=2498;4804 posEnd=2498;4804 posCurrent=2498;4804 step=1 time=0 phase=3733 channel=10 icon=15 
MoveObject: type=2 stepAdvance=1 stepRecede=1 timeStopStart=0 timeStopEnd=0 posStart=2626;4740 posEnd=2626;4740 posCurrent=2626;4740 step=1 time=0 phase=3733 channel=10 icon=15 
MoveObject: type=2 stepAdvance=1 stepRecede=1 timeStopStart=0 timeStopEnd=0 posStart=2946;4548 posEnd=2946;4548 posCurrent=2946;4548 step=1 time=0 phase=3733 channel=10 icon=15 
MoveObject: type=2 stepAdvance=1 stepRecede=1 timeStopStart=0 timeStopEnd=0 posStart=2498;4420 posEnd=2498;4420 posCurrent=2498;4420 step=1 time=0 phase=3733 channel=10 icon=15 
MoveObject: type=2 stepAdvance=1 stepRecede=1 timeStopStart=0 timeStopEnd=0 posStart=4546;3396 posEnd=4546;3396 posCurrent=4546;3396 step=1 time=0 phase=3733 channel=10 icon=15 
MoveObject: type=12 stepAdvance=1 stepRecede=1 timeStopStart=0 timeStopEnd=0 posStart=3264;2752 posEnd=3264;2752 posCurrent=3264;2752 step=1 time=0 phase=3733 channel=1 icon=32 
MoveObject: type=2 stepAdvance=1 stepRecede=1 timeStopStart=0 timeStopEnd=0 posStart=2562;3396 posEnd=2562;3396 posCurrent=2562;3396 step=1 time=0 phase=3733 channel=10 icon=15 
MoveObject: type=2 stepAdvance=1 stepRecede=1 timeStopStart=0 timeStopEnd=0 posStart=1986;3652 posEnd=1986;3652 posCurrent=1986;3652 step=1 time=0 phase=3733 channel=10 icon=15 
MoveObject: type=12 stepAdvance=1 stepRecede=1 timeStopStart=0 timeStopEnd=0 posStart=4288;2816 posEnd=4288;2816 posCurrent=4288;2816 step=1 time=0 phase=3733 channel=1 icon=33 
MoveObject: type=32 stepAdvance=32 stepRecede=32 timeStopStart=25 timeStopEnd=25 posStart=1920;3968 posEnd=2176;3968 posCurrent=2176;3968 step=3 time=16 phase=3733 channel=12 icon=271 
MoveObject: type=32 stepAdvance=8 stepRecede=8 timeStopStart=25 timeStopEnd=25 posStart=1728;1728 posEnd=1792;1728 posCurrent=1728;1728 step=1 time=23 phase=3733 channel=12 icon=273 
MoveObject: type=6 stepAdvance=1 stepRecede=1 timeStopStart=0 timeStopEnd=0 posStart=2626;1416 posEnd=2626;1416 posCurrent=2626;1416 step=1 time=0 phase=3733 channel=10 icon=26 
MoveObject: type=32 stepAdvance=8 stepRecede=8 timeStopStart=25 timeStopEnd=25 posStart=1984;1728 posEnd=2048;1728 posCurrent=1984;1728 step=1 time=23 phase=3733 channel=12 icon=273 
MoveObject: type=32 stepAdvance=8 stepRecede=8 timeStopStart=25 timeStopEnd=25 posStart=1792;1664 posEnd=1856;1664 posCurrent=1792;1664 step=1 time=23 phase=3733 channel=12 icon=273 
MoveObject: type=6 stepAdvance=1 stepRecede=1 timeStopStart=0 timeStopEnd=0 posStart=2690;1416 posEnd=2690;1416 posCurrent=2690;1416 step=1 time=0 phase=3733 channel=10 icon=26 
MoveObject: type=32 stepAdvance=8 stepRecede=8 timeStopStart=25 timeStopEnd=25 posStart=2048;1664 posEnd=2112;1664 posCurrent=2048;1664 step=1 time=23 phase=3733 channel=12 icon=273 
MoveObject: type=32 stepAdvance=8 stepRecede=8 timeStopStart=25 timeStopEnd=25 posStart=4864;2176 posEnd=4928;2176 posCurrent=4864;2176 step=1 time=23 phase=3733 channel=12 icon=273 
MoveObject: type=32 stepAdvance=16 stepRecede=16 timeStopStart=25 timeStopEnd=25 posStart=5760;2240 posEnd=5888;2240 posCurrent=5832;2240 step=2 time=9 phase=3733 channel=12 icon=62 
MoveObject: type=6 stepAdvance=1 stepRecede=1 timeStopStart=0 timeStopEnd=0 posStart=4994;2568 posEnd=4994;2568 posCurrent=4994;2568 step=1 time=0 phase=3733 channel=10 icon=26 
MoveObject: type=12 stepAdvance=1 stepRecede=1 timeStopStart=0 timeStopEnd=0 posStart=4224;2688 posEnd=4224;2688 posCurrent=4224;2688 step=1 time=0 phase=3733 channel=1 icon=32 
MoveObject: type=33 stepAdvance=10 stepRecede=10 timeStopStart=23 timeStopEnd=23 posStart=1472;4032 posEnd=1536;4032 posCurrent=1472;4032 step=1 time=23 phase=3733 channel=12 icon=238 
MoveObject: type=33 stepAdvance=10 stepRecede=10 timeStopStart=23 timeStopEnd=23 posStart=2432;4096 posEnd=2496;4096 posCurrent=2432;4096 step=1 time=23 phase=3733 channel=12 icon=238 
MoveObject: type=33 stepAdvance=10 stepRecede=10 timeStopStart=23 timeStopEnd=23 posStart=2624;4032 posEnd=2560;4032 posCurrent=2624;4032 step=1 time=23 phase=3733 channel=12 icon=249 
MoveObject: type=32 stepAdvance=16 stepRecede=16 timeStopStart=25 timeStopEnd=25 posStart=1984;3904 posEnd=2112;3904 posCurrent=2056;3904 step=2 time=9 phase=3733 channel=12 icon=62 
MoveObject: type=32 stepAdvance=16 stepRecede=16 timeStopStart=25 timeStopEnd=25 posStart=2112;3840 posEnd=1984;3840 posCurrent=2040;3840 step=2 time=9 phase=3733 channel=12 icon=67 
MoveObject: type=5 stepAdvance=1 stepRecede=1 timeStopStart=0 timeStopEnd=0 posStart=3842;2436 posEnd=3842;2436 posCurrent=3842;2436 step=1 time=0 phase=3733 channel=10 icon=10 
MoveObject: type=33 stepAdvance=10 stepRecede=10 timeStopStart=23 timeStopEnd=23 posStart=2368;2240 posEnd=2432;2240 posCurrent=2368;2240 step=1 time=23 phase=3733 channel=12 icon=238 
MoveObject: type=6 stepAdvance=1 stepRecede=1 timeStopStart=0 timeStopEnd=0 posStart=6338;2376 posEnd=6338;2376 posCurrent=6338;2376 step=1 time=0 phase=3733 channel=10 icon=26 
MoveObject: type=30 stepAdvance=1 stepRecede=1 timeStopStart=0 timeStopEnd=0 posStart=2818;3974 posEnd=2818;3974 posCurrent=2818;3974 step=1 time=0 phase=3733 channel=10 icon=178 
MoveObject: type=6 stepAdvance=1 stepRecede=1 timeStopStart=0 timeStopEnd=0 posStart=4866;3656 posEnd=4866;3656 posCurrent=4866;3656 step=1 time=0 phase=3733 channel=10 icon=26 
MoveObject: type=5 stepAdvance=1 stepRecede=1 timeStopStart=0 timeStopEnd=0 posStart=3714;2436 posEnd=3714;2436 posCurrent=3714;2436 step=1 time=0 phase=3733 channel=10 icon=10 
MoveObject: type=6 stepAdvance=1 stepRecede=1 timeStopStart=0 timeStopEnd=0 posStart=3010;2504 posEnd=3010;2504 posCurrent=3010;2504 step=1 time=0 phase=3733 channel=10 icon=26 
MoveObject: type=7 stepAdvance=1 stepRecede=1 timeStopStart=0 timeStopEnd=0 posStart=2050;4292 posEnd=2050;4292 posCurrent=2050;4292 step=1 time=0 phase=3733 channel=10 icon=33 
MoveObject: type=6 stepAdvance=1 stepRecede=1 timeStopStart=0 timeStopEnd=0 posStart=4930;3656 posEnd=4930;3656 posCurrent=4930;3656 step=1 time=0 phase=3733 channel=10 icon=26 
MoveObject: type=6 stepAdvance=1 stepRecede=1 timeStopStart=0 timeStopEnd=0 posStart=4994;3656 posEnd=4994;3656 posCurrent=4994;3656 step=1 time=0 phase=3733 channel=10 icon=26 
MoveObject: type=6 stepAdvance=1 stepRecede=1 timeStopStart=0 timeStopEnd=0 posStart=706;4488 posEnd=706;4488 posCurrent=706;4488 step=1 time=0 phase=3733 channel=10 icon=26 
MoveObject: type=6 stepAdvance=1 stepRecede=1 timeStopStart=0 timeStopEnd=0 posStart=3202;3848 posEnd=3202;3848 posCurrent=3202;3848 step=1 time=0 phase=3733 channel=10 icon=26 
MoveObject: type=16 stepAdvance=30 stepRecede=30 timeStopStart=0 timeStopEnd=0 posStart=3136;3904 posEnd=3136;4096 posCurrent=3136;4032 step=2 time=20 phase=3733 channel=10 icon=75 
MoveObject: type=16 stepAdvance=30 stepRecede=30 timeStopStart=0 timeStopEnd=0 posStart=3264;3904 posEnd=3264;4096 posCurrent=3264;4032 step=2 time=20 phase=3733 channel=10 icon=75 
MoveObject: type=32 stepAdvance=8 stepRecede=8 timeStopStart=25 timeStopEnd=25 posStart=1920;4032 posEnd=1984;4032 posCurrent=1920;4032 step=1 time=23 phase=3733 channel=12 icon=273 
MoveObject: type=32 stepAdvance=8 stepRecede=8 timeStopStart=25 timeStopEnd=25 posStart=2176;4032 posEnd=2112;4032 posCurrent=2176;4032 step=1 time=23 phase=3733 channel=12 icon=273 
MoveObject: type=1 stepAdvance=80 stepRecede=80 timeStopStart=10 timeStopEnd=10 posStart=4224;3904 posEnd=4224;3392 posCurrent=4224;3636 step=2 time=42 phase=3733 channel=1 icon=16 
MoveObject: type=6 stepAdvance=1 stepRecede=1 timeStopStart=0 timeStopEnd=0 posStart=1346;4424 posEnd=1346;4424 posCurrent=1346;4424 step=1 time=0 phase=3733 channel=10 icon=26 
MoveObject: type=16 stepAdvance=20 stepRecede=20 timeStopStart=0 timeStopEnd=0 posStart=1536;4480 posEnd=1536;4608 posCurrent=1536;4519 step=4 time=14 phase=3733 channel=10 icon=75 
MoveObject: type=12 stepAdvance=1 stepRecede=1 timeStopStart=0 timeStopEnd=0 posStart=4032;2816 posEnd=4032;2816 posCurrent=4032;2816 step=1 time=0 phase=3733 channel=1 icon=33 
