DescFile: posDecor=350;5920 dimDecor=100;100 world=0 music=4 region=31 blupiPos=642;6278 blupiDir=2 
Decor: 
342,341,342,343,343,342,342,341,345,343,345,345,342,342,342,345,345,341,341,344,345,342,341,344,342,343,341,343,342,343,345,344,344,343,344,344,343,341,345,343,341,341,343,344,344,341,344,344,341,344,341,341,341,341,344,343,342,344,344,344,344,343,344,343,342,341,342,342,343,346,342,344,342,344,344,342,345,343,341,345,345,341,342,344,343,342,341,342,343,341,343,341,345,341,341,342,344,345,344,344
345,345,344,342,344,345,342,343,341,345,341,341,345,342,345,345,344,341,341,342,343,345,343,342,345,342,342,344,345,345,344,341,343,343,343,341,345,345,344,341,341,345,343,341,344,342,342,341,343,341,342,341,345,344,341,342,342,345,343,342,342,343,343,345,344,341,344,343,345,343,344,345,343,342,342,343,341,344,341,345,341,344,344,342,342,344,345,344,344,345,345,341,345,343,341,342,344,342,345,341
342,343,341,345,342,341,343,342,344,342,342,345,341,344,345,343,345,341,342,343,344,341,342,344,341,341,342,345,341,342,343,343,345,341,345,345,345,344,341,341,342,345,344,344,341,343,342,341,345,344,343,341,345,344,341,343,343,344,343,344,342,343,343,345,341,344,345,345,343,343,345,341,342,345,345,342,342,343,343,345,345,342,345,341,343,345,341,341,342,344,344,345,345,342,342,345,342,342,343,345
341,344,343,345,345,342,341,345,344,341,344,341,344,341,343,341,341,344,345,343,343,344,341,344,343,344,344,342,342,345,342,342,341,345,343,344,343,343,344,345,344,345,344,341,342,344,345,342,345,341,342,343,345,342,341,343,343,344,344,344,343,342,342,342,343,342,343,343,343,342,344,341,341,343,341,343,345,342,343,342,344,343,341,343,344,342,344,344,341,343,345,343,342,341,342,341,345,343,343,344
342,343,342,341,341,344,341,345,342,341,344,345,345,343,345,342,343,345,344,342,344,345,342,344,344,345,343,345,345,341,343,344,342,342,344,341,344,343,343,344,345,345,345,345,344,344,345,344,345,341,341,345,343,343,342,342,342,344,341,345,344,342,343,341,341,344,345,343,345,344,342,345,342,342,344,341,342,344,342,345,341,342,344,341,344,344,342,342,342,341,343,342,345,342,341,342,342,345,345,341
342,341,343,344,341,345,341,344,345,344,345,345,343,343,342,343,343,341,344,344,341,342,341,345,341,344,344,341,343,345,345,345,341,345,341,345,345,343,345,341,344,341,344,341,341,344,343,341,341,345,341,342,341,341,344,343,342,345,341,345,341,343,341,344,342,341,343,341,344,342,341,341,345,343,344,345,343,341,341,344,344,342,342,344,344,344,343,343,342,345,345,341,344,345,341,344,343,345,343,344
345,341,343,345,344,345,343,341,342,343,342,341,341,341,343,343,344,344,345,345,344,343,341,342,341,341,345,344,344,343,343,343,341,342,342,341,342,343,343,342,344,343,345,345,343,345,345,341,341,344,343,344,341,342,342,343,343,341,343,343,341,345,345,342,344,343,342,343,342,342,341,341,344,344,341,344,341,343,344,345,344,345,343,345,345,341,341,341,343,343,341,345,343,344,343,342,343,344,342,345
343,344,341,345,342,343,342,345,341,343,342,342,343,342,344,341,342,343,345,341,341,343,342,345,344,342,342,344,344,343,345,345,341,342,343,344,343,343,341,341,341,345,345,344,345,344,344,345,341,343,342,341,344,345,345,343,345,343,344,342,344,342,344,345,344,344,342,344,342,345,345,342,343,345,345,344,345,343,345,343,344,344,345,343,341,345,344,342,345,343,344,341,344,343,342,345,345,342,345,341
345,343,341,343,345,345,345,344,343,345,343,342,341,343,344,342,341,342,342,345,343,345,345,342,341,344,343,341,342,341,344,344,345,344,341,345,342,342,343,341,342,343,343,343,345,345,343,343,344,342,344,344,341,341,345,345,342,343,343,342,344,344,342,342,345,343,342,342,344,345,342,342,345,343,343,345,341,343,343,344,342,342,344,342,345,344,341,341,344,342,343,344,345,343,345,343,345,345,344,345
343,343,342,343,344,342,341,342,350,384,342,350,350,350,350,343,350,350,350,344,342,343,350,350,350,350,350,350,350,350,350,350,345,350,350,350,350,344,341,345,350,350,350,350,350,350,342,350,350,346,343,343,342,344,344,343,341,350,350,350,341,341,344,344,342,350,350,350,342,350,350,350,341,350,350,350,341,350,341,350,341,343,350,350,343,342,344,343,343,343,350,350,350,350,350,350,350,350,350,345
344,342,350,350,350,350,350,363,,,358,,,,,,,,,347,342,356,,,,,,,,,,,351,,,,,354,341,348,,,,,,,351,,,,347,344,344,345,344,342,356,,,,354,343,342,341,348,,,,351,,,,351,,,,351,,358,,362,363,,,92,91,91,91,91,363,,,,,,,,,,362
341,356,,,,,,358,,,,,,,,,,,,347,356,,,,,,,56,5,76,76,76,343,138,,353,138,,362,350,236,352,352,349,352,235,347,235,349,235,344,345,341,342,341,356,,378,357,,,354,343,345,363,,353,235,363,,353,235,348,,353,235,348,,,,362,348,,,362,91,91,91,91,363,,,,,,,,,,347
348,,,,,,,,,,,,,353,349,355,,,,347,76,76,76,5,55,,,,,,,,362,138,,347,138,,351,,,,,347,138,,351,,351,,347,343,345,341,356,,378,353,341,355,,,354,342,348,,351,,351,,351,,351,,351,,351,,,,362,363,,,347,91,91,91,91,363,,,,,,,,,,362
348,,,,,,,,,,,,,92,91,363,,,,201,,,,,,,,,,,,,351,,,347,138,,351,,,,,351,,,351,,351,,347,342,342,356,,378,353,345,343,343,355,,,354,363,,351,,351,,351,,351,,351,,351,,,,354,348,,,347,91,91,91,91,363,,359,352,349,352,352,352,349,352,343
363,,,4,4,4,4,4,,,353,349,349,341,91,348,,,,201,,,,,,,56,5,76,76,76,76,342,138,,362,138,,351,,,,,351,,,351,,351,,362,344,356,,378,353,341,345,343,344,344,355,,,354,235,363,,354,235,345,235,350,235,363,,351,,357,,,351,,,347,91,91,91,91,348,,,,351,,,,351,,347
348,,,73,,53,,4,,378,347,345,350,342,91,348,,,,351,,,,,,,,,,,,,347,138,,347,138,,351,,,,353,343,138,,351,,351,,362,356,,378,353,343,345,342,341,343,341,363,,,,,351,,,,351,,,,362,424,345,352,350,235,235,350,235,235,350,350,350,350,350,350,421,355,,358,,357,,358,,347
363,,,73,,,50,4,,378,362,363,,92,91,348,,,,347,355,76,76,76,5,55,,,,,,,362,138,,347,138,,358,,,353,343,343,138,,354,235,342,235,356,,378,353,343,343,342,345,341,343,344,363,,,353,235,348,,353,235,342,235,349,235,344,235,363,,,,,,,,,,,,,,,351,,,,351,,,,347
343,355,,73,,54,,4,,,347,348,,347,344,343,355,,,362,343,355,,,,,,,,,,,201,,353,348,,,,,353,342,343,345,138,,,,351,,,378,353,345,344,343,343,342,341,343,344,363,,,351,,351,,351,,351,,351,,351,,201,201,201,201,201,201,201,201,201,201,201,201,201,201,201,348,,,,351,,,,362
343,342,349,4,4,4,4,4,349,349,344,341,349,343,342,341,342,349,349,345,344,345,349,349,349,349,349,349,349,349,349,349,342,349,342,343,349,349,349,349,342,342,343,345,349,349,349,349,344,349,349,349,344,345,345,341,342,343,342,342,342,343,349,349,343,349,343,349,344,349,344,349,345,349,345,349,344,344,343,344,342,342,342,345,345,341,342,343,342,341,345,341,349,349,349,342,349,349,349,341
343,341,341,342,341,344,342,343,343,342,345,344,342,342,342,345,345,341,341,342,344,341,342,341,342,345,344,345,343,345,341,341,341,344,344,344,345,343,345,345,344,341,343,341,343,344,342,345,344,341,345,345,345,344,342,343,341,343,343,344,342,341,345,342,345,344,342,341,343,345,344,345,345,345,342,345,345,342,342,344,342,343,343,344,344,343,345,341,342,341,343,343,341,344,345,344,341,341,345,345
344,345,344,342,343,342,345,344,344,342,345,345,344,343,344,344,343,343,343,343,344,341,343,341,344,345,345,343,343,343,341,341,343,343,342,344,342,341,342,342,344,345,344,342,342,345,344,343,342,345,342,342,345,343,343,344,341,342,344,345,345,345,341,344,344,343,342,344,344,344,341,345,343,341,341,343,342,342,343,341,344,341,342,343,341,343,342,343,344,342,344,342,345,341,342,345,343,345,343,344
342,343,343,342,345,343,344,344,342,341,345,343,344,343,344,344,343,344,341,345,342,341,345,343,341,344,344,344,344,344,344,345,341,344,344,344,341,341,342,344,341,344,341,343,343,342,343,342,344,342,345,342,343,341,344,341,344,342,343,341,341,345,342,343,345,341,341,344,344,344,345,344,344,343,342,342,344,341,342,343,344,341,343,345,341,345,343,341,345,343,344,341,343,342,343,341,343,343,341,343
342,345,341,342,341,341,341,341,345,345,342,342,343,342,345,344,343,345,343,345,345,343,345,345,343,344,343,342,344,343,344,345,341,342,341,343,344,341,344,343,341,344,344,345,343,342,344,341,342,342,343,342,345,342,345,344,342,345,341,342,341,345,343,343,345,341,344,345,342,342,343,342,341,342,342,345,342,344,342,343,343,343,341,341,343,343,343,341,342,345,342,343,341,344,345,341,343,344,341,342
344,345,344,342,343,341,342,343,345,345,344,341,343,343,345,343,343,341,343,341,341,344,344,342,342,344,345,342,342,345,341,345,345,341,344,344,341,344,345,345,343,341,344,341,342,345,343,345,345,345,344,342,343,343,341,341,341,341,342,341,341,343,341,344,342,341,345,345,345,341,345,341,342,344,341,344,342,345,343,343,344,345,345,344,344,342,343,342,341,342,345,344,341,342,341,342,343,342,343,342
341,342,343,342,345,344,343,343,345,345,343,343,342,344,344,344,345,343,341,343,343,343,343,341,341,344,344,343,342,341,343,342,344,342,344,344,343,345,341,342,341,341,343,343,343,343,344,343,345,342,341,341,341,341,345,344,342,343,341,345,342,342,345,344,343,345,344,344,342,343,343,343,341,345,341,342,343,344,345,341,344,344,342,342,342,343,343,342,342,344,341,345,341,342,342,344,341,344,341,344
350,350,350,350,350,350,350,350,350,350,350,350,350,350,350,350,350,350,350,350,350,350,350,350,350,350,350,350,350,350,350,350,350,350,350,350,350,350,350,350,350,350,350,350,350,350,350,350,350,350,350,350,350,350,350,350,350,350,350,350,350,350,350,350,350,350,350,350,350,350,350,350,350,350,350,350,350,350,350,350,350,350,350,350,350,350,350,350,350,350,350,350,350,350,350,350,350,350,350,350
,,,,,,,,,,,,,,,,,,,,,,,,,,,,,,,,,,,,,,,,,,,,,,,,,,,,,,,,,,,,,,,,,,,,,,,,,,,,,,,,,,,,,,,,,,,,,,,,,,,
,,,,,,,,,,,,,,,,,,,,,,,,,,,,,,,,,,,,,,,,,,,,,,,,,,,,,,,,,,,,,,,,,,,,,,,,,,,,,,,,,,,,,,,,,,,,,,,,,,,
,,,,,,,,,,,,,,,,,,,,,,,,,,,,,,,,,,,,,,,,,,,,,,,,,,,,,,,,,,,,,,,,,,,,,,,,,,,,,,,,,,,,,,,,,,,,,,,,,,,
,,,,,,,,,,,,,,,,,,,,,,,,,,,,,,,,,,,,,,,,,,,,,,,,,,,,,,,,,,,,,,,,,,,,,,,,,,,,,,,,,,,,,,,,,,,,,,,,,,,
,,,,,,,,,,,,,,,,,,,,,,,,,,,,,,,,,,,,,,,,,,,,,,,,,,,,,,,,,,,,,,,,,,,,,,,,,,,,,,,,,,,,,,,,,,,,,,,,,,,
,,,,,,,,,,,,,,,,,,,,,,,,,,,,,,,,,,,,,,,,,,,,,,,,,,,,,,,,,,,,,,,,,,,,,,,,,,,,,,,,,,,,,,,,,,,,,,,,,,,
,,,,,,,,,,,,,,,,,,,,,,,,,,,,,,,,,,,,,,,,,,,,,,,,,,,,,,,,,,,,,,,,,,,,,,,,,,,,,,,,,,,,,,,,,,,,,,,,,,,
,,,,,,,,,,,,,,,,,,,,,,,,,,,,,,,,,,,,,,,,,,,,,,,,,,,,,,,,,,,,,,,,,,,,,,,,,,,,,,,,,,,,,,,,,,,,,,,,,,,
,,,,,,,,,,,,,,,,,,,,,,,,,,,,,,,,,,,,,,,,,,,,,,,,,,,,,,,,,,,,,,,,,,,,,,,,,,,,,,,,,,,,,,,,,,,,,,,,,,,
,,,,,,,,,,,,,,,,,,,,,,,,,,,,,,,,,,,,,,,,,,,,,,,,,,,,,,,,,,,,,,,,,,,,,,,,,,,,,,,,,,,,,,,,,,,,,,,,,,,
,,,,,,,,,,,,,,,,,,,,,,,,,,,,,,,,,,,,,,,,,,,,,,,,,,,,,,,,,,,,,,,,,,,,,,,,,,,,,,,,,,,,,,,,,,,,,,,,,,,
,,,,,,,,,,,,,,,,,,,,,,,,,,,,,,,,,,,,,,,,,,,,,,,,,,,,,,,,,,,,,,,,,,,,,,,,,,,,,,,,,,,,,,,,,,,,,,,,,,,
,,,,,,,,,,,,,,,,,,,,,,,,,,,,,,,,,,,,,,,,,,,,,,,,,,,,,,,,,,,,,,,,,,,,,,,,,,,,,,,,,,,,,,,,,,,,,,,,,,,
,,,,,,,,,,,,,,,,,,,,,,,,,,,,,,,,,,,,,,,,,,,,,,,,,,,,,,,,,,,,,,,,,,,,,,,,,,,,,,,,,,,,,,,,,,,,,,,,,,,
,,,,,,,,,,,,,,,,,,,,,,,,,,,,,,,,,,,,,,,,,,,,,,,,,,,,,,,,,,,,,,,,,,,,,,,,,,,,,,,,,,,,,,,,,,,,,,,,,,,
,,,,,,,,,,,,,,,,,,,,,,,,,,,,,,,,,,,,,,,,,,,,,,,,,,,,,,,,,,,,,,,,,,,,,,,,,,,,,,,,,,,,,,,,,,,,,,,,,,,
,,,,,,,,,,,,,,,,,,,,,,,,,,,,,,,,,,,,,,,,,,,,,,,,,,,,,,,,,,,,,,,,,,,,,,,,,,,,,,,,,,,,,,,,,,,,,,,,,,,
,,,,,,,,,,,,,,,,,,,,,,,,,,,,,,,,,,,,,,,,,,,,,,,,,,,,,,,,,,,,,,,,,,,,,,,,,,,,,,,,,,,,,,,,,,,,,,,,,,,
,,,,,,,,,,,,,,,,,,,,,,,,,,,,,,,,,,,,,,,,,,,,,,,,,,,,,,,,,,,,,,,,,,,,,,,,,,,,,,,,,,,,,,,,,,,,,,,,,,,
,,,,,,,,,,,,,,,,,,,,,,,,,,,,,,,,,,,,,,,,,,,,,,,,,,,,,,,,,,,,,,,,,,,,,,,,,,,,,,,,,,,,,,,,,,,,,,,,,,,
,,,,,,,,,,,,,,,,,,,,,,,,,,,,,,,,,,,,,,,,,,,,,,,,,,,,,,,,,,,,,,,,,,,,,,,,,,,,,,,,,,,,,,,,,,,,,,,,,,,
,,,,,,,,,,,,,,,,,,,,,,,,,,,,,,,,,,,,,,,,,,,,,,,,,,,,,,,,,,,,,,,,,,,,,,,,,,,,,,,,,,,,,,,,,,,,,,,,,,,
,,,,,,,,,,,,,,,,,,,,,,,,,,,,,,,,,,,,,,,,,,,,,,,,,,,,,,,,,,,,,,,,,,,,,,,,,,,,,,,,,,,,,,,,,,,,,,,,,,,
,,,,,,,,,,,,,,,,,,,,,,,,,,,,,,,,,,,,,,,,,,,,,,,,,,,,,,,,,,,,,,,,,,,,,,,,,,,,,,,,,,,,,,,,,,,,,,,,,,,
,,,,,,,,,,,,,,,,,,,,,,,,,,,,,,,,,,,,,,,,,,,,,,,,,,,,,,,,,,,,,,,,,,,,,,,,,,,,,,,,,,,,,,,,,,,,,,,,,,,
,,,,,,,,,,,,,,,,,,,,,,,,,,,,,,,,,,,,,,,,,,,,,,,,,,,,,,,,,,,,,,,,,,,,,,,,,,,,,,,,,,,,,,,,,,,,,,,,,,,
,,,,,,,,,,,,,,,,,,,,,,,,,,,,,,,,,,,,,,,,,,,,,,,,,,,,,,,,,,,,,,,,,,,,,,,,,,,,,,,,,,,,,,,,,,,,,,,,,,,
,,,,,,,,,,,,,,,,,,,,,,,,,,,,,,,,,,,,,,,,,,,,,,,,,,,,,,,,,,,,,,,,,,,,,,,,,,,,,,,,,,,,,,,,,,,,,,,,,,,
,,,,,,,,,,,,,,,,,,,,,,,,,,,,,,,,,,,,,,,,,,,,,,,,,,,,,,,,,,,,,,,,,,,,,,,,,,,,,,,,,,,,,,,,,,,,,,,,,,,
,,,,,,,,,,,,,,,,,,,,,,,,,,,,,,,,,,,,,,,,,,,,,,,,,,,,,,,,,,,,,,,,,,,,,,,,,,,,,,,,,,,,,,,,,,,,,,,,,,,
,,,,,,,,,,,,,,,,,,,,,,,,,,,,,,,,,,,,,,,,,,,,,,,,,,,,,,,,,,,,,,,,,,,,,,,,,,,,,,,,,,,,,,,,,,,,,,,,,,,
,,,,,,,,,,,,,,,,,,,,,,,,,,,,,,,,,,,,,,,,,,,,,,,,,,,,,,,,,,,,,,,,,,,,,,,,,,,,,,,,,,,,,,,,,,,,,,,,,,,
,,,,,,,,,,,,,,,,,,,,,,,,,,,,,,,,,,,,,,,,,,,,,,,,,,,,,,,,,,,,,,,,,,,,,,,,,,,,,,,,,,,,,,,,,,,,,,,,,,,
,,,,,,,,,,,,,,,,,,,,,,,,,,,,,,,,,,,,,,,,,,,,,,,,,,,,,,,,,,,,,,,,,,,,,,,,,,,,,,,,,,,,,,,,,,,,,,,,,,,
,,,,,,,,,,,,,,,,,,,,,,,,,,,,,,,,,,,,,,,,,,,,,,,,,,,,,,,,,,,,,,,,,,,,,,,,,,,,,,,,,,,,,,,,,,,,,,,,,,,
,,,,,,,,,,,,,,,,,,,,,,,,,,,,,,,,,,,,,,,,,,,,,,,,,,,,,,,,,,,,,,,,,,,,,,,,,,,,,,,,,,,,,,,,,,,,,,,,,,,
,,,,,,,,,,,,,,,,,,,,,,,,,,,,,,,,,,,,,,,,,,,,,,,,,,,,,,,,,,,,,,,,,,,,,,,,,,,,,,,,,,,,,,,,,,,,,,,,,,,
,,,,,,,,,,,,,,,,,,,,,,,,,,,,,,,,,,,,,,,,,,,,,,,,,,,,,,,,,,,,,,,,,,,,,,,,,,,,,,,,,,,,,,,,,,,,,,,,,,,
,,,,,,,,,,,,,,,,,,,,,,,,,,,,,,,,,,,,,,,,,,,,,,,,,,,,,,,,,,,,,,,,,,,,,,,,,,,,,,,,,,,,,,,,,,,,,,,,,,,
,,,,,,,,,,,,,,,,,,,,,,,,,,,,,,,,,,,,,,,,,,,,,,,,,,,,,,,,,,,,,,,,,,,,,,,,,,,,,,,,,,,,,,,,,,,,,,,,,,,
,,,,,,,,,,,,,,,,,,,,,,,,,,,,,,,,,,,,,,,,,,,,,,,,,,,,,,,,,,,,,,,,,,,,,,,,,,,,,,,,,,,,,,,,,,,,,,,,,,,
,,,,,,,,,,,,,,,,,,,,,,,,,,,,,,,,,,,,,,,,,,,,,,,,,,,,,,,,,,,,,,,,,,,,,,,,,,,,,,,,,,,,,,,,,,,,,,,,,,,
,,,,,,,,,,,,,,,,,,,,,,,,,,,,,,,,,,,,,,,,,,,,,,,,,,,,,,,,,,,,,,,,,,,,,,,,,,,,,,,,,,,,,,,,,,,,,,,,,,,
,,,,,,,,,,,,,,,,,,,,,,,,,,,,,,,,,,,,,,,,,,,,,,,,,,,,,,,,,,,,,,,,,,,,,,,,,,,,,,,,,,,,,,,,,,,,,,,,,,,
,,,,,,,,,,,,,,,,,,,,,,,,,,,,,,,,,,,,,,,,,,,,,,,,,,,,,,,,,,,,,,,,,,,,,,,,,,,,,,,,,,,,,,,,,,,,,,,,,,,
,,,,,,,,,,,,,,,,,,,,,,,,,,,,,,,,,,,,,,,,,,,,,,,,,,,,,,,,,,,,,,,,,,,,,,,,,,,,,,,,,,,,,,,,,,,,,,,,,,,
,,,,,,,,,,,,,,,,,,,,,,,,,,,,,,,,,,,,,,,,,,,,,,,,,,,,,,,,,,,,,,,,,,,,,,,,,,,,,,,,,,,,,,,,,,,,,,,,,,,
,,,,,,,,,,,,,,,,,,,,,,,,,,,,,,,,,,,,,,,,,,,,,,,,,,,,,,,,,,,,,,,,,,,,,,,,,,,,,,,,,,,,,,,,,,,,,,,,,,,
,,,,,,,,,,,,,,,,,,,,,,,,,,,,,,,,,,,,,,,,,,,,,,,,,,,,,,,,,,,,,,,,,,,,,,,,,,,,,,,,,,,,,,,,,,,,,,,,,,,
,,,,,,,,,,,,,,,,,,,,,,,,,,,,,,,,,,,,,,,,,,,,,,,,,,,,,,,,,,,,,,,,,,,,,,,,,,,,,,,,,,,,,,,,,,,,,,,,,,,
,,,,,,,,,,,,,,,,,,,,,,,,,,,,,,,,,,,,,,,,,,,,,,,,,,,,,,,,,,,,,,,,,,,,,,,,,,,,,,,,,,,,,,,,,,,,,,,,,,,
,,,,,,,,,,,,,,,,,,,,,,,,,,,,,,,,,,,,,,,,,,,,,,,,,,,,,,,,,,,,,,,,,,,,,,,,,,,,,,,,,,,,,,,,,,,,,,,,,,,
,,,,,,,,,,,,,,,,,,,,,,,,,,,,,,,,,,,,,,,,,,,,,,,,,,,,,,,,,,,,,,,,,,,,,,,,,,,,,,,,,,,,,,,,,,,,,,,,,,,
,,,,,,,,,,,,,,,,,,,,,,,,,,,,,,,,,,,,,,,,,,,,,,,,,,,,,,,,,,,,,,,,,,,,,,,,,,,,,,,,,,,,,,,,,,,,,,,,,,,
,,,,,,,,,,,,,,,,,,,,,,,,,,,,,,,,,,,,,,,,,,,,,,,,,,,,,,,,,,,,,,,,,,,,,,,,,,,,,,,,,,,,,,,,,,,,,,,,,,,
,,,,,,,,,,,,,,,,,,,,,,,,,,,,,,,,,,,,,,,,,,,,,,,,,,,,,,,,,,,,,,,,,,,,,,,,,,,,,,,,,,,,,,,,,,,,,,,,,,,
,,,,,,,,,,,,,,,,,,,,,,,,,,,,,,,,,,,,,,,,,,,,,,,,,,,,,,,,,,,,,,,,,,,,,,,,,,,,,,,,,,,,,,,,,,,,,,,,,,,
,,,,,,,,,,,,,,,,,,,,,,,,,,,,,,,,,,,,,,,,,,,,,,,,,,,,,,,,,,,,,,,,,,,,,,,,,,,,,,,,,,,,,,,,,,,,,,,,,,,
,,,,,,,,,,,,,,,,,,,,,,,,,,,,,,,,,,,,,,,,,,,,,,,,,,,,,,,,,,,,,,,,,,,,,,,,,,,,,,,,,,,,,,,,,,,,,,,,,,,
,,,,,,,,,,,,,,,,,,,,,,,,,,,,,,,,,,,,,,,,,,,,,,,,,,,,,,,,,,,,,,,,,,,,,,,,,,,,,,,,,,,,,,,,,,,,,,,,,,,
,,,,,,,,,,,,,,,,,,,,,,,,,,,,,,,,,,,,,,,,,,,,,,,,,,,,,,,,,,,,,,,,,,,,,,,,,,,,,,,,,,,,,,,,,,,,,,,,,,,
,,,,,,,,,,,,,,,,,,,,,,,,,,,,,,,,,,,,,,,,,,,,,,,,,,,,,,,,,,,,,,,,,,,,,,,,,,,,,,,,,,,,,,,,,,,,,,,,,,,
,,,,,,,,,,,,,,,,,,,,,,,,,,,,,,,,,,,,,,,,,,,,,,,,,,,,,,,,,,,,,,,,,,,,,,,,,,,,,,,,,,,,,,,,,,,,,,,,,,,
,,,,,,,,,,,,,,,,,,,,,,,,,,,,,,,,,,,,,,,,,,,,,,,,,,,,,,,,,,,,,,,,,,,,,,,,,,,,,,,,,,,,,,,,,,,,,,,,,,,
,,,,,,,,,,,,,,,,,,,,,,,,,,,,,,,,,,,,,,,,,,,,,,,,,,,,,,,,,,,,,,,,,,,,,,,,,,,,,,,,,,,,,,,,,,,,,,,,,,,
,,,,,,,,,,,,,,,,,,,,,,,,,,,,,,,,,,,,,,,,,,,,,,,,,,,,,,,,,,,,,,,,,,,,,,,,,,,,,,,,,,,,,,,,,,,,,,,,,,,
,,,,,,,,,,,,,,,,,,,,,,,,,,,,,,,,,,,,,,,,,,,,,,,,,,,,,,,,,,,,,,,,,,,,,,,,,,,,,,,,,,,,,,,,,,,,,,,,,,,
,,,,,,,,,,,,,,,,,,,,,,,,,,,,,,,,,,,,,,,,,,,,,,,,,,,,,,,,,,,,,,,,,,,,,,,,,,,,,,,,,,,,,,,,,,,,,,,,,,,
,,,,,,,,,,,,,,,,,,,,,,,,,,,,,,,,,,,,,,,,,,,,,,,,,,,,,,,,,,,,,,,,,,,,,,,,,,,,,,,,,,,,,,,,,,,,,,,,,,,
,,,,,,,,,,,,,,,,,,,,,,,,,,,,,,,,,,,,,,,,,,,,,,,,,,,,,,,,,,,,,,,,,,,,,,,,,,,,,,,,,,,,,,,,,,,,,,,,,,,
,,,,,,,,,,,,,,,,,,,,,,,,,,,,,,,,,,,,,,,,,,,,,,,,,,,,,,,,,,,,,,,,,,,,,,,,,,,,,,,,,,,,,,,,,,,,,,,,,,,
,,,,,,,,,,,,,,,,,,,,,,,,,,,,,,,,,,,,,,,,,,,,,,,,,,,,,,,,,,,,,,,,,,,,,,,,,,,,,,,,,,,,,,,,,,,,,,,,,,,
,,,,,,,,,,,,,,,,,,,,,,,,,,,,,,,,,,,,,,,,,,,,,,,,,,,,,,,,,,,,,,,,,,,,,,,,,,,,,,,,,,,,,,,,,,,,,,,,,,,
,,,,,,,,,,,,,,,,,,,,,,,,,,,,,,,,,,,,,,,,,,,,,,,,,,,,,,,,,,,,,,,,,,,,,,,,,,,,,,,,,,,,,,,,,,,,,,,,,,,
BigDecor: 
,,,,,,,,,,,,,,,,,,,,,,,,,,,,,,,,,,,,,,,,,,,,,,,,,,,,,,,,,,,,,,,,,,,,,,,,,,,,,,,,,,,,,,,,,,,,,,,,,,,
,,,,,,,,,,,,,,,,,,,,,,,,,,,,,,,,,,,,,,,,,,,,,,,,,,,,,,,,,,,,,,,,,,,,,,,,,,,,,,,,,,,,,,,,,,,,,,,,,,,
,,,,,,,,,,,,,,,,,,,,,,,,,,,,,,,,,,,,,,,,,,,,,,,,,,,,,,,,,,,,,,,,,,,,,,,,,,,,,,,,,,,,,,,,,,,,,,,,,,,
,,,,,,,,,,,,,,,,,,,,,,,,,,,,,,,,,,,,,,,,,,,,,,,,,,,,,,,,,,,,,,,,,,,,,,,,,,,,,,,,,,,,,,,,,,,,,,,,,,,
,,,,,,,,,,,,,,,,,,,,,,,,,,,,,,,,,,,,,,,,,,,,,,,,,,,,,,,,,,,,,,,,,,,,,,,,,,,,,,,,,,,,,,,,,,,,,,,,,,,
,,,,,,,,,,,,,,,,,,,,,,,,,,,,,,,,,,,,,,,,,,,,,,,,,,,,,,,,,,,,,,,,,,,,,,,,,,,,,,,,,,,,,,,,,,,,,,,,,,,
,,,,,,,,,,,,,,,,,,,,,,,,,,,,,,,,,,,,,,,,,,,,,,,,,,,,,,,,,,,,,,,,,,,,,,,,,,,,,,,,,,,,,,,,,,,,,,,,,,,
,,,,,,,,,,,,,,,,,,,,,,,,,,,,,,,,,,,,,,,,,,,,,,,,,,,,,,,,,,,,,,,,,,,,,,,,,,,,,,,,,,,,,,,,,,,,,,,,,,,
,,,,,,,,,,,,,,,,,,,,,,,,,,,,,,,,,,,,,,,,,,,,,,,,,,,,,,,,,,,,,,,,,,,,,,,,,,,,,,,,,,,,,,,,,,,,,,,,,,,
,,,,,,,,,,,,,,,,,,,,,,,,,,,,,,,,,,,,,,,,,,,,,,,,,,,,,,,,,,,,,,,,,,,,,,,,,,,,,,,,,,,,,,,,,,,,,,,,,,,
,,,,,,,,,,,,,,,,,,,,,,,,,,,,,,,,,,,,,,,,,,,,,,,,,,,,,,,,,,,,,,,,,,,,,,,,,,,,,,,,,,,,,,,,203,,,,,,,,,,,
,,,,,,,,,,,,,,,,,,,,,,,,,,,,,,,,,,,,,,,,,,,,,,,,,,,,,,,,,,,,,,,,,,,,,,,,,,,,,,,,,,,,,,,,,,,,,,,,,,,
,,,,,,,,,,,,,,,,,,,,,,,,,,,,,,,,,,,,,,,,,23,,,,,,,,,,,,,,,,,,,,,,,,,,,,,,,,,,,,,,,,,,,,,,,203,,,,,,,,,,,
,,,,,,,,,,,,,,203,,,,,,,,,,,,,,,,,,,,,,,,,,,,,,,,,,,,,,,,,,,,,,,,,,,,,,,,,,,,,,,,,,,,,,,,,,203,,,,,,,,,,,
,,,,,,,,,,,,,,,,,,,,,,,,,,,,,,,,,,,,,,,,,24,,,,,,,,,,,,,,,,,,,,,,,,,,,,,,,,,,,,,,,,,,,,,,,,,,,,,,,,,,
,,,,,,,,,,,,,,203,,,,,,,,,,,,,,,,,,,,,,,,,,,,,,,,,,,,,,,,,,,,,,,,,,,,,,,,,,,,,,,,,,,,,,,,,,,,,,,,,,,,,
,,,,,,,,,,,,,,203,,,,,,,,,,,,,,,,,,,,,,,,,,,,,,,,,,,,,,,,,,,,,,,,,,,,,,,,,,,,,,,,,,,,,,,,,,,,,,,,,,,,,
,,,,,,,,,,,,,,,,,,,,,,,,,,,,,,,,,,,,,,,,,,,,,,,,,,,,,,,,,,,,,,,,,,,,,,,,,,,,,,,,,,,,,,,,,,,,,,,,,,,
,,,,,,,,,,,,,,,,,,,,,,,,,,,,,,,,,,,,,,,,,,,,,,,,,,,,,,,,,,,,,,,,,,,,,,,,,,,,,,,,,,,,,,,,,,,,,,,,,,,
,,,,,,,,,,,,,,,,,,,,,,,,,,,,,,,,,,,,,,,,,,,,,,,,,,,,,,,,,,,,,,,,,,,,,,,,,,,,,,,,,,,,,,,,,,,,,,,,,,,
,,,,,,,,,,,,,,,,,,,,,,,,,,,,,,,,,,,,,,,,,,,,,,,,,,,,,,,,,,,,,,,,,,,,,,,,,,,,,,,,,,,,,,,,,,,,,,,,,,,
,,,,,,,,,,,,,,,,,,,,,,,,,,,,,,,,,,,,,,,,,,,,,,,,,,,,,,,,,,,,,,,,,,,,,,,,,,,,,,,,,,,,,,,,,,,,,,,,,,,
,,,,,,,,,,,,,,,,,,,,,,,,,,,,,,,,,,,,,,,,,,,,,,,,,,,,,,,,,,,,,,,,,,,,,,,,,,,,,,,,,,,,,,,,,,,,,,,,,,,
,,,,,,,,,,,,,,,,,,,,,,,,,,,,,,,,,,,,,,,,,,,,,,,,,,,,,,,,,,,,,,,,,,,,,,,,,,,,,,,,,,,,,,,,,,,,,,,,,,,
,,,,,,,,,,,,,,,,,,,,,,,,,,,,,,,,,,,,,,,,,,,,,,,,,,,,,,,,,,,,,,,,,,,,,,,,,,,,,,,,,,,,,,,,,,,,,,,,,,,
,,,,,,,,,,,,,,,,,,,,,,,,,,,,,,,,,,,,,,,,,,,,,,,,,,,,,,,,,,,,,,,,,,,,,,,,,,,,,,,,,,,,,,,,,,,,,,,,,,,
,,,,,,,,,,,,,,,,,,,,,,,,,,,,,,,,,,,,,,,,,,,,,,,,,,,,,,,,,,,,,,,,,,,,,,,,,,,,,,,,,,,,,,,,,,,,,,,,,,,
,,,,,,,,,,,,,,,,,,,,,,,,,,,,,,,,,,,,,,,,,,,,,,,,,,,,,,,,,,,,,,,,,,,,,,,,,,,,,,,,,,,,,,,,,,,,,,,,,,,
,,,,,,,,,,,,,,,,,,,,,,,,,,,,,,,,,,,,,,,,,,,,,,,,,,,,,,,,,,,,,,,,,,,,,,,,,,,,,,,,,,,,,,,,,,,,,,,,,,,
,,,,,,,,,,,,,,,,,,,,,,,,,,,,,,,,,,,,,,,,,,,,,,,,,,,,,,,,,,,,,,,,,,,,,,,,,,,,,,,,,,,,,,,,,,,,,,,,,,,
,,,,,,,,,,,,,,,,,,,,,,,,,,,,,,,,,,,,,,,,,,,,,,,,,,,,,,,,,,,,,,,,,,,,,,,,,,,,,,,,,,,,,,,,,,,,,,,,,,,
,,,,,,,,,,,,,,,,,,,,,,,,,,,,,,,,,,,,,,,,,,,,,,,,,,,,,,,,,,,,,,,,,,,,,,,,,,,,,,,,,,,,,,,,,,,,,,,,,,,
,,,,,,,,,,,,,,,,,,,,,,,,,,,,,,,,,,,,,,,,,,,,,,,,,,,,,,,,,,,,,,,,,,,,,,,,,,,,,,,,,,,,,,,,,,,,,,,,,,,
,,,,,,,,,,,,,,,,,,,,,,,,,,,,,,,,,,,,,,,,,,,,,,,,,,,,,,,,,,,,,,,,,,,,,,,,,,,,,,,,,,,,,,,,,,,,,,,,,,,
,,,,,,,,,,,,,,,,,,,,,,,,,,,,,,,,,,,,,,,,,,,,,,,,,,,,,,,,,,,,,,,,,,,,,,,,,,,,,,,,,,,,,,,,,,,,,,,,,,,
,,,,,,,,,,,,,,,,,,,,,,,,,,,,,,,,,,,,,,,,,,,,,,,,,,,,,,,,,,,,,,,,,,,,,,,,,,,,,,,,,,,,,,,,,,,,,,,,,,,
,,,,,,,,,,,,,,,,,,,,,,,,,,,,,,,,,,,,,,,,,,,,,,,,,,,,,,,,,,,,,,,,,,,,,,,,,,,,,,,,,,,,,,,,,,,,,,,,,,,
,,,,,,,,,,,,,,,,,,,,,,,,,,,,,,,,,,,,,,,,,,,,,,,,,,,,,,,,,,,,,,,,,,,,,,,,,,,,,,,,,,,,,,,,,,,,,,,,,,,
,,,,,,,,,,,,,,,,,,,,,,,,,,,,,,,,,,,,,,,,,,,,,,,,,,,,,,,,,,,,,,,,,,,,,,,,,,,,,,,,,,,,,,,,,,,,,,,,,,,
,,,,,,,,,,,,,,,,,,,,,,,,,,,,,,,,,,,,,,,,,,,,,,,,,,,,,,,,,,,,,,,,,,,,,,,,,,,,,,,,,,,,,,,,,,,,,,,,,,,
,,,,,,,,,,,,,,,,,,,,,,,,,,,,,,,,,,,,,,,,,,,,,,,,,,,,,,,,,,,,,,,,,,,,,,,,,,,,,,,,,,,,,,,,,,,,,,,,,,,
,,,,,,,,,,,,,,,,,,,,,,,,,,,,,,,,,,,,,,,,,,,,,,,,,,,,,,,,,,,,,,,,,,,,,,,,,,,,,,,,,,,,,,,,,,,,,,,,,,,
,,,,,,,,,,,,,,,,,,,,,,,,,,,,,,,,,,,,,,,,,,,,,,,,,,,,,,,,,,,,,,,,,,,,,,,,,,,,,,,,,,,,,,,,,,,,,,,,,,,
,,,,,,,,,,,,,,,,,,,,,,,,,,,,,,,,,,,,,,,,,,,,,,,,,,,,,,,,,,,,,,,,,,,,,,,,,,,,,,,,,,,,,,,,,,,,,,,,,,,
,,,,,,,,,,,,,,,,,,,,,,,,,,,,,,,,,,,,,,,,,,,,,,,,,,,,,,,,,,,,,,,,,,,,,,,,,,,,,,,,,,,,,,,,,,,,,,,,,,,
,,,,,,,,,,,,,,,,,,,,,,,,,,,,,,,,,,,,,,,,,,,,,,,,,,,,,,,,,,,,,,,,,,,,,,,,,,,,,,,,,,,,,,,,,,,,,,,,,,,
,,,,,,,,,,,,,,,,,,,,,,,,,,,,,,,,,,,,,,,,,,,,,,,,,,,,,,,,,,,,,,,,,,,,,,,,,,,,,,,,,,,,,,,,,,,,,,,,,,,
,,,,,,,,,,,,,,,,,,,,,,,,,,,,,,,,,,,,,,,,,,,,,,,,,,,,,,,,,,,,,,,,,,,,,,,,,,,,,,,,,,,,,,,,,,,,,,,,,,,
,,,,,,,,,,,,,,,,,,,,,,,,,,,,,,,,,,,,,,,,,,,,,,,,,,,,,,,,,,,,,,,,,,,,,,,,,,,,,,,,,,,,,,,,,,,,,,,,,,,
,,,,,,,,,,,,,,,,,,,,,,,,,,,,,,,,,,,,,,,,,,,,,,,,,,,,,,,,,,,,,,,,,,,,,,,,,,,,,,,,,,,,,,,,,,,,,,,,,,,
,,,,,,,,,,,,,,,,,,,,,,,,,,,,,,,,,,,,,,,,,,,,,,,,,,,,,,,,,,,,,,,,,,,,,,,,,,,,,,,,,,,,,,,,,,,,,,,,,,,
,,,,,,,,,,,,,,,,,,,,,,,,,,,,,,,,,,,,,,,,,,,,,,,,,,,,,,,,,,,,,,,,,,,,,,,,,,,,,,,,,,,,,,,,,,,,,,,,,,,
,,,,,,,,,,,,,,,,,,,,,,,,,,,,,,,,,,,,,,,,,,,,,,,,,,,,,,,,,,,,,,,,,,,,,,,,,,,,,,,,,,,,,,,,,,,,,,,,,,,
,,,,,,,,,,,,,,,,,,,,,,,,,,,,,,,,,,,,,,,,,,,,,,,,,,,,,,,,,,,,,,,,,,,,,,,,,,,,,,,,,,,,,,,,,,,,,,,,,,,
,,,,,,,,,,,,,,,,,,,,,,,,,,,,,,,,,,,,,,,,,,,,,,,,,,,,,,,,,,,,,,,,,,,,,,,,,,,,,,,,,,,,,,,,,,,,,,,,,,,
,,,,,,,,,,,,,,,,,,,,,,,,,,,,,,,,,,,,,,,,,,,,,,,,,,,,,,,,,,,,,,,,,,,,,,,,,,,,,,,,,,,,,,,,,,,,,,,,,,,
,,,,,,,,,,,,,,,,,,,,,,,,,,,,,,,,,,,,,,,,,,,,,,,,,,,,,,,,,,,,,,,,,,,,,,,,,,,,,,,,,,,,,,,,,,,,,,,,,,,
,,,,,,,,,,,,,,,,,,,,,,,,,,,,,,,,,,,,,,,,,,,,,,,,,,,,,,,,,,,,,,,,,,,,,,,,,,,,,,,,,,,,,,,,,,,,,,,,,,,
,,,,,,,,,,,,,,,,,,,,,,,,,,,,,,,,,,,,,,,,,,,,,,,,,,,,,,,,,,,,,,,,,,,,,,,,,,,,,,,,,,,,,,,,,,,,,,,,,,,
,,,,,,,,,,,,,,,,,,,,,,,,,,,,,,,,,,,,,,,,,,,,,,,,,,,,,,,,,,,,,,,,,,,,,,,,,,,,,,,,,,,,,,,,,,,,,,,,,,,
,,,,,,,,,,,,,,,,,,,,,,,,,,,,,,,,,,,,,,,,,,,,,,,,,,,,,,,,,,,,,,,,,,,,,,,,,,,,,,,,,,,,,,,,,,,,,,,,,,,
,,,,,,,,,,,,,,,,,,,,,,,,,,,,,,,,,,,,,,,,,,,,,,,,,,,,,,,,,,,,,,,,,,,,,,,,,,,,,,,,,,,,,,,,,,,,,,,,,,,
,,,,,,,,,,,,,,,,,,,,,,,,,,,,,,,,,,,,,,,,,,,,,,,,,,,,,,,,,,,,,,,,,,,,,,,,,,,,,,,,,,,,,,,,,,,,,,,,,,,
,,,,,,,,,,,,,,,,,,,,,,,,,,,,,,,,,,,,,,,,,,,,,,,,,,,,,,,,,,,,,,,,,,,,,,,,,,,,,,,,,,,,,,,,,,,,,,,,,,,
,,,,,,,,,,,,,,,,,,,,,,,,,,,,,,,,,,,,,,,,,,,,,,,,,,,,,,,,,,,,,,,,,,,,,,,,,,,,,,,,,,,,,,,,,,,,,,,,,,,
,,,,,,,,,,,,,,,,,,,,,,,,,,,,,,,,,,,,,,,,,,,,,,,,,,,,,,,,,,,,,,,,,,,,,,,,,,,,,,,,,,,,,,,,,,,,,,,,,,,
,,,,,,,,,,,,,,,,,,,,,,,,,,,,,,,,,,,,,,,,,,,,,,,,,,,,,,,,,,,,,,,,,,,,,,,,,,,,,,,,,,,,,,,,,,,,,,,,,,,
,,,,,,,,,,,,,,,,,,,,,,,,,,,,,,,,,,,,,,,,,,,,,,,,,,,,,,,,,,,,,,,,,,,,,,,,,,,,,,,,,,,,,,,,,,,,,,,,,,,
,,,,,,,,,,,,,,,,,,,,,,,,,,,,,,,,,,,,,,,,,,,,,,,,,,,,,,,,,,,,,,,,,,,,,,,,,,,,,,,,,,,,,,,,,,,,,,,,,,,
,,,,,,,,,,,,,,,,,,,,,,,,,,,,,,,,,,,,,,,,,,,,,,,,,,,,,,,,,,,,,,,,,,,,,,,,,,,,,,,,,,,,,,,,,,,,,,,,,,,
,,,,,,,,,,,,,,,,,,,,,,,,,,,,,,,,,,,,,,,,,,,,,,,,,,,,,,,,,,,,,,,,,,,,,,,,,,,,,,,,,,,,,,,,,,,,,,,,,,,
,,,,,,,,,,,,,,,,,,,,,,,,,,,,,,,,,,,,,,,,,,,,,,,,,,,,,,,,,,,,,,,,,,,,,,,,,,,,,,,,,,,,,,,,,,,,,,,,,,,
,,,,,,,,,,,,,,,,,,,,,,,,,,,,,,,,,,,,,,,,,,,,,,,,,,,,,,,,,,,,,,,,,,,,,,,,,,,,,,,,,,,,,,,,,,,,,,,,,,,
,,,,,,,,,,,,,,,,,,,,,,,,,,,,,,,,,,,,,,,,,,,,,,,,,,,,,,,,,,,,,,,,,,,,,,,,,,,,,,,,,,,,,,,,,,,,,,,,,,,
,,,,,,,,,,,,,,,,,,,,,,,,,,,,,,,,,,,,,,,,,,,,,,,,,,,,,,,,,,,,,,,,,,,,,,,,,,,,,,,,,,,,,,,,,,,,,,,,,,,
,,,,,,,,,,,,,,,,,,,,,,,,,,,,,,,,,,,,,,,,,,,,,,,,,,,,,,,,,,,,,,,,,,,,,,,,,,,,,,,,,,,,,,,,,,,,,,,,,,,
,,,,,,,,,,,,,,,,,,,,,,,,,,,,,,,,,,,,,,,,,,,,,,,,,,,,,,,,,,,,,,,,,,,,,,,,,,,,,,,,,,,,,,,,,,,,,,,,,,,
,,,,,,,,,,,,,,,,,,,,,,,,,,,,,,,,,,,,,,,,,,,,,,,,,,,,,,,,,,,,,,,,,,,,,,,,,,,,,,,,,,,,,,,,,,,,,,,,,,,
,,,,,,,,,,,,,,,,,,,,,,,,,,,,,,,,,,,,,,,,,,,,,,,,,,,,,,,,,,,,,,,,,,,,,,,,,,,,,,,,,,,,,,,,,,,,,,,,,,,
,,,,,,,,,,,,,,,,,,,,,,,,,,,,,,,,,,,,,,,,,,,,,,,,,,,,,,,,,,,,,,,,,,,,,,,,,,,,,,,,,,,,,,,,,,,,,,,,,,,
,,,,,,,,,,,,,,,,,,,,,,,,,,,,,,,,,,,,,,,,,,,,,,,,,,,,,,,,,,,,,,,,,,,,,,,,,,,,,,,,,,,,,,,,,,,,,,,,,,,
,,,,,,,,,,,,,,,,,,,,,,,,,,,,,,,,,,,,,,,,,,,,,,,,,,,,,,,,,,,,,,,,,,,,,,,,,,,,,,,,,,,,,,,,,,,,,,,,,,,
,,,,,,,,,,,,,,,,,,,,,,,,,,,,,,,,,,,,,,,,,,,,,,,,,,,,,,,,,,,,,,,,,,,,,,,,,,,,,,,,,,,,,,,,,,,,,,,,,,,
,,,,,,,,,,,,,,,,,,,,,,,,,,,,,,,,,,,,,,,,,,,,,,,,,,,,,,,,,,,,,,,,,,,,,,,,,,,,,,,,,,,,,,,,,,,,,,,,,,,
,,,,,,,,,,,,,,,,,,,,,,,,,,,,,,,,,,,,,,,,,,,,,,,,,,,,,,,,,,,,,,,,,,,,,,,,,,,,,,,,,,,,,,,,,,,,,,,,,,,
,,,,,,,,,,,,,,,,,,,,,,,,,,,,,,,,,,,,,,,,,,,,,,,,,,,,,,,,,,,,,,,,,,,,,,,,,,,,,,,,,,,,,,,,,,,,,,,,,,,
,,,,,,,,,,,,,,,,,,,,,,,,,,,,,,,,,,,,,,,,,,,,,,,,,,,,,,,,,,,,,,,,,,,,,,,,,,,,,,,,,,,,,,,,,,,,,,,,,,,
,,,,,,,,,,,,,,,,,,,,,,,,,,,,,,,,,,,,,,,,,,,,,,,,,,,,,,,,,,,,,,,,,,,,,,,,,,,,,,,,,,,,,,,,,,,,,,,,,,,
,,,,,,,,,,,,,,,,,,,,,,,,,,,,,,,,,,,,,,,,,,,,,,,,,,,,,,,,,,,,,,,,,,,,,,,,,,,,,,,,,,,,,,,,,,,,,,,,,,,
,,,,,,,,,,,,,,,,,,,,,,,,,,,,,,,,,,,,,,,,,,,,,,,,,,,,,,,,,,,,,,,,,,,,,,,,,,,,,,,,,,,,,,,,,,,,,,,,,,,
,,,,,,,,,,,,,,,,,,,,,,,,,,,,,,,,,,,,,,,,,,,,,,,,,,,,,,,,,,,,,,,,,,,,,,,,,,,,,,,,,,,,,,,,,,,,,,,,,,,
,,,,,,,,,,,,,,,,,,,,,,,,,,,,,,,,,,,,,,,,,,,,,,,,,,,,,,,,,,,,,,,,,,,,,,,,,,,,,,,,,,,,,,,,,,,,,,,,,,,
,,,,,,,,,,,,,,,,,,,,,,,,,,,,,,,,,,,,,,,,,,,,,,,,,,,,,,,,,,,,,,,,,,,,,,,,,,,,,,,,,,,,,,,,,,,,,,,,,,,
,,,,,,,,,,,,,,,,,,,,,,,,,,,,,,,,,,,,,,,,,,,,,,,,,,,,,,,,,,,,,,,,,,,,,,,,,,,,,,,,,,,,,,,,,,,,,,,,,,,
,,,,,,,,,,,,,,,,,,,,,,,,,,,,,,,,,,,,,,,,,,,,,,,,,,,,,,,,,,,,,,,,,,,,,,,,,,,,,,,,,,,,,,,,,,,,,,,,,,,
,,,,,,,,,,,,,,,,,,,,,,,,,,,,,,,,,,,,,,,,,,,,,,,,,,,,,,,,,,,,,,,,,,,,,,,,,,,,,,,,,,,,,,,,,,,,,,,,,,,
,,,,,,,,,,,,,,,,,,,,,,,,,,,,,,,,,,,,,,,,,,,,,,,,,,,,,,,,,,,,,,,,,,,,,,,,,,,,,,,,,,,,,,,,,,,,,,,,,,,
,,,,,,,,,,,,,,,,,,,,,,,,,,,,,,,,,,,,,,,,,,,,,,,,,,,,,,,,,,,,,,,,,,,,,,,,,,,,,,,,,,,,,,,,,,,,,,,,,,,
,,,,,,,,,,,,,,,,,,,,,,,,,,,,,,,,,,,,,,,,,,,,,,,,,,,,,,,,,,,,,,,,,,,,,,,,,,,,,,,,,,,,,,,,,,,,,,,,,,,
,,,,,,,,,,,,,,,,,,,,,,,,,,,,,,,,,,,,,,,,,,,,,,,,,,,,,,,,,,,,,,,,,,,,,,,,,,,,,,,,,,,,,,,,,,,,,,,,,,,
MoveObject: type=1 stepAdvance=20 stepRecede=20 timeStopStart=20 timeStopEnd=20 posStart=576;6208 posEnd=640;6208 posCurrent=583;6208 step=4 time=18 phase=333 channel=1 icon=361 
MoveObject: type=1 stepAdvance=20 stepRecede=20 timeStopStart=20 timeStopEnd=20 posStart=768;6144 posEnd=832;6144 posCurrent=775;6144 step=4 time=18 phase=333 channel=1 icon=361 
MoveObject: type=1 stepAdvance=20 stepRecede=20 timeStopStart=20 timeStopEnd=20 posStart=576;6080 posEnd=640;6080 posCurrent=583;6080 step=4 time=18 phase=333 channel=1 icon=361 
MoveObject: type=1 stepAdvance=20 stepRecede=20 timeStopStart=20 timeStopEnd=20 posStart=768;6016 posEnd=832;6016 posCurrent=775;6016 step=4 time=18 phase=333 channel=1 icon=361 
MoveObject: type=1 stepAdvance=20 stepRecede=20 timeStopStart=20 timeStopEnd=20 posStart=576;5952 posEnd=640;5952 posCurrent=583;5952 step=4 time=18 phase=333 channel=1 icon=361 
MoveObject: type=1 stepAdvance=20 stepRecede=20 timeStopStart=20 timeStopEnd=20 posStart=768;5888 posEnd=832;5888 posCurrent=775;5888 step=4 time=18 phase=333 channel=1 icon=361 
MoveObject: type=33 stepAdvance=10 stepRecede=10 timeStopStart=23 timeStopEnd=23 posStart=896;5888 posEnd=960;5888 posCurrent=960;5888 step=3 time=18 phase=333 channel=12 icon=249 
MoveObject: type=33 stepAdvance=10 stepRecede=10 timeStopStart=23 timeStopEnd=23 posStart=896;6144 posEnd=960;6144 posCurrent=960;6144 step=3 time=18 phase=333 channel=12 icon=249 
MoveObject: type=5 stepAdvance=1 stepRecede=1 timeStopStart=0 timeStopEnd=0 posStart=898;6276 posEnd=898;6276 posCurrent=898;6276 step=1 time=0 phase=333 channel=10 icon=0 
MoveObject: type=5 stepAdvance=1 stepRecede=1 timeStopStart=0 timeStopEnd=0 posStart=898;5636 posEnd=898;5636 posCurrent=898;5636 step=1 time=0 phase=333 channel=10 icon=0 
MoveObject: type=17 stepAdvance=60 stepRecede=60 timeStopStart=47 timeStopEnd=47 posStart=640;5440 posEnd=896;5440 posCurrent=896;5440 step=3 time=6 phase=333 channel=10 icon=85 
MoveObject: type=17 stepAdvance=60 stepRecede=60 timeStopStart=47 timeStopEnd=47 posStart=896;5568 posEnd=640;5568 posCurrent=640;5568 step=3 time=6 phase=333 channel=10 icon=87 
MoveObject: type=5 stepAdvance=1 stepRecede=1 timeStopStart=0 timeStopEnd=0 posStart=642;4932 posEnd=642;4932 posCurrent=642;4932 step=1 time=0 phase=333 channel=10 icon=0 
MoveObject: type=5 stepAdvance=1 stepRecede=1 timeStopStart=0 timeStopEnd=0 posStart=898;4932 posEnd=898;4932 posCurrent=898;4932 step=1 time=0 phase=333 channel=10 icon=0 
MoveObject: type=6 stepAdvance=1 stepRecede=1 timeStopStart=0 timeStopEnd=0 posStart=642;5064 posEnd=642;5064 posCurrent=642;5064 step=1 time=0 phase=333 channel=10 icon=24 
MoveObject: type=1 stepAdvance=90 stepRecede=90 timeStopStart=3 timeStopEnd=3 posStart=1088;4864 posEnd=1088;5824 posCurrent=1088;5355 step=4 time=44 phase=333 channel=1 icon=29 
MoveObject: type=16 stepAdvance=50 stepRecede=50 timeStopStart=0 timeStopEnd=0 posStart=768;4672 posEnd=1088;4672 posCurrent=896;4672 step=2 time=20 phase=333 channel=10 icon=77 
MoveObject: type=20 stepAdvance=40 stepRecede=40 timeStopStart=8 timeStopEnd=8 posStart=1088;4416 posEnd=768;4416 posCurrent=896;4416 step=2 time=24 phase=333 channel=10 icon=98 
MoveObject: type=16 stepAdvance=60 stepRecede=60 timeStopStart=0 timeStopEnd=0 posStart=704;4160 posEnd=1088;4160 posCurrent=948;4160 step=4 time=22 phase=333 channel=10 icon=77 
MoveObject: type=30 stepAdvance=1 stepRecede=1 timeStopStart=0 timeStopEnd=0 posStart=1090;4038 posEnd=1090;4038 posCurrent=1090;4038 step=1 time=0 phase=333 channel=10 icon=178 
MoveObject: type=2 stepAdvance=1 stepRecede=1 timeStopStart=0 timeStopEnd=0 posStart=834;3972 posEnd=834;3972 posCurrent=834;3972 step=1 time=0 phase=333 channel=10 icon=16 
MoveObject: type=2 stepAdvance=1 stepRecede=1 timeStopStart=0 timeStopEnd=0 posStart=770;3908 posEnd=770;3908 posCurrent=770;3908 step=1 time=0 phase=333 channel=10 icon=16 
MoveObject: type=2 stepAdvance=1 stepRecede=1 timeStopStart=0 timeStopEnd=0 posStart=706;3844 posEnd=706;3844 posCurrent=706;3844 step=1 time=0 phase=333 channel=10 icon=16 
MoveObject: type=2 stepAdvance=1 stepRecede=1 timeStopStart=0 timeStopEnd=0 posStart=642;3780 posEnd=642;3780 posCurrent=642;3780 step=1 time=0 phase=333 channel=10 icon=16 
MoveObject: type=4 stepAdvance=90 stepRecede=90 timeStopStart=20 timeStopEnd=20 posStart=960;2880 posEnd=768;2880 posCurrent=773;2880 step=2 time=88 phase=333 channel=10 icon=66 
MoveObject: type=26 stepAdvance=1 stepRecede=1 timeStopStart=0 timeStopEnd=0 posStart=642;2888 posEnd=642;2888 posCurrent=642;2888 step=1 time=0 phase=333 channel=10 icon=142 
MoveObject: type=3 stepAdvance=1 stepRecede=1 timeStopStart=0 timeStopEnd=0 posStart=834;2496 posEnd=834;2496 posCurrent=834;2496 step=1 time=0 phase=333 channel=10 icon=52 
MoveObject: type=3 stepAdvance=1 stepRecede=1 timeStopStart=0 timeStopEnd=0 posStart=770;2496 posEnd=770;2496 posCurrent=770;2496 step=1 time=0 phase=333 channel=10 icon=52 
MoveObject: type=3 stepAdvance=1 stepRecede=1 timeStopStart=0 timeStopEnd=0 posStart=898;2496 posEnd=898;2496 posCurrent=898;2496 step=1 time=0 phase=333 channel=10 icon=52 
MoveObject: type=2 stepAdvance=1 stepRecede=1 timeStopStart=0 timeStopEnd=0 posStart=834;2692 posEnd=834;2692 posCurrent=834;2692 step=1 time=0 phase=333 channel=10 icon=16 
MoveObject: type=16 stepAdvance=20 stepRecede=20 timeStopStart=0 timeStopEnd=0 posStart=1024;2368 posEnd=896;2368 posCurrent=908;2368 step=4 time=2 phase=333 channel=10 icon=77 
MoveObject: type=16 stepAdvance=20 stepRecede=20 timeStopStart=0 timeStopEnd=0 posStart=768;2304 posEnd=896;2304 posCurrent=884;2304 step=4 time=2 phase=333 channel=10 icon=77 
MoveObject: type=16 stepAdvance=50 stepRecede=50 timeStopStart=0 timeStopEnd=0 posStart=704;2176 posEnd=1024;2176 posCurrent=832;2176 step=2 time=20 phase=333 channel=10 icon=77 
MoveObject: type=5 stepAdvance=1 stepRecede=1 timeStopStart=0 timeStopEnd=0 posStart=706;1732 posEnd=706;1732 posCurrent=706;1732 step=1 time=0 phase=333 channel=10 icon=0 
MoveObject: type=5 stepAdvance=1 stepRecede=1 timeStopStart=0 timeStopEnd=0 posStart=898;1668 posEnd=898;1668 posCurrent=898;1668 step=1 time=0 phase=333 channel=10 icon=0 
MoveObject: type=5 stepAdvance=1 stepRecede=1 timeStopStart=0 timeStopEnd=0 posStart=770;1412 posEnd=770;1412 posCurrent=770;1412 step=1 time=0 phase=333 channel=10 icon=0 
MoveObject: type=5 stepAdvance=1 stepRecede=1 timeStopStart=0 timeStopEnd=0 posStart=1026;1476 posEnd=1026;1476 posCurrent=1026;1476 step=1 time=0 phase=333 channel=10 icon=0 
MoveObject: type=13 stepAdvance=1 stepRecede=1 timeStopStart=0 timeStopEnd=0 posStart=642;1988 posEnd=642;1988 posCurrent=642;1988 step=1 time=0 phase=333 channel=10 icon=68 
MoveObject: type=13 stepAdvance=1 stepRecede=1 timeStopStart=0 timeStopEnd=0 posStart=770;1988 posEnd=770;1988 posCurrent=770;1988 step=1 time=0 phase=333 channel=10 icon=68 
MoveObject: type=13 stepAdvance=1 stepRecede=1 timeStopStart=0 timeStopEnd=0 posStart=834;1988 posEnd=834;1988 posCurrent=834;1988 step=1 time=0 phase=333 channel=10 icon=68 
MoveObject: type=13 stepAdvance=1 stepRecede=1 timeStopStart=0 timeStopEnd=0 posStart=962;1988 posEnd=962;1988 posCurrent=962;1988 step=1 time=0 phase=333 channel=10 icon=68 
MoveObject: type=13 stepAdvance=1 stepRecede=1 timeStopStart=0 timeStopEnd=0 posStart=1026;1988 posEnd=1026;1988 posCurrent=1026;1988 step=1 time=0 phase=333 channel=10 icon=68 
MoveObject: type=5 stepAdvance=1 stepRecede=1 timeStopStart=0 timeStopEnd=0 posStart=1090;772 posEnd=1090;772 posCurrent=1090;772 step=1 time=0 phase=333 channel=10 icon=0 
MoveObject: type=3 stepAdvance=1 stepRecede=1 timeStopStart=0 timeStopEnd=0 posStart=1026;512 posEnd=1026;512 posCurrent=1026;512 step=1 time=0 phase=333 channel=10 icon=52 
MoveObject: type=3 stepAdvance=1 stepRecede=1 timeStopStart=0 timeStopEnd=0 posStart=962;512 posEnd=962;512 posCurrent=962;512 step=1 time=0 phase=333 channel=10 icon=52 
MoveObject: type=5 stepAdvance=1 stepRecede=1 timeStopStart=0 timeStopEnd=0 posStart=1090;580 posEnd=1090;580 posCurrent=1090;580 step=1 time=0 phase=333 channel=10 icon=0 
MoveObject: type=13 stepAdvance=1 stepRecede=1 timeStopStart=0 timeStopEnd=0 posStart=642;1156 posEnd=642;1156 posCurrent=642;1156 step=1 time=0 phase=333 channel=10 icon=68 
MoveObject: type=13 stepAdvance=1 stepRecede=1 timeStopStart=0 timeStopEnd=0 posStart=706;1156 posEnd=706;1156 posCurrent=706;1156 step=1 time=0 phase=333 channel=10 icon=68 
MoveObject: type=13 stepAdvance=1 stepRecede=1 timeStopStart=0 timeStopEnd=0 posStart=1026;1156 posEnd=1026;1156 posCurrent=1026;1156 step=1 time=0 phase=333 channel=10 icon=68 
MoveObject: type=13 stepAdvance=1 stepRecede=1 timeStopStart=0 timeStopEnd=0 posStart=1090;1156 posEnd=1090;1156 posCurrent=1090;1156 step=1 time=0 phase=333 channel=10 icon=68 
MoveObject: type=7 stepAdvance=1 stepRecede=1 timeStopStart=0 timeStopEnd=0 posStart=1026;324 posEnd=1026;324 posCurrent=1026;324 step=1 time=0 phase=333 channel=10 icon=35 
MoveObject: type=6 stepAdvance=1 stepRecede=1 timeStopStart=0 timeStopEnd=0 posStart=706;392 posEnd=706;392 posCurrent=706;392 step=1 time=0 phase=333 channel=10 icon=24 
MoveObject: type=6 stepAdvance=1 stepRecede=1 timeStopStart=0 timeStopEnd=0 posStart=1090;6280 posEnd=1090;6280 posCurrent=1090;6280 step=1 time=0 phase=333 channel=10 icon=24 
MoveObject: type=6 stepAdvance=1 stepRecede=1 timeStopStart=0 timeStopEnd=0 posStart=642;5640 posEnd=642;5640 posCurrent=642;5640 step=1 time=0 phase=333 channel=10 icon=24 
MoveObject: type=16 stepAdvance=40 stepRecede=40 timeStopStart=0 timeStopEnd=0 posStart=896;5056 posEnd=640;5056 posCurrent=883;5056 step=4 time=38 phase=333 channel=10 icon=77 
MoveObject: type=6 stepAdvance=1 stepRecede=1 timeStopStart=0 timeStopEnd=0 posStart=1090;4552 posEnd=1090;4552 posCurrent=1090;4552 step=1 time=0 phase=333 channel=10 icon=24 
MoveObject: type=6 stepAdvance=1 stepRecede=1 timeStopStart=0 timeStopEnd=0 posStart=1090;4296 posEnd=1090;4296 posCurrent=1090;4296 step=1 time=0 phase=333 channel=10 icon=24 
MoveObject: type=6 stepAdvance=1 stepRecede=1 timeStopStart=0 timeStopEnd=0 posStart=962;392 posEnd=962;392 posCurrent=962;392 step=1 time=0 phase=333 channel=10 icon=24 
MoveObject: type=6 stepAdvance=1 stepRecede=1 timeStopStart=0 timeStopEnd=0 posStart=1090;392 posEnd=1090;392 posCurrent=1090;392 step=1 time=0 phase=333 channel=10 icon=24 
MoveObject: type=1 stepAdvance=30 stepRecede=30 timeStopStart=3 timeStopEnd=3 posStart=704;3200 posEnd=1024;3200 posCurrent=875;3200 step=4 time=14 phase=333 channel=1 icon=361 
MoveObject: type=1 stepAdvance=30 stepRecede=30 timeStopStart=3 timeStopEnd=3 posStart=1024;3072 posEnd=704;3072 posCurrent=853;3072 step=4 time=14 phase=333 channel=1 icon=361 
