DescFile: posDecor=1300;1200 dimDecor=100;100 world=0 music=2 region=19 blupiPos=1602;1478 blupiDir=1 
Decor: 
,,,,,,,,,,,,,,,,,,,,,,,,,,78,82,82,79,80,79,83,78,80,79,81,82,80,81,82,79,81,,,,,,,,,,,,,,,,,,,,,,,,,,,,303,284,301,284,284,301,284,301,301,284,301,284,284,301,301,301,284,292,288,288,288,,,,,,,,,
,,,,,,,,,,,,,,,,,,,,,,,,,,84,82,79,81,79,83,82,78,82,80,80,81,78,78,81,80,80,,,,,,,,,,,,,,,,,,,,,,,,288,288,288,288,294,301,284,301,301,301,301,284,284,301,301,284,301,301,301,284,284,284,301,301,284,292,288,,,,,,,
,,,,,,,,,,,,,262,,,,,,,,,,,,,82,82,83,82,,83,330,,253,92,91,91,91,91,91,78,78,,,,,,,,,,,,,,,,,,,,288,288,288,294,301,301,284,301,284,301,301,284,301,284,291,293,301,301,284,284,301,301,301,284,284,301,301,284,301,301,284,292,,,,,,
262,262,262,262,262,262,262,262,262,262,262,262,262,261,262,262,262,262,262,262,262,283,,,,,82,78,261,81,,,,,252,92,91,91,91,91,91,80,80,,,,,288,,,,,,,,,,,,,,303,284,301,284,301,301,301,301,284,301,284,284,284,284,291,,,293,284,284,284,284,301,301,301,284,284,284,284,284,301,284,301,292,,,,,
261,261,261,261,261,261,261,261,261,261,261,261,261,261,261,261,261,261,261,261,261,,,,,262,261,84,261,83,,,,,251,92,91,91,91,91,91,82,84,,,,294,284,292,,,,,,,,,,288,288,288,294,284,301,291,290,290,290,287,287,293,284,284,284,291,,,,286,284,301,284,301,301,295,301,284,284,301,284,284,284,301,301,301,285,,,,
261,261,261,261,261,261,261,261,261,261,261,261,261,261,261,261,261,261,261,261,261,,,,,261,261,261,261,81,,,,,252,92,91,91,91,91,91,81,80,,,294,301,284,284,285,,,,,,,,286,301,284,301,284,301,291,294,284,301,301,292,288,288,293,301,284,285,,,,,293,284,284,301,291,303,284,295,284,301,295,284,301,284,301,301,285,,,,
261,261,261,261,261,261,261,261,261,261,261,261,261,261,261,261,261,261,261,261,261,,,,109,261,261,261,261,261,,,82,78,80,84,84,82,84,84,82,78,84,,286,301,284,295,301,292,288,288,288,288,288,288,288,294,284,297,293,301,291,294,301,301,201,284,284,301,301,292,293,301,292,,,,,,287,287,287,,,287,,293,284,289,284,301,284,284,301,285,,,,
261,261,261,261,261,261,261,261,261,261,261,261,261,261,261,261,261,261,261,261,261,,,,107,261,261,261,261,261,,,83,,82,84,79,81,79,81,81,81,84,78,81,301,284,300,301,301,301,301,301,301,284,301,284,284,301,284,285,290,294,301,301,284,284,301,284,284,301,284,292,293,284,302,,,,,324,,,,,,,286,284,285,290,293,301,301,301,292,,,,
261,261,261,261,261,261,261,261,261,261,261,261,263,261,261,261,261,261,261,261,261,,,,107,261,261,261,261,78,,,84,336,81,78,84,80,81,81,84,80,82,78,79,80,284,289,284,301,284,301,284,284,301,291,290,293,284,301,289,284,284,301,301,301,284,284,301,301,301,284,284,302,290,288,,,,,,,,,,,,294,284,289,301,300,284,284,284,284,285,,,
261,261,261,261,261,261,261,261,261,261,261,261,401,261,261,261,261,261,261,261,261,,,,107,261,261,261,261,80,,,,,82,78,79,80,83,80,79,82,82,78,84,284,301,300,301,301,284,284,284,284,301,289,301,289,284,291,286,301,291,293,301,332,293,301,284,284,301,284,284,296,301,301,292,,,,,,,,,,286,284,301,296,301,292,293,301,284,297,,,,
261,261,261,261,261,261,261,261,261,261,261,263,76,263,261,261,261,261,261,261,261,,,,107,261,261,261,83,,,,,,84,78,78,84,81,79,84,83,82,81,82,301,301,292,290,290,290,293,284,291,290,303,284,292,290,288,294,301,292,286,301,302,,293,301,301,301,284,301,301,284,301,301,302,,,,,,,,,286,301,284,284,284,284,296,284,284,284,302,,,
261,261,261,261,261,261,261,261,261,261,263,,,,263,261,261,261,261,261,261,,,,107,261,261,81,84,,,,81,201,83,79,79,81,82,79,83,84,82,83,83,79,284,284,284,284,284,292,290,294,301,296,284,301,301,301,284,301,284,285,287,,,294,301,284,284,284,297,287,293,284,284,302,,,,,,,,,303,301,301,284,284,284,301,301,301,291,,,,
261,261,261,261,261,261,261,261,261,261,403,,,,,261,261,261,261,261,261,,,,107,261,261,79,83,,78,78,78,79,84,81,79,78,84,78,79,80,81,78,82,301,301,284,284,301,284,301,284,301,284,284,284,284,284,284,301,284,291,,,288,286,284,284,284,301,301,301,302,286,301,301,302,,,,,,,,,288,293,284,284,301,301,301,284,301,302,,,,
261,261,261,261,261,261,261,261,261,261,262,,,,262,261,261,261,261,261,261,,,,107,261,261,78,80,,201,201,201,201,201,201,201,201,201,201,201,201,201,201,201,290,290,290,290,290,290,290,290,290,290,290,290,290,290,287,287,287,,288,294,301,289,284,284,284,284,301,301,285,288,293,301,285,,,,,,,288,303,301,302,293,301,291,293,301,284,284,292,,,,
261,261,261,261,261,263,263,261,261,261,261,262,76,262,261,261,261,261,261,261,261,,,,107,261,261,261,78,84,81,79,79,110,84,81,80,82,84,83,79,80,78,84,301,284,301,284,301,301,284,284,301,301,284,301,284,301,301,285,,288,286,284,301,284,289,301,291,287,293,301,291,294,301,289,284,292,,,,,,294,301,292,290,288,303,284,292,303,284,301,301,301,285,,,
261,261,261,261,261,401,,261,261,261,261,261,403,261,261,261,261,261,261,261,261,,,,107,261,261,261,81,81,81,81,79,110,82,78,,,201,,83,82,84,78,78,284,284,301,301,284,284,284,284,301,284,284,301,284,284,285,294,301,289,301,291,290,294,301,302,,288,290,294,284,301,302,293,301,285,,,,3,301,301,284,284,301,300,284,284,300,301,284,301,301,285,,,
261,261,261,261,261,,,261,263,263,263,263,76,263,263,261,261,261,261,261,261,,,,107,261,261,261,84,83,78,83,81,110,79,84,,,83,,,79,84,,288,290,287,293,301,291,287,293,301,284,284,284,301,301,284,300,301,301,289,284,300,301,301,291,288,303,301,284,284,284,291,,294,301,285,,,294,301,299,301,295,284,291,303,284,291,294,284,301,284,284,285,,,
261,261,261,261,261,,,261,,,,,,,,263,261,261,261,261,261,,,,107,261,261,261,261,81,83,82,81,110,81,,,,83,82,200,80,82,286,301,284,302,294,301,285,288,303,301,301,284,301,284,291,287,286,301,284,289,301,285,287,287,294,301,296,301,291,287,287,,303,301,301,285,,303,301,284,284,291,,287,288,294,284,289,284,301,284,284,301,302,,,
261,261,261,261,261,,,261,,,,,,,,,196,186,186,186,191,187,186,187,107,261,261,261,261,84,201,201,84,110,80,,,83,83,138,,3,82,286,301,301,300,284,284,300,301,300,301,301,284,301,301,302,,3,284,291,,287,,288,286,284,284,301,291,,,,288,,293,301,285,,294,301,291,287,,288,294,284,284,284,300,301,284,301,301,301,302,,,
261,261,261,261,261,,,263,,,,,,,,,193,188,186,190,188,191,186,189,107,261,261,261,261,80,201,201,201,110,84,201,201,81,79,138,,201,,,290,287,,287,287,286,301,302,287,290,287,287,287,,,201,301,302,,288,286,301,300,284,284,291,,,288,303,301,285,,287,,286,284,284,285,288,294,284,301,291,287,290,294,284,284,284,301,284,285,,,
261,261,261,261,261,,,,,,,,,,,,194,189,190,187,186,190,188,186,107,261,261,261,78,81,201,201,201,110,83,,,84,83,138,,201,,286,284,302,,,288,,287,,303,301,285,,,,,201,287,288,294,301,300,301,289,301,291,,288,286,301,302,287,,,,288,288,293,284,300,301,301,284,291,288,294,301,284,301,284,284,301,291,,,,
261,261,261,261,261,,,,,,,,,,,,195,188,187,188,188,186,191,188,107,261,261,261,79,81,201,201,82,110,80,201,201,82,82,138,,201,,,287,,,303,301,285,,288,,287,,,288,,,201,303,301,284,333,294,284,289,301,285,294,301,302,287,,,,288,294,284,284,292,290,294,284,291,290,294,301,284,284,301,301,284,284,284,302,,,,
261,261,261,261,261,,,,,,,,,,,,193,186,186,191,187,186,190,189,107,261,261,261,84,81,82,78,78,110,81,,,79,80,138,,201,,288,288,288,,,290,288,294,284,292,288,288,294,284,292,288,201,294,301,301,301,301,331,294,301,296,284,284,292,288,288,,286,284,301,299,284,284,284,301,301,289,284,301,284,301,301,301,301,284,301,284,285,,,,
261,261,261,261,261,,,,,,,,,,,,195,187,186,186,191,187,190,192,107,261,261,261,80,79,81,,,110,82,201,201,80,84,138,,3,83,284,284,284,292,294,284,301,284,284,284,284,284,284,301,284,301,3,301,301,301,301,284,301,284,301,301,284,284,284,301,284,292,294,301,301,284,301,301,284,284,284,300,284,284,284,301,284,284,301,284,284,291,,,,,
261,261,261,261,261,262,262,262,262,262,262,262,262,262,262,76,193,188,186,187,187,191,330,,107,261,261,261,81,82,82,,,126,81,,,82,79,78,200,79,82,301,284,284,284,284,301,284,301,301,284,284,301,301,284,201,301,284,301,299,301,284,301,284,301,301,284,301,301,301,301,284,301,301,301,284,284,301,284,301,284,301,289,301,301,284,301,284,284,301,301,291,,,,,,
261,261,261,261,261,261,261,261,261,261,261,261,261,261,333,,194,190,186,186,188,187,,,107,261,261,261,,,82,,,80,80,,,79,79,81,,84,81,79,84,81,284,301,301,301,284,301,284,301,284,301,284,301,301,301,284,301,284,301,301,284,284,284,301,284,284,301,301,301,284,301,284,299,284,301,301,301,284,284,289,284,284,301,301,284,284,291,287,,,,,,,
261,261,261,261,261,261,261,261,261,261,261,261,261,261,261,76,193,189,186,189,186,186,332,,107,261,261,261,262,,82,80,201,81,84,,,83,82,81,82,79,83,79,84,81,301,284,284,301,301,284,284,284,301,284,301,284,301,301,284,284,284,301,301,301,284,301,284,284,284,284,284,284,301,301,284,301,284,301,301,301,301,284,289,301,284,284,284,291,287,,,,,,,,,
261,261,261,261,261,261,261,261,261,261,261,261,261,261,261,262,194,186,186,189,188,190,188,189,107,261,261,261,261,,84,,,80,83,,,68,78,81,78,81,78,84,81,82,215,215,215,215,215,215,215,215,215,215,215,215,215,215,215,215,215,215,215,215,215,215,215,215,215,215,215,215,215,215,215,215,215,215,215,215,215,215,215,215,215,215,215,,,,,,,,,,,
261,261,261,261,261,261,261,261,261,261,261,261,261,261,261,261,195,186,186,187,186,189,191,190,107,261,261,261,261,,,,79,84,81,,,78,83,81,82,78,82,83,81,215,215,215,215,215,215,215,215,215,215,215,215,215,215,215,215,215,215,215,215,215,215,215,215,215,215,215,215,215,215,215,215,215,215,215,215,215,215,215,215,215,215,215,215,,,,,,,,,,,
261,261,261,261,261,261,261,261,261,261,261,261,261,261,261,261,186,186,186,186,191,190,186,190,107,261,261,261,261,262,,,84,,,,80,82,79,78,82,83,78,80,82,215,215,215,215,215,215,215,215,215,215,215,215,215,215,215,215,215,215,215,215,215,215,215,215,215,215,215,215,215,215,215,215,215,215,215,215,215,,215,215,215,215,215,215,,,,,,,,,,,
261,261,261,261,261,261,261,261,261,261,261,261,261,261,261,261,186,186,186,186,186,188,188,186,107,261,261,261,261,83,201,201,201,201,201,201,201,201,81,79,82,80,83,83,215,215,215,215,215,215,215,215,215,215,215,215,215,215,215,215,215,215,215,215,215,215,215,215,215,215,215,215,215,215,215,215,215,215,215,215,215,215,215,215,215,215,215,215,215,,,,,,,,,,,
261,261,261,261,261,261,261,261,261,261,261,261,261,261,261,261,186,186,186,186,186,186,186,186,107,261,261,261,81,78,84,,,,84,,,78,78,78,84,82,82,83,215,215,215,215,215,215,215,215,215,215,215,215,215,215,215,215,215,215,215,215,215,215,215,215,215,215,215,215,215,215,215,215,215,215,215,215,215,215,215,215,215,215,215,215,215,,,,,,,,,,,
263,263,263,263,263,263,263,263,263,263,263,263,263,263,263,263,186,186,186,186,186,186,186,186,107,261,261,261,261,82,79,79,83,78,80,78,79,80,79,78,81,82,84,78,215,215,215,215,215,215,215,215,215,215,215,215,215,215,215,215,215,215,215,215,215,215,215,215,215,215,215,215,,,,,,,,,,,,,215,215,215,215,215,,,,,,,,,,,
,,,,,,,,,,,,,,,,186,186,186,186,186,186,186,186,107,261,261,261,261,78,84,79,80,78,84,80,78,82,83,215,215,215,215,215,215,215,215,215,215,215,215,215,215,215,215,215,215,215,215,215,215,215,215,215,215,215,215,215,215,215,215,215,,,,,,,,,,,,,215,215,215,215,215,,,,,,,,,,,
,,,,,,,,,,,,,,,,,,,,,,,,107,261,261,261,261,79,80,84,80,83,83,83,79,83,84,215,215,215,215,215,215,215,215,215,215,215,215,215,215,215,215,215,215,215,215,215,215,215,215,215,215,215,215,215,215,215,215,215,215,215,215,215,215,215,215,215,215,215,215,,215,215,215,215,215,,,,,,,,,,,
,,,,,,,,,,,,,,,,,,,,,,,,107,261,261,261,261,83,82,83,80,84,83,84,83,84,215,215,215,215,215,215,215,215,217,217,217,217,217,217,217,217,217,215,215,215,215,215,215,215,215,215,215,215,215,215,215,215,215,215,215,215,215,215,215,215,215,215,215,215,215,215,215,215,215,215,215,,,,,,,,,,,
,,,,,,,,,,,,,,,,,,,,,,,,107,261,261,261,261,84,82,83,83,83,81,215,215,215,215,215,215,215,215,215,215,215,217,,,,,,,,217,215,215,215,215,215,215,215,215,215,215,215,215,215,215,215,215,215,215,215,215,215,215,215,215,215,215,215,215,215,215,215,215,215,215,,,,,,,,,,,
,,,,,,,,,,,,,,,,,,,,,,,,107,261,261,261,261,,78,82,83,82,215,215,215,215,215,215,215,215,215,215,215,215,217,,,,,,,,217,215,215,215,215,215,215,215,215,215,215,215,215,215,215,215,215,215,215,215,215,215,215,215,215,215,215,215,215,215,215,215,215,215,215,,,,,,,,,,,
,,,,,,,,,,,,,,,,,,,,,,,,107,263,261,261,261,215,215,215,215,215,215,215,215,215,215,215,215,215,215,215,215,201,201,,,,,217,236,236,217,215,215,215,215,215,215,215,215,215,215,,,,,,,,,,,,,215,215,215,215,215,215,215,215,215,215,215,215,,,,,,,,,,,
,,,,,,,,,,,,,,,,,,,,,,,,107,,215,215,215,215,215,215,215,215,215,215,215,215,215,215,215,215,215,215,215,201,217,,,,,,,,217,215,215,215,215,215,215,215,215,215,,,,,,,,,,,,,,,,,,,,,,,,,,,,,,,,,,,,
,,,,,,,,,,,,,,,,,,,,,,,,107,,215,215,215,215,215,215,215,215,215,215,215,215,215,,201,,,,,201,217,,,,,,,,217,215,215,215,215,215,215,215,215,,,,,,,,,,,,,,,,,,,,,,,,,,,,,,,,,,,,,
,,,,,,,,,,,,,,,,,,,,,,,,107,,215,215,215,215,215,215,215,215,215,215,215,215,215,,201,,,,,215,217,217,217,217,217,198,217,217,217,215,215,215,215,215,215,215,,,,,,,,,,,,,,,,,,,,,,,,,,,,,,,,,,,,,,
,,,,,,,,,,,,,,,,,,,,,,,,107,,215,215,215,215,215,215,215,215,215,215,215,215,215,200,215,215,215,215,215,215,215,216,216,216,216,198,215,215,215,215,215,215,215,215,215,,,,,,,,,,,,,,,,,,,,,,,,,,,,,,,,,,,,,,,
,,,,,,,,,,,,,,,,,,,,,,,,107,,215,215,215,215,215,215,,201,,,,,201,,,215,215,215,215,215,215,216,,,,198,215,215,215,215,215,215,215,215,215,,,,,,,,,,,,,,,,,,,,,,,,,,,,,,,,,,,,,,,
,,,,,,,,,,,,,,,,,,,,,,,,107,,215,215,215,215,215,215,,201,,,,215,201,,,215,215,215,215,215,215,216,,,,216,215,215,215,215,215,215,215,215,215,,,,,,,,,,,,,,,,,,,,,,,,,,,,,,,,,,,,,,,
,,,,,,,,,,,,,,,,,,,,,,,,107,,215,215,215,215,215,215,,201,,,,,201,,,215,215,215,215,215,215,216,,,,216,215,215,215,215,215,215,215,215,215,,,,,,,,,,,,,,,,,,,,,,,,,,,,,,,,,,,,,,,
,,,,,,,,,,,,,,,,,,,,,,,,107,,215,215,215,215,215,215,200,215,215,215,215,215,215,215,215,215,215,215,215,215,215,216,216,216,216,216,215,215,215,215,215,215,215,215,215,,,,,,,,,,,,,,,,,,,,,,,,,,,,,,,,,,,,,,,
,,,,,,,,,,,,,,,,,,,,,,,,107,,215,215,215,215,215,331,,215,215,215,215,215,215,215,215,215,215,215,215,215,215,215,215,215,215,215,215,215,215,215,215,215,215,215,215,,,,,,,,,,,,,,,,,,,,,,,,,,,,,,,,,,,,,,,
,,,,,,,,,,,,,,,,,,,,,,,,108,,215,215,215,215,215,215,215,215,215,215,215,215,215,215,215,215,215,215,215,215,215,215,215,215,215,215,215,215,215,215,215,215,215,215,215,,,,,,,,,,,,,,,,,,,,,,,,,,,,,,,,,,,,,,,
,,,,,,,,,,,,,,,,,,,,,,,,,,215,215,215,215,215,215,215,215,215,215,215,215,215,215,215,215,215,215,215,215,215,215,215,215,215,215,215,215,215,215,215,215,215,215,215,,,,,,,,,,,,,,,,,,,,,,,,,,,,,,,,,,,,,,,
,,,,,,,,,,,,,,,,,,,,,,,,,,215,215,215,215,215,215,215,215,215,215,215,215,215,215,215,215,215,215,215,215,215,215,215,215,215,215,215,215,215,215,215,215,215,215,215,,,,,,,,,,,,,,,,,,,,,,,,,,,,,,,,,,,,,,,
,,,,,,,,,,,,,,,,,,,,,,,,,,215,215,215,215,215,215,215,215,215,215,215,215,215,215,215,215,215,215,215,215,215,215,215,215,215,215,215,215,215,215,215,215,215,215,215,,,,,,,,,,,,,,,,,,,,,,,,,,,,,,,,,,,,,,,
,,,,,,,,,,,,,,,,,,,,,,,,,,215,215,215,215,215,215,215,215,215,215,215,215,215,215,215,215,215,215,215,215,215,215,215,215,215,215,215,215,215,215,215,215,215,215,215,,,,,,,,,,,,,,,,,,,,,,,,,,,,,,,,,,,,,,,
,,,,,,,,,,,,,,,,,,,,,,,,,,215,215,215,215,215,215,215,215,215,215,215,215,215,215,215,215,215,215,215,215,215,215,215,215,215,215,215,215,215,215,215,215,215,215,215,,,,,,,,,,,,,,,,,,,,,,,,,,,,,,,,,,,,,,,
,,,,,,,,,,,,,,,,,,,,,,,,,,215,215,215,215,215,215,215,215,215,215,215,215,215,215,215,215,215,215,215,215,215,215,215,215,215,215,215,215,215,215,215,215,215,215,215,,,,,,,,,,,,,,,,,,,,,,,,,,,,,,,,,,,,,,,
,,,,,,,,,,,,,,,,,,,,,,,,,,215,215,215,215,215,215,215,215,215,215,215,215,215,215,215,215,215,215,215,215,215,215,215,215,215,215,215,215,215,215,215,215,215,215,215,,,,,,,,,,,,,,,,,,,,,,,,,,,,,,,,,,,,,,,
,,,,,,,,,,,,,,,,,,,,,,,,,,,,,,,,,,,,,,,,,,,,,,,,,,,,,,,,,,,,,,,,,,,,,,,,,,,,,,,,,,,,,,,,,,,,,,,,,,,
,,,,,,,,,,,,,,,,,,,,,,,,,,,,,,,,,,,,,,,,,,,,,,,,,,,,,,,,,,,,,,,,,,,,,,,,,,,,,,,,,,,,,,,,,,,,,,,,,,,
,,,,,,,,,,,,,,,,,,,,,,,,,,,,,,,,,,,,,,,,,,,,,,,,,,,,,,,,,,,,,,,,,,,,,,,,,,,,,,,,,,,,,,,,,,,,,,,,,,,
,,,,,,,,,,,,,,,,,,,,,,,,,,,,,,,,,,,,,,,,,,,,,,,,,,,,,,,,,,,,,,,,,,,,,,,,,,,,,,,,,,,,,,,,,,,,,,,,,,,
,,,,,,,,,,,,,,,,,,,,,,,,,,,,,,,,,,,,,,,,,,,,,,,,,,,,,,,,,,,,,,,,,,,,,,,,,,,,,,,,,,,,,,,,,,,,,,,,,,,
,,,,,,,,,,,,,,,,,,,,,,,,,,,,,,,,,,,,,,,,,,,,,,,,,,,,,,,,,,,,,,,,,,,,,,,,,,,,,,,,,,,,,,,,,,,,,,,,,,,
,,,,,,,,,,,,,,,,,,,,,,,,,,,,,,,,,,,,,,,,,,,,,,,,,,,,,,,,,,,,,,,,,,,,,,,,,,,,,,,,,,,,,,,,,,,,,,,,,,,
,,,,,,,,,,,,,,,,,,,,,,,,,,,,,,,,,,,,,,,,,,,,,,,,,,,,,,,,,,,,,,,,,,,,,,,,,,,,,,,,,,,,,,,,,,,,,,,,,,,
,,,,,,,,,,,,,,,,,,,,,,,,,,,,,,,,,,,,,,,,,,,,,,,,,,,,,,,,,,,,,,,,,,,,,,,,,,,,,,,,,,,,,,,,,,,,,,,,,,,
,,,,,,,,,,,,,,,,,,,,,,,,,,,,,,,,,,,,,,,,,,,,,,,,,,,,,,,,,,,,,,,,,,,,,,,,,,,,,,,,,,,,,,,,,,,,,,,,,,,
,,,,,,,,,,,,,,,,,,,,,,,,,,,,,,,,,,,,,,,,,,,,,,,,,,,,,,,,,,,,,,,,,,,,,,,,,,,,,,,,,,,,,,,,,,,,,,,,,,,
,,,,,,,,,,,,,,,,,,,,,,,,,,,,,,,,,,,,,,,,,,,,,,,,,,,,,,,,,,,,,,,,,,,,,,,,,,,,,,,,,,,,,,,,,,,,,,,,,,,
,,,,,,,,,,,,,,,,,,,,,,,,,,,,,,,,,,,,,,,,,,,,,,,,,,,,,,,,,,,,,,,,,,,,,,,,,,,,,,,,,,,,,,,,,,,,,,,,,,,
,,,,,,,,,,,,,,,,,,,,,,,,,,,,,,,,,,,,,,,,,,,,,,,,,,,,,,,,,,,,,,,,,,,,,,,,,,,,,,,,,,,,,,,,,,,,,,,,,,,
,,,,,,,,,,,,,,,,,,,,,,,,,,,,,,,,,,,,,,,,,,,,,,,,,,,,,,,,,,,,,,,,,,,,,,,,,,,,,,,,,,,,,,,,,,,,,,,,,,,
,,,,,,,,,,,,,,,,,,,,,,,,,,,,,,,,,,,,,,,,,,,,,,,,,,,,,,,,,,,,,,,,,,,,,,,,,,,,,,,,,,,,,,,,,,,,,,,,,,,
,,,,,,,,,,,,,,,,,,,,,,,,,,,,,,,,,,,,,,,,,,,,,,,,,,,,,,,,,,,,,,,,,,,,,,,,,,,,,,,,,,,,,,,,,,,,,,,,,,,
,,,,,,,,,,,,,,,,,,,,,,,,,,,,,,,,,,,,,,,,,,,,,,,,,,,,,,,,,,,,,,,,,,,,,,,,,,,,,,,,,,,,,,,,,,,,,,,,,,,
,,,,,,,,,,,,,,,,,,,,,,,,,,,,,,,,,,,,,,,,,,,,,,,,,,,,,,,,,,,,,,,,,,,,,,,,,,,,,,,,,,,,,,,,,,,,,,,,,,,
,,,,,,,,,,,,,,,,,,,,,,,,,,,,,,,,,,,,,,,,,,,,,,,,,,,,,,,,,,,,,,,,,,,,,,,,,,,,,,,,,,,,,,,,,,,,,,,,,,,
,,,,,,,,,,,,,,,,,,,,,,,,,,,,,,,,,,,,,,,,,,,,,,,,,,,,,,,,,,,,,,,,,,,,,,,,,,,,,,,,,,,,,,,,,,,,,,,,,,,
,,,,,,,,,,,,,,,,,,,,,,,,,,,,,,,,,,,,,,,,,,,,,,,,,,,,,,,,,,,,,,,,,,,,,,,,,,,,,,,,,,,,,,,,,,,,,,,,,,,
,,,,,,,,,,,,,,,,,,,,,,,,,,,,,,,,,,,,,,,,,,,,,,,,,,,,,,,,,,,,,,,,,,,,,,,,,,,,,,,,,,,,,,,,,,,,,,,,,,,
,,,,,,,,,,,,,,,,,,,,,,,,,,,,,,,,,,,,,,,,,,,,,,,,,,,,,,,,,,,,,,,,,,,,,,,,,,,,,,,,,,,,,,,,,,,,,,,,,,,
,,,,,,,,,,,,,,,,,,,,,,,,,,,,,,,,,,,,,,,,,,,,,,,,,,,,,,,,,,,,,,,,,,,,,,,,,,,,,,,,,,,,,,,,,,,,,,,,,,,
,,,,,,,,,,,,,,,,,,,,,,,,,,,,,,,,,,,,,,,,,,,,,,,,,,,,,,,,,,,,,,,,,,,,,,,,,,,,,,,,,,,,,,,,,,,,,,,,,,,
,,,,,,,,,,,,,,,,,,,,,,,,,,,,,,,,,,,,,,,,,,,,,,,,,,,,,,,,,,,,,,,,,,,,,,,,,,,,,,,,,,,,,,,,,,,,,,,,,,,
,,,,,,,,,,,,,,,,,,,,,,,,,,,,,,,,,,,,,,,,,,,,,,,,,,,,,,,,,,,,,,,,,,,,,,,,,,,,,,,,,,,,,,,,,,,,,,,,,,,
,,,,,,,,,,,,,,,,,,,,,,,,,,,,,,,,,,,,,,,,,,,,,,,,,,,,,,,,,,,,,,,,,,,,,,,,,,,,,,,,,,,,,,,,,,,,,,,,,,,
,,,,,,,,,,,,,,,,,,,,,,,,,,,,,,,,,,,,,,,,,,,,,,,,,,,,,,,,,,,,,,,,,,,,,,,,,,,,,,,,,,,,,,,,,,,,,,,,,,,
,,,,,,,,,,,,,,,,,,,,,,,,,,,,,,,,,,,,,,,,,,,,,,,,,,,,,,,,,,,,,,,,,,,,,,,,,,,,,,,,,,,,,,,,,,,,,,,,,,,
,,,,,,,,,,,,,,,,,,,,,,,,,,,,,,,,,,,,,,,,,,,,,,,,,,,,,,,,,,,,,,,,,,,,,,,,,,,,,,,,,,,,,,,,,,,,,,,,,,,
,,,,,,,,,,,,,,,,,,,,,,,,,,,,,,,,,,,,,,,,,,,,,,,,,,,,,,,,,,,,,,,,,,,,,,,,,,,,,,,,,,,,,,,,,,,,,,,,,,,
,,,,,,,,,,,,,,,,,,,,,,,,,,,,,,,,,,,,,,,,,,,,,,,,,,,,,,,,,,,,,,,,,,,,,,,,,,,,,,,,,,,,,,,,,,,,,,,,,,,
,,,,,,,,,,,,,,,,,,,,,,,,,,,,,,,,,,,,,,,,,,,,,,,,,,,,,,,,,,,,,,,,,,,,,,,,,,,,,,,,,,,,,,,,,,,,,,,,,,,
,,,,,,,,,,,,,,,,,,,,,,,,,,,,,,,,,,,,,,,,,,,,,,,,,,,,,,,,,,,,,,,,,,,,,,,,,,,,,,,,,,,,,,,,,,,,,,,,,,,
,,,,,,,,,,,,,,,,,,,,,,,,,,,,,,,,,,,,,,,,,,,,,,,,,,,,,,,,,,,,,,,,,,,,,,,,,,,,,,,,,,,,,,,,,,,,,,,,,,,
,,,,,,,,,,,,,,,,,,,,,,,,,,,,,,,,,,,,,,,,,,,,,,,,,,,,,,,,,,,,,,,,,,,,,,,,,,,,,,,,,,,,,,,,,,,,,,,,,,,
,,,,,,,,,,,,,,,,,,,,,,,,,,,,,,,,,,,,,,,,,,,,,,,,,,,,,,,,,,,,,,,,,,,,,,,,,,,,,,,,,,,,,,,,,,,,,,,,,,,
,,,,,,,,,,,,,,,,,,,,,,,,,,,,,,,,,,,,,,,,,,,,,,,,,,,,,,,,,,,,,,,,,,,,,,,,,,,,,,,,,,,,,,,,,,,,,,,,,,,
,,,,,,,,,,,,,,,,,,,,,,,,,,,,,,,,,,,,,,,,,,,,,,,,,,,,,,,,,,,,,,,,,,,,,,,,,,,,,,,,,,,,,,,,,,,,,,,,,,,
,,,,,,,,,,,,,,,,,,,,,,,,,,,,,,,,,,,,,,,,,,,,,,,,,,,,,,,,,,,,,,,,,,,,,,,,,,,,,,,,,,,,,,,,,,,,,,,,,,,
,,,,,,,,,,,,,,,,,,,,,,,,,,,,,,,,,,,,,,,,,,,,,,,,,,,,,,,,,,,,,,,,,,,,,,,,,,,,,,,,,,,,,,,,,,,,,,,,,,,
,,,,,,,,,,,,,,,,,,,,,,,,,,,,,,,,,,,,,,,,,,,,,,,,,,,,,,,,,,,,,,,,,,,,,,,,,,,,,,,,,,,,,,,,,,,,,,,,,,,
BigDecor: 
,,,,,,,,,,,,,,,,,,,,,,,,,,,,,,,,,,,,,,,,,,,,,,,,,,,,,,,,,,,,,,,,,,,,,,,,,,,,,,,,,,,,,,,,,,,,,,,,,,,
,,,,,,,,,,,,,,,,,,,,,,,,,,,,,,,,,,,,,,,,,,,,,,,,,,,,,,,,,,,,,,,,,,,,,,,,,,,,,,,,,,,,,,,,,,,,,,,,,,,
,,,,,,,,,,,,,,,,,,,,,,,,,,,,,,,,,,,,,,,,,,,,,,,,,,,,,,,,,,,,,,,,,,,,,,,,,,,,,,,,,,,,,,,,,,,,,,,,,,,
,,,,,,,,,,,,,,,,,,,,,,,,,,,,,,,,,,,,,,,,,,,,,,,,,,,,,,,,,,,,,,,,,,,,,,,,,,,,,,,,,,,,,,,,,,,,,,,,,,,
,,,,,,,,,,,,,,,,,,,,,,,,,,,,,,,,,,,,,,,,,,,,,,,,,,,,,,,,,,,,,,,,,,,,,,,,,,,,,,,,,,,,,,,,,,,,,,,,,,,
,,,,,,,,,,,,,,,,,,,,,,,,,,,,,,,,,,,,,,,,,,,,,,,,,,,,,,,,,,,,,,,,,,,,,,,,,,,,,,,,,,,,,,,,,,,,,,,,,,,
,,,,,,,,,,,,,,,,,,,,,,,,,,,,,,,,,,,,,,,,,,,,,,,,,,,,,,,,,,,,,,,,,,,,,,,,,,,,,,,,,,,,,,,,,,,,,,,,,,,
,,,,,,,,,,,,,,,,,,,,,,,,,,,,,,,,,,,,,,,,,,,,,,,,,,,,,,,,,,,,,,,,,,,,,,,,,,,,,,,,,,,,,,,,,,,,,,,,,,,
,,,,,,,,,,,,,,,,,,,,,,,,,,,,,,,,,,,,,,,,,,,,,,,,,,,,,,,,,,,,,,,,,,,,,,,,,,,,,,,,,,,,,,,,,,,,,,,,,,,
,,,,,,,,,,,,,,,,,,,,,,,,,,,,,,,,30,,,,,,,,,,,,,,,,,,,,,,,,,,,,,,,,,,,,,,,,,,,,,,,,,,,,,,,,,,,,,,,,,,,
,,,,,,,,,,,,,,,,,,,,,,,,,,,,,,,,,,,,,,,,,,,,,,,,,,,,,,,,,,,,,,,,,,,,,,,,,,,,,,,,,,,,,,,,,,,,,,,,,,,
,,,,,,,,,,,,,,,,,,,,,,,,,,,,,,,,,,,,,,,,,,,,,,,,,,,,,,,,,,,,,,,,,,,,,,,,,,,,,,,,,,,,,,,,,,,,,,,,,,,
,,,,,,,,,,,,,,,,,,,,,,,,,,,,,,,,,,,,,,,,,,,,,,,,,,,,,,,,,,,,,,,,,,,,,,,,,,,,,,,,,,,,,,,,,,,,,,,,,,,
,,,,,,,,,,,,,,,,,,,,,,,,,,,,,,,,,,,,,,,,,,,,,,,,,,,,,,,,,,,,,,,,,,,,,,,,,,,,,,,,,,,,,,,,,,,,,,,,,,,
,,,,,,,,,,,,,,,,,,,,,,,,,,,,,,,,,,,,,,,,,,,,,,,,,,,,,,,,,,,,,,,,,,,,,,,,,,,,,,,,,,,,,,,,,,,,,,,,,,,
,,,,,25,,,,,,,,,,,,,,,,,,,,,,,,,,,,,,,,,,,,,,,,,,,,,,,,,,,,,,,,,,,,,,,,,,,,,,,,,,,,,,,,,,,,,,,,,,,,,,
,,,,,87,,,,,,,,,,,,,,,,,,,,,,,,,,,,,,,,,,,,,,,,,,,,,,,,,,,,,,,,,,,,,,,,,,,,,,,,,,,,,,,,,,,,,,,,,,,,,,
,,,,,23,,,,,,,,,,,,,,,,,,,,,,,,,,,,,,,,,,,,,,,,,,,,,,,,,,,,,,,,,,,,,,,,,,,,,,,,,,,,,,,,,,,,,,,,,,,,,,
,,,,,,,,,,,,,,,,,,,,,,,,,,,,,,,,,,,,,,,,,,,,,,,,,,,,,,,,,,,,,,,,,,,,,,,,,,,,,,,,,,,,,,,,,,,,,,,,,,,
,,,,,,,,,,,,,,,,,,,,,,,,,,,,,,,,,,,,,,,,,,,,,,,,,,,,,,,,,,,,,,,,,,,,,,,,,,,,,,,,,,,,,,,,,,,,,,,,,,,
,,,,,,,,,,,,,,,,,,,,,,,,,,,,,,,,,,,,,,,,,,,,,,,,,,,,,,,,,,,,,,,,,,,,,,,,,,,,,,,,,,,,,,,,,,,,,,,,,,,
,,,,,,,,,,,,,,,,,,,,,,,,,,,,,,,,,,,,,,,,,,,,,,,,,,,,,,,,,,,,,,,,,,,,,,,,,,,,,,,,,,,,,,,,,,,,,,,,,,,
,,,,,,,,,,,,,,,,,,,,,,,,,,,,,,,,,,,,,,,,,,,,,,,,,,,,,,,,,,,,,,,,,,,,,,,,,,,,,,,,,,,,,,,,,,,,,,,,,,,
,,,,,,,,,,,,,,,,,,,,,,,,,,,,,,,,30,,,,,,,,,,,,,,,,,,,,,,,,,,,,,,,,,,,,,,,,,,,,,,,,,,,,,,,,,,,,,,,,,,,
,,,,,,,,,,,,,,,,,,,,,,,,,,,,,,,,,,,,,,,,,,,,,,,,,,,,,,,,,,,,,,,,,,,,,,,,,,,,,,,,,,,,,,,,,,,,,,,,,,,
,,,,,,,,,,,,,,,,,,,,,,,,,,,,,,,,,,,,,,,,,,,,,,,,,,,,,,,,,,,,,,,,,,,,,,,,,,,,,,,,,,,,,,,,,,,,,,,,,,,
,,,,,,,,,,,,,,,,,,,,,,,,,,,,,,,,,,,,,,,,,,,,,,,,,,,,,,,,,,,,,,,,,,,,,,,,,,,,,,,,,,,,,,,,,,,,,,,,,,,
,,,,,,,,,,,,,,,,,,,,,,,,,,,,,,,,,,,,,,,,,,,,,,,,,,,,,,,,,,,,,,,,,,,,,,,,,,,,,,,,,,,,,,,,,,,,,,,,,,,
,,,,,,,,,,,,,,,,,,,,,,,,,,,,,,,,,,,,,,,,,,,,,,,,,,,,,,,,,,,,,,,,,,,,,,,,,,,,,,,,,,,,,,,,,,,,,,,,,,,
,,,,,,,,,,,,,,,,,,,,,,,,,,,,,,,,,,,,,,,,,,,,,,,,,,,,,,,,,,,,,,,,,,,,,,,,,,,,,,,,,,,,,,,,,,,,,,,,,,,
,,,,,,,,,,,,,,,,,,,,,,,,,,,,,,,,,,,,,,,,,,,,,,,,,,,,,,,,,,,,,,,,,,,,,,,,,,,,,,,,,,,,,,,,,,,,,,,,,,,
,,,,,,,,,,,,,,,,,,,,,,,,,,,,,,,,,,,,,,,,,,,,,,,,,,,,,,,,,,,,,,,,,,,,,,,,,,,,,,,,,,,,,,,,,,,,,,,,,,,
,,,,,,,,,,,,,,,,,,,,,,,,,,,,,,,,,,,,,,,,,,,,,,,,,,,,,,,,,,,,,,,,,,,,,,,,,,,,,,,,,,,,,,,,,,,,,,,,,,,
,,,,,,,,,,,,,,,,,,,,,,,,,,,,,,,,,,,,,,,,,,,,,,,,,,,,,,,,,,,,,,,,,,,,,,,,,,,,,,,,,,,,,,,,,,,,,,,,,,,
,,,,,,,,,,,,,,,,,,,,,,,,,,,,,,,,,,,,,,,,,,,,,,,,,,,,,,,,,,,,,,,,,,,,,,,,,,,,,,,,,,,,,,,,,,,,,,,,,,,
,,,,,,,,,,,,,,,,,,,,,,,,,,,,,,,,,,,,,,,,,,,,,,,,,,,,,,,,,,,,,,,,,,,,,,,,,,,,,,,,,,,,,,,,,,,,,,,,,,,
,,,,,,,,,,,,,,,,,,,,,,,,,,,,,,,,,,,,,,,,,,,,,,,,,,,,36,,,,,,,,,,,,,,,,,,,,,,,,,,,,,,,,,,,,,,,,,,,,,,,
,,,,,,,,,,,,,,,,,,,,,,,,,,,,,,,,,,,,,,,,,,,,,,,,,,,,,,,,,,,,,,,,,,,,,,,,,,,,,,,,,,,,,,,,,,,,,,,,,,,
,,,,,,,,,,,,,,,,,,,,,,,,,,,,,,,,,,,,,,,,,,,,,,,,,,,,,,,,,,,,,,,,,,,,,,,,,,,,,,,,,,,,,,,,,,,,,,,,,,,
,,,,,,,,,,,,,,,,,,,,,,,,,,,,,,,,,,,,,,,,,,,,,,,,,,,,37,,,,,,,,,,,,,,,,,,,,,,,,,,,,,,,,,,,,,,,,,,,,,,,
,,,,,,,,,,,,,,,,,,,,,,,,,,,,,,,,,,,,,,,,,,,,,,,,,,,,,,,,,,,,,,,,,,,,,,,,,,,,,,,,,,,,,,,,,,,,,,,,,,,
,,,,,,,,,,,,,,,,,,,,,,,,,,,,,,,,,,,,,,,,,,,,,,,,,,,,,,,,,,,,,,,,,,,,,,,,,,,,,,,,,,,,,,,,,,,,,,,,,,,
,,,,,,,,,,,,,,,,,,,,,,,,,,,,,,,,,,,,,,,,,,,,,,,,,,,,,,,,,,,,,,,,,,,,,,,,,,,,,,,,,,,,,,,,,,,,,,,,,,,
,,,,,,,,,,,,,,,,,,,,,,,,,,,,,,,,,,,,,,,,,,,,,,,,,,,,,,,,,,,,,,,,,,,,,,,,,,,,,,,,,,,,,,,,,,,,,,,,,,,
,,,,,,,,,,,,,,,,,,,,,,,,,,,,,,,,,,,,,,,,,,,,,,,,,,,,,,,,,,,,,,,,,,,,,,,,,,,,,,,,,,,,,,,,,,,,,,,,,,,
,,,,,,,,,,,,,,,,,,,,,,,,,,,,,,,,,,,,,,,,,,,,,,,,,45,,,,,,,,,,,,,,,,,,,,,,,,,,,,,,,,,,,,,,,,,,,,,,,,,,
,,,,,,,,,,,,,,,,,,,,,,,,,,,,,,,,,,,,,,,,,,,,,,,,,,,,,,,,,,,,,,,,,,,,,,,,,,,,,,,,,,,,,,,,,,,,,,,,,,,
,,,,,,,,,,,,,,,,,,,,,,,,,,,,,,,,,,,,,,,,,,,,,,,,,,,,,,,,,,,,,,,,,,,,,,,,,,,,,,,,,,,,,,,,,,,,,,,,,,,
,,,,,,,,,,,,,,,,,,,,,,,,,,,,,,,,,,,,,,,,,,,,,,,,,,,,,,,,,,,,,,,,,,,,,,,,,,,,,,,,,,,,,,,,,,,,,,,,,,,
,,,,,,,,,,,,,,,,,,,,,,,,,,,,,,,,,,,,,,,,,,,,,,,,,,,,,,,,,,,,,,,,,,,,,,,,,,,,,,,,,,,,,,,,,,,,,,,,,,,
,,,,,,,,,,,,,,,,,,,,,,,,,,,,,,,,,,,,,,,,,,,,,,,,,,,,,,,,,,,,,,,,,,,,,,,,,,,,,,,,,,,,,,,,,,,,,,,,,,,
,,,,,,,,,,,,,,,,,,,,,,,,,,,,,,,,,,,,,,,,,,,,,,,,,,,,,,,,,,,,,,,,,,,,,,,,,,,,,,,,,,,,,,,,,,,,,,,,,,,
,,,,,,,,,,,,,,,,,,,,,,,,,,,,,,,,,,,,,,,,,,,,,,,,,,,,,,,,,,,,,,,,,,,,,,,,,,,,,,,,,,,,,,,,,,,,,,,,,,,
,,,,,,,,,,,,,,,,,,,,,,,,,,,,,,,,,,,,,,,,,,,,,,,,,,,,,,,,,,,,,,,,,,,,,,,,,,,,,,,,,,,,,,,,,,,,,,,,,,,
,,,,,,,,,,,,,,,,,,,,,,,,,,,,,,,,,,,,,,,,,,,,,,,,,,,,,,,,,,,,,,,,,,,,,,,,,,,,,,,,,,,,,,,,,,,,,,,,,,,
,,,,,,,,,,,,,,,,,,,,,,,,,,,,,,,,,,,,,,,,,,,,,,,,,,,,,,,,,,,,,,,,,,,,,,,,,,,,,,,,,,,,,,,,,,,,,,,,,,,
,,,,,,,,,,,,,,,,,,,,,,,,,,,,,,,,,,,,,,,,,,,,,,,,,,,,,,,,,,,,,,,,,,,,,,,,,,,,,,,,,,,,,,,,,,,,,,,,,,,
,,,,,,,,,,,,,,,,,,,,,,,,,,,,,,,,,,,,,,,,,,,,,,,,,,,,,,,,,,,,,,,,,,,,,,,,,,,,,,,,,,,,,,,,,,,,,,,,,,,
,,,,,,,,,,,,,,,,,,,,,,,,,,,,,,,,,,,,,,,,,,,,,,,,,,,,,,,,,,,,,,,,,,,,,,,,,,,,,,,,,,,,,,,,,,,,,,,,,,,
,,,,,,,,,,,,,,,,,,,,,,,,,,,,,,,,,,,,,,,,,,,,,,,,,,,,,,,,,,,,,,,,,,,,,,,,,,,,,,,,,,,,,,,,,,,,,,,,,,,
,,,,,,,,,,,,,,,,,,,,,,,,,,,,,,,,,,,,,,,,,,,,,,,,,,,,,,,,,,,,,,,,,,,,,,,,,,,,,,,,,,,,,,,,,,,,,,,,,,,
,,,,,,,,,,,,,,,,,,,,,,,,,,,,,,,,,,,,,,,,,,,,,,,,,,,,,,,,,,,,,,,,,,,,,,,,,,,,,,,,,,,,,,,,,,,,,,,,,,,
,,,,,,,,,,,,,,,,,,,,,,,,,,,,,,,,,,,,,,,,,,,,,,,,,,,,,,,,,,,,,,,,,,,,,,,,,,,,,,,,,,,,,,,,,,,,,,,,,,,
,,,,,,,,,,,,,,,,,,,,,,,,,,,,,,,,,,,,,,,,,,,,,,,,,,,,,,,,,,,,,,,,,,,,,,,,,,,,,,,,,,,,,,,,,,,,,,,,,,,
,,,,,,,,,,,,,,,,,,,,,,,,,,,,,,,,,,,,,,,,,,,,,,,,,,,,,,,,,,,,,,,,,,,,,,,,,,,,,,,,,,,,,,,,,,,,,,,,,,,
,,,,,,,,,,,,,,,,,,,,,,,,,,,,,,,,,,,,,,,,,,,,,,,,,,,,,,,,,,,,,,,,,,,,,,,,,,,,,,,,,,,,,,,,,,,,,,,,,,,
,,,,,,,,,,,,,,,,,,,,,,,,,,,,,,,,,,,,,,,,,,,,,,,,,,,,,,,,,,,,,,,,,,,,,,,,,,,,,,,,,,,,,,,,,,,,,,,,,,,
,,,,,,,,,,,,,,,,,,,,,,,,,,,,,,,,,,,,,,,,,,,,,,,,,,,,,,,,,,,,,,,,,,,,,,,,,,,,,,,,,,,,,,,,,,,,,,,,,,,
,,,,,,,,,,,,,,,,,,,,,,,,,,,,,,,,,,,,,,,,,,,,,,,,,,,,,,,,,,,,,,,,,,,,,,,,,,,,,,,,,,,,,,,,,,,,,,,,,,,
,,,,,,,,,,,,,,,,,,,,,,,,,,,,,,,,,,,,,,,,,,,,,,,,,,,,,,,,,,,,,,,,,,,,,,,,,,,,,,,,,,,,,,,,,,,,,,,,,,,
,,,,,,,,,,,,,,,,,,,,,,,,,,,,,,,,,,,,,,,,,,,,,,,,,,,,,,,,,,,,,,,,,,,,,,,,,,,,,,,,,,,,,,,,,,,,,,,,,,,
,,,,,,,,,,,,,,,,,,,,,,,,,,,,,,,,,,,,,,,,,,,,,,,,,,,,,,,,,,,,,,,,,,,,,,,,,,,,,,,,,,,,,,,,,,,,,,,,,,,
,,,,,,,,,,,,,,,,,,,,,,,,,,,,,,,,,,,,,,,,,,,,,,,,,,,,,,,,,,,,,,,,,,,,,,,,,,,,,,,,,,,,,,,,,,,,,,,,,,,
,,,,,,,,,,,,,,,,,,,,,,,,,,,,,,,,,,,,,,,,,,,,,,,,,,,,,,,,,,,,,,,,,,,,,,,,,,,,,,,,,,,,,,,,,,,,,,,,,,,
,,,,,,,,,,,,,,,,,,,,,,,,,,,,,,,,,,,,,,,,,,,,,,,,,,,,,,,,,,,,,,,,,,,,,,,,,,,,,,,,,,,,,,,,,,,,,,,,,,,
,,,,,,,,,,,,,,,,,,,,,,,,,,,,,,,,,,,,,,,,,,,,,,,,,,,,,,,,,,,,,,,,,,,,,,,,,,,,,,,,,,,,,,,,,,,,,,,,,,,
,,,,,,,,,,,,,,,,,,,,,,,,,,,,,,,,,,,,,,,,,,,,,,,,,,,,,,,,,,,,,,,,,,,,,,,,,,,,,,,,,,,,,,,,,,,,,,,,,,,
,,,,,,,,,,,,,,,,,,,,,,,,,,,,,,,,,,,,,,,,,,,,,,,,,,,,,,,,,,,,,,,,,,,,,,,,,,,,,,,,,,,,,,,,,,,,,,,,,,,
,,,,,,,,,,,,,,,,,,,,,,,,,,,,,,,,,,,,,,,,,,,,,,,,,,,,,,,,,,,,,,,,,,,,,,,,,,,,,,,,,,,,,,,,,,,,,,,,,,,
,,,,,,,,,,,,,,,,,,,,,,,,,,,,,,,,,,,,,,,,,,,,,,,,,,,,,,,,,,,,,,,,,,,,,,,,,,,,,,,,,,,,,,,,,,,,,,,,,,,
,,,,,,,,,,,,,,,,,,,,,,,,,,,,,,,,,,,,,,,,,,,,,,,,,,,,,,,,,,,,,,,,,,,,,,,,,,,,,,,,,,,,,,,,,,,,,,,,,,,
,,,,,,,,,,,,,,,,,,,,,,,,,,,,,,,,,,,,,,,,,,,,,,,,,,,,,,,,,,,,,,,,,,,,,,,,,,,,,,,,,,,,,,,,,,,,,,,,,,,
,,,,,,,,,,,,,,,,,,,,,,,,,,,,,,,,,,,,,,,,,,,,,,,,,,,,,,,,,,,,,,,,,,,,,,,,,,,,,,,,,,,,,,,,,,,,,,,,,,,
,,,,,,,,,,,,,,,,,,,,,,,,,,,,,,,,,,,,,,,,,,,,,,,,,,,,,,,,,,,,,,,,,,,,,,,,,,,,,,,,,,,,,,,,,,,,,,,,,,,
,,,,,,,,,,,,,,,,,,,,,,,,,,,,,,,,,,,,,,,,,,,,,,,,,,,,,,,,,,,,,,,,,,,,,,,,,,,,,,,,,,,,,,,,,,,,,,,,,,,
,,,,,,,,,,,,,,,,,,,,,,,,,,,,,,,,,,,,,,,,,,,,,,,,,,,,,,,,,,,,,,,,,,,,,,,,,,,,,,,,,,,,,,,,,,,,,,,,,,,
,,,,,,,,,,,,,,,,,,,,,,,,,,,,,,,,,,,,,,,,,,,,,,,,,,,,,,,,,,,,,,,,,,,,,,,,,,,,,,,,,,,,,,,,,,,,,,,,,,,
,,,,,,,,,,,,,,,,,,,,,,,,,,,,,,,,,,,,,,,,,,,,,,,,,,,,,,,,,,,,,,,,,,,,,,,,,,,,,,,,,,,,,,,,,,,,,,,,,,,
,,,,,,,,,,,,,,,,,,,,,,,,,,,,,,,,,,,,,,,,,,,,,,,,,,,,,,,,,,,,,,,,,,,,,,,,,,,,,,,,,,,,,,,,,,,,,,,,,,,
,,,,,,,,,,,,,,,,,,,,,,,,,,,,,,,,,,,,,,,,,,,,,,,,,,,,,,,,,,,,,,,,,,,,,,,,,,,,,,,,,,,,,,,,,,,,,,,,,,,
,,,,,,,,,,,,,,,,,,,,,,,,,,,,,,,,,,,,,,,,,,,,,,,,,,,,,,,,,,,,,,,,,,,,,,,,,,,,,,,,,,,,,,,,,,,,,,,,,,,
,,,,,,,,,,,,,,,,,,,,,,,,,,,,,,,,,,,,,,,,,,,,,,,,,,,,,,,,,,,,,,,,,,,,,,,,,,,,,,,,,,,,,,,,,,,,,,,,,,,
,,,,,,,,,,,,,,,,,,,,,,,,,,,,,,,,,,,,,,,,,,,,,,,,,,,,,,,,,,,,,,,,,,,,,,,,,,,,,,,,,,,,,,,,,,,,,,,,,,,
,,,,,,,,,,,,,,,,,,,,,,,,,,,,,,,,,,,,,,,,,,,,,,,,,,,,,,,,,,,,,,,,,,,,,,,,,,,,,,,,,,,,,,,,,,,,,,,,,,,
,,,,,,,,,,,,,,,,,,,,,,,,,,,,,,,,,,,,,,,,,,,,,,,,,,,,,,,,,,,,,,,,,,,,,,,,,,,,,,,,,,,,,,,,,,,,,,,,,,,
,,,,,,,,,,,,,,,,,,,,,,,,,,,,,,,,,,,,,,,,,,,,,,,,,,,,,,,,,,,,,,,,,,,,,,,,,,,,,,,,,,,,,,,,,,,,,,,,,,,
,,,,,,,,,,,,,,,,,,,,,,,,,,,,,,,,,,,,,,,,,,,,,,,,,,,,,,,,,,,,,,,,,,,,,,,,,,,,,,,,,,,,,,,,,,,,,,,,,,,
,,,,,,,,,,,,,,,,,,,,,,,,,,,,,,,,,,,,,,,,,,,,,,,,,,,,,,,,,,,,,,,,,,,,,,,,,,,,,,,,,,,,,,,,,,,,,,,,,,,
,,,,,,,,,,,,,,,,,,,,,,,,,,,,,,,,,,,,,,,,,,,,,,,,,,,,,,,,,,,,,,,,,,,,,,,,,,,,,,,,,,,,,,,,,,,,,,,,,,,
,,,,,,,,,,,,,,,,,,,,,,,,,,,,,,,,,,,,,,,,,,,,,,,,,,,,,,,,,,,,,,,,,,,,,,,,,,,,,,,,,,,,,,,,,,,,,,,,,,,
MoveObject: type=2 stepAdvance=1 stepRecede=1 timeStopStart=0 timeStopEnd=0 posStart=2754;2564 posEnd=2754;2564 posCurrent=2754;2564 step=1 time=0 phase=351 channel=10 icon=16 
MoveObject: type=2 stepAdvance=1 stepRecede=1 timeStopStart=0 timeStopEnd=0 posStart=2818;2564 posEnd=2818;2564 posCurrent=2818;2564 step=1 time=0 phase=351 channel=10 icon=16 
MoveObject: type=2 stepAdvance=1 stepRecede=1 timeStopStart=0 timeStopEnd=0 posStart=2882;2564 posEnd=2882;2564 posCurrent=2882;2564 step=1 time=0 phase=351 channel=10 icon=16 
MoveObject: type=1 stepAdvance=60 stepRecede=60 timeStopStart=10 timeStopEnd=10 posStart=2752;2176 posEnd=2752;2560 posCurrent=2752;2508 step=2 time=52 phase=351 channel=1 icon=216 
MoveObject: type=1 stepAdvance=60 stepRecede=60 timeStopStart=10 timeStopEnd=10 posStart=2816;2176 posEnd=2816;2560 posCurrent=2816;2508 step=2 time=52 phase=351 channel=1 icon=216 
MoveObject: type=1 stepAdvance=60 stepRecede=60 timeStopStart=10 timeStopEnd=10 posStart=2880;2176 posEnd=2880;2560 posCurrent=2880;2508 step=2 time=52 phase=351 channel=1 icon=216 
MoveObject: type=2 stepAdvance=1 stepRecede=1 timeStopStart=0 timeStopEnd=0 posStart=2818;2308 posEnd=2818;2308 posCurrent=2818;2308 step=1 time=0 phase=351 channel=10 icon=16 
MoveObject: type=5 stepAdvance=1 stepRecede=1 timeStopStart=0 timeStopEnd=0 posStart=2306;3396 posEnd=2306;3396 posCurrent=2306;3396 step=1 time=0 phase=351 channel=10 icon=6 
MoveObject: type=6 stepAdvance=1 stepRecede=1 timeStopStart=0 timeStopEnd=0 posStart=2562;3400 posEnd=2562;3400 posCurrent=2562;3400 step=1 time=0 phase=351 channel=10 icon=28 
MoveObject: type=26 stepAdvance=1 stepRecede=1 timeStopStart=0 timeStopEnd=0 posStart=2818;3208 posEnd=2818;3208 posCurrent=2818;3208 step=1 time=0 phase=351 channel=10 icon=143 
MoveObject: type=1 stepAdvance=180 stepRecede=180 timeStopStart=10 timeStopEnd=10 posStart=1216;3776 posEnd=1216;2624 posCurrent=1216;3571 step=4 time=148 phase=351 channel=1 icon=10 
MoveObject: type=1 stepAdvance=180 stepRecede=180 timeStopStart=10 timeStopEnd=10 posStart=1280;3776 posEnd=1280;2624 posCurrent=1280;3571 step=4 time=148 phase=351 channel=1 icon=10 
MoveObject: type=1 stepAdvance=180 stepRecede=180 timeStopStart=10 timeStopEnd=10 posStart=1344;3776 posEnd=1344;2624 posCurrent=1344;3571 step=4 time=148 phase=351 channel=1 icon=10 
MoveObject: type=1 stepAdvance=180 stepRecede=180 timeStopStart=10 timeStopEnd=10 posStart=1408;3776 posEnd=1408;2624 posCurrent=1408;3571 step=4 time=148 phase=351 channel=1 icon=10 
MoveObject: type=2 stepAdvance=1 stepRecede=1 timeStopStart=0 timeStopEnd=0 posStart=1218;2308 posEnd=1218;2308 posCurrent=1218;2308 step=1 time=0 phase=351 channel=10 icon=16 
MoveObject: type=2 stepAdvance=1 stepRecede=1 timeStopStart=0 timeStopEnd=0 posStart=1346;2308 posEnd=1346;2308 posCurrent=1346;2308 step=1 time=0 phase=351 channel=10 icon=16 
MoveObject: type=2 stepAdvance=1 stepRecede=1 timeStopStart=0 timeStopEnd=0 posStart=1474;2308 posEnd=1474;2308 posCurrent=1474;2308 step=1 time=0 phase=351 channel=10 icon=16 
MoveObject: type=3 stepAdvance=1 stepRecede=1 timeStopStart=0 timeStopEnd=0 posStart=962;2304 posEnd=962;2304 posCurrent=962;2304 step=1 time=0 phase=351 channel=10 icon=52 
MoveObject: type=6 stepAdvance=1 stepRecede=1 timeStopStart=0 timeStopEnd=0 posStart=1410;4360 posEnd=1410;4360 posCurrent=1410;4360 step=1 time=0 phase=351 channel=10 icon=28 
MoveObject: type=21 stepAdvance=1 stepRecede=1 timeStopStart=0 timeStopEnd=0 posStart=1602;1476 posEnd=1602;1476 posCurrent=1602;1476 step=1 time=0 phase=351 channel=10 icon=126 
MoveObject: type=5 stepAdvance=1 stepRecede=1 timeStopStart=0 timeStopEnd=0 posStart=1666;1860 posEnd=1666;1860 posCurrent=1666;1860 step=1 time=0 phase=351 channel=10 icon=6 
MoveObject: type=6 stepAdvance=1 stepRecede=1 timeStopStart=0 timeStopEnd=0 posStart=1154;1992 posEnd=1154;1992 posCurrent=1154;1992 step=1 time=0 phase=351 channel=10 icon=28 
MoveObject: type=6 stepAdvance=1 stepRecede=1 timeStopStart=0 timeStopEnd=0 posStart=1346;1992 posEnd=1346;1992 posCurrent=1346;1992 step=1 time=0 phase=351 channel=10 icon=28 
MoveObject: type=5 stepAdvance=1 stepRecede=1 timeStopStart=0 timeStopEnd=0 posStart=450;2116 posEnd=450;2116 posCurrent=450;2116 step=1 time=0 phase=351 channel=10 icon=6 
MoveObject: type=16 stepAdvance=20 stepRecede=20 timeStopStart=0 timeStopEnd=0 posStart=256;2112 posEnd=256;1984 posCurrent=256;2112 step=4 time=20 phase=351 channel=10 icon=77 
MoveObject: type=1 stepAdvance=36 stepRecede=36 timeStopStart=3 timeStopEnd=3 posStart=576;5120 posEnd=960;5120 posCurrent=778;5120 step=2 time=19 phase=351 channel=1 icon=29 
MoveObject: type=51 stepAdvance=1 stepRecede=1 timeStopStart=0 timeStopEnd=0 posStart=130;4932 posEnd=130;4932 posCurrent=130;4932 step=1 time=0 phase=351 channel=10 icon=225 
MoveObject: type=20 stepAdvance=48 stepRecede=48 timeStopStart=8 timeStopEnd=8 posStart=1472;704 posEnd=1088;704 posCurrent=1472;704 step=1 time=3 phase=351 channel=10 icon=109 
MoveObject: type=20 stepAdvance=48 stepRecede=48 timeStopStart=8 timeStopEnd=8 posStart=1472;512 posEnd=1088;512 posCurrent=1472;512 step=1 time=3 phase=351 channel=10 icon=109 
MoveObject: type=1 stepAdvance=48 stepRecede=48 timeStopStart=3 timeStopEnd=3 posStart=1280;960 posEnd=1280;448 posCurrent=1280;651 step=2 time=29 phase=351 channel=1 icon=262 
MoveObject: type=5 stepAdvance=1 stepRecede=1 timeStopStart=0 timeStopEnd=0 posStart=962;388 posEnd=962;388 posCurrent=962;388 step=1 time=0 phase=351 channel=10 icon=6 
MoveObject: type=5 stepAdvance=1 stepRecede=1 timeStopStart=0 timeStopEnd=0 posStart=1026;5444 posEnd=1026;5444 posCurrent=1026;5444 step=1 time=0 phase=351 channel=10 icon=6 
MoveObject: type=4 stepAdvance=210 stepRecede=210 timeStopStart=20 timeStopEnd=20 posStart=1152;2304 posEnd=1600;2304 posCurrent=1391;2304 step=4 time=98 phase=351 channel=10 icon=67 
MoveObject: type=20 stepAdvance=32 stepRecede=32 timeStopStart=8 timeStopEnd=8 posStart=1920;2240 posEnd=1920;1984 posCurrent=1920;2192 step=2 time=6 phase=351 channel=10 icon=96 
MoveObject: type=17 stepAdvance=45 stepRecede=45 timeStopStart=47 timeStopEnd=47 posStart=128;2304 posEnd=320;2432 posCurrent=231;2373 step=4 time=21 phase=351 channel=10 icon=82 
MoveObject: type=6 stepAdvance=1 stepRecede=1 timeStopStart=0 timeStopEnd=0 posStart=1602;2568 posEnd=1602;2568 posCurrent=1602;2568 step=1 time=0 phase=351 channel=10 icon=28 
MoveObject: type=40 stepAdvance=1 stepRecede=1 timeStopStart=0 timeStopEnd=0 posStart=1154;2568 posEnd=1154;2568 posCurrent=1154;2568 step=1 time=0 phase=351 channel=10 icon=192 
MoveObject: type=40 stepAdvance=1 stepRecede=1 timeStopStart=0 timeStopEnd=0 posStart=1474;2568 posEnd=1474;2568 posCurrent=1474;2568 step=1 time=0 phase=351 channel=10 icon=192 
MoveObject: type=20 stepAdvance=24 stepRecede=24 timeStopStart=8 timeStopEnd=8 posStart=1408;576 posEnd=1216;576 posCurrent=1392;576 step=2 time=2 phase=351 channel=10 icon=100 
MoveObject: type=20 stepAdvance=32 stepRecede=32 timeStopStart=8 timeStopEnd=8 posStart=1152;640 posEnd=1408;640 posCurrent=1200;640 step=2 time=6 phase=351 channel=10 icon=96 
MoveObject: type=20 stepAdvance=24 stepRecede=24 timeStopStart=8 timeStopEnd=8 posStart=1344;768 posEnd=1152;768 posCurrent=1328;768 step=2 time=2 phase=351 channel=10 icon=100 
MoveObject: type=20 stepAdvance=16 stepRecede=16 timeStopStart=8 timeStopEnd=8 posStart=1280;832 posEnd=1408;832 posCurrent=1376;832 step=4 time=4 phase=351 channel=10 icon=102 
MoveObject: type=30 stepAdvance=1 stepRecede=1 timeStopStart=0 timeStopEnd=0 posStart=770;902 posEnd=770;902 posCurrent=770;902 step=1 time=0 phase=351 channel=10 icon=178 
