DescFile: posDecor=82;1050 dimDecor=100;100 world=0 music=3 region=2 blupiPos=514;1286 blupiDir=2 
Decor: 
35,35,35,35,156,156,35,35,35,35,35,35,35,35,35,35,35,35,35,35,35,35,35,35,35,35,,,,,,,,,,,,,,,,,,,,,,,,,,,,,,,,,,,,,,,,,,,,,,,,,,,,,,,,,,,,,,,,,,,,,,,,,,
35,35,35,156,156,35,35,35,35,145,145,145,35,35,35,35,35,35,35,35,35,35,35,35,35,35,,,,,,,,,,,,,,,,,,,,,,,,,,,,,,,,,,,,,,,,,,,,,,,,,,,,,,,,,,,,,,,,,,,,,,,,,,
35,35,35,156,154,36,156,35,154,,,,36,35,35,35,35,35,35,35,35,35,35,35,35,35,,,,,,,,,,,,,,,,,,,,,,,,,,,,,,,,,,,,,,,,,,,,,,,,,,,,,,,,,,,,,,,,,,,,,,,,,,
35,35,35,37,,36,35,154,,,151,76,145,35,35,35,35,35,35,35,35,35,35,35,35,35,,,,,,,,,,,,,,,,,,,,,,,,,,,,,,,,,,,,,,,,,,,,,,,,,,,,,,,,,,,,,,,,,,,,,,,,,,
35,35,35,156,76,145,37,,,151,37,,,152,35,35,35,35,156,35,35,35,35,35,35,35,,,,,,,,,,,,,,,,,,,,,,,,,,,,,,,,,,,,,,,,,,,,,,,,,,,,,,,,,,,,,,,,,,,,,,,,,,
35,35,35,37,,,74,,151,35,35,155,,,152,145,156,156,35,35,35,35,35,35,35,35,,,,,,,,,,,,,,,,,,,,,,,,,,,,,,,,,,,,,,,,,,,,,,,,,,,,,,,,,,,,,,,,,,,,,,,,,,
35,35,35,37,,,,,36,35,35,37,,,,,152,145,35,35,145,35,35,35,35,35,,,,,,,,,,,,,,,,,,,,,,,,,,,,,,,,,,,,,,,,,,,,,,,,,,,,,,,,,,,,,,,,,,,,,,,,,,
35,35,35,37,,,,151,145,35,35,156,144,155,,,,,152,145,76,156,156,35,35,35,,,,,,,,,,,,,,,,,,,,,,,,,,,,,,,,,,,,,,,,,,,,,,,,,,,,,,,,,,,,,,,,,,,,,,,,,,
35,156,35,154,,,,74,,36,156,156,156,35,155,,,,,,,36,35,156,35,35,,,,,,,,,,,,,,,,,,,,,,,,,,,,,,,,,,,,,,,,,,,,,,,,,,,,,,,,,,,,,,,,,,,,,,,,,,
35,156,37,,,,,,,36,156,156,35,156,156,144,155,,,,,36,156,156,35,35,,,,,,,,,,,,,,,,,,,,,,,,,,,,,,,,,,,,,,,,,,,,,,,,,,,,,,,,,,,,,,,,,,,,,,,,,,
156,156,37,,,,,,,36,156,156,156,156,35,156,35,144,155,,,36,156,35,35,35,,,,,,,,,,,,,,,,,,,,,,,,,,,,,,,,,,,,,,,,,,,,,,,,,,,,,,,,,,,,,,,,,,,,,,,,,,
35,35,37,,,,,,,36,35,156,35,156,156,35,35,35,37,,,36,156,156,35,35,,,,,,,,,,,,,,,,,,,,,,,,,,,,,,,,,,,,,,,,,,,,,,,,,,,,,,,,,,,,,,,,,,,,,,,,,,
156,156,156,76,76,75,,,,36,156,156,156,156,156,35,156,35,35,155,,36,35,35,35,35,,,,,,,,,,,,,,,,,,,,,,,,,,,,,,,,,,,,,,,,,,,,,,,,,,,,,,,,,,,,,,,,,,,,,,,,,,
156,35,37,,,38,,,,36,35,156,156,35,35,156,156,35,156,35,76,35,156,35,35,35,,,,,,,,,,,,,,,,,,,,,,,,,,,,,,,,,,,,,,,,,,,,,,,,,,,,,,,,,,,,,,,,,,,,,,,,,,
35,156,35,76,76,74,,,,36,156,35,156,156,35,35,156,156,35,35,144,35,156,156,35,35,,,,,,,,,,,,,,,,,,,,,,,,,,,,,,,,,,,,,,,,,,,,,,,,,,,,,,,,,,,,,,,,,,,,,,,,,,
156,35,37,,,,,,,36,156,156,35,156,156,35,35,156,35,35,35,35,35,35,35,35,,,,,,,,,,,,,,,,,,,,,,,,,,,,,,,,,,,,,,,,,,,,,,,,,,,,,,,,,,,,,,,,,,,,,,,,,,
35,156,37,,,,,75,,36,35,156,35,35,35,35,35,35,35,35,35,35,35,35,35,35,,,,,,,,,,,,,,,,,,,,,,,,,,,,,,,,,,,,,,,,,,,,,,,,,,,,,,,,,,,,,,,,,,,,,,,,,,
35,35,35,76,76,75,,36,144,35,35,156,35,35,35,35,156,156,156,35,156,35,35,35,156,37,,,,,,,,,,,,,,,,,,,,,,,,,,,,,,,,,,,,,,,,,,,,,,,,,,,,,,,,,,,,,,,,,,,,,,,,,,
35,35,37,,,36,76,35,35,35,35,35,35,156,35,35,156,156,35,35,156,35,156,156,35,37,,,,,,,,,,,,,,,,,,,,,,,,,,,,,,,,,,,,,,,,,,,,,,,,,,,,,,,,,,,,,,,,,,,,,,,,,,
35,156,154,,,38,,36,156,35,156,35,35,35,35,156,156,156,156,156,35,156,35,35,156,37,,,,,,,,,,,,,,,,,,,,,,,,,,,,,,,,,,,,,,,,,,,,,,,,,,,,,,,,,,,,,,,,,,,,,,,,,,
35,35,76,76,144,35,422,35,35,35,35,35,156,156,35,35,156,35,156,35,156,156,156,35,35,37,,,,,,,,,,,,,,,,,,,,,,,,,,,,,,,,,,,,,,,,,,,,,,,,,,,,,,,,,,,,,,,,,,,,,,,,,,
35,37,,,36,37,,36,35,156,156,156,156,156,35,156,156,35,35,35,35,156,156,156,35,37,,,,,,,,,,,,,,,,,,,,,,,,,,,,,,,,,,,,,,,,,,,,,,,,,,,,,,,,,,,,,,,,,,,,,,,,,,
35,37,,,36,37,,36,156,35,145,145,145,145,145,145,145,145,145,145,145,145,145,145,145,149,,,,,,,,,,,,,,,,,,,,,,,,,,,,,,,,,,,,,,,,,,,,,,,,,,,,,,,,,,,,,,,,,,,,,,,,,,
35,37,,,36,35,76,35,35,154,,,,,,,,,,,,,,,,,,,,,,,,,,,,,,,,,,,,,,,,,,,,,,,,,,,,,,,,,,,,,,,,,,,,,,,,,,,,,,,,,,,,,,,,,,
35,37,,,36,37,,36,37,,,,,,,,,,,,,,,,,,,,,,,,,,,,,,,,,,,,,,,,,,,,,,,,,,,,,,,,,,,,,,,,,,,,,,,,,,,,,,,,,,,,,,,,,,,
156,156,76,76,156,37,,36,37,,,,,,,,,,,,,,,,,,,,,,,,,,,,,,,,,,,,,,,,,,,,,,,,,,,,,,,,,,,,,,,,,,,,,,,,,,,,,,,,,,,,,,,,,,,
35,35,155,,36,37,,36,37,,,,,,,,,,,,,,,,,,,,,,,,,,,,,,,,,,,,,,,,,,,,,,,,,,,,,,,,,,,,,,,,,,,,,,,,,,,,,,,,,,,,,,,,,,,
35,35,156,144,35,37,,36,35,155,,,,,,,,,,,,,,,,,,,,,,,,,,,,,,,,,,,,,,,,,,,,,,,,,,,,,,,,,,,,,,,,,,,,,,,,,,,,,,,,,,,,,,,,,,
35,156,35,35,145,156,76,156,156,35,155,,,,,,,,,,,,,,,,,,,,,,,,,,,,,,,,,,,,,,,,,,,,,,,,,,,,,,,,,,,,,,,,,,,,,,,,,,,,,,,,,,,,,,,,,
35,156,35,37,,39,,36,35,35,156,155,,,,,,,,,,,,,,,,,,,,,,,,,,,,,,,,,,,,,,,,,,,,,,,,,,,,,,,,,,,,,,,,,,,,,,,,,,,,,,,,,,,,,,,,
35,35,35,37,,,,36,35,35,35,37,,,,,,,,,,,,,,,,,,,,,,,,,,,,,,,,,,,,,,,,,,,,,,,,,,,,,,,,,,,,,,,,,,,,,,,,,,,,,,,,,,,,,,,,
35,35,35,37,,40,,36,35,35,35,37,,,,,,,,,,,,,,,,,,,,,,,,,,,,,,,,,,,,,,,,,,,,,,,,,,,,,,,,,,,,,,,,,,,,,,,,,,,,,,,,,,,,,,,,
35,156,35,156,144,37,,36,35,35,35,37,,,,,,,,,,,,,,,,,,,,,,,,,,,,,,,,,,,,,,,,,,,,,,,,,,,,,,,,,,,,,,,,,,,,,,,,,,,,,,,,,,,,,,,,
156,156,156,156,156,156,76,35,156,35,35,37,,,,,,,,,,,,,,,,,,,,,,,,,,,,,,,,,,,,,,,,,,,,,,,,,,,,,,,,,,,,,,,,,,,,,,,,,,,,,,,,,,,,,,,,
35,35,156,35,35,37,,36,35,35,156,154,,,,,,,,,,,,,,,,,,,,,,,,,,,,,,,,,,,,,,,,,,,,,,,,,,,,,,,,,,,,,,,,,,,,,,,,,,,,,,,,,,,,,,,,
35,35,156,35,35,37,,36,35,156,154,,,,,,,,,,,,,,,,,,,,,,,,,,,,,,,,,,,,,,,,,,,,,,,,,,,,,,,,,,,,,,,,,,,,,,,,,,,,,,,,,,,,,,,,,
35,35,156,156,35,37,,36,35,37,,,,,,,,,,,,,,,,,,,,,,,,,,,,,,,,,,,,,,,,,,,,,,,,,,,,,,,,,,,,,,,,,,,,,,,,,,,,,,,,,,,,,,,,,,
35,156,156,156,156,37,,36,35,37,,,,,,,,,,,,,,,,,,,,,,,,,,,,,,,,,,,,,,,,,,,,,,,,,,,,,,,,,,,,,,,,,,,,,,,,,,,,,,,,,,,,,,,,,,
156,156,35,35,35,37,,36,156,35,155,,,,,,,,,,,,,,,,,,,,,,,,,,,,,,,,,,,,,,,,,,,,,,,,,,,,,,,,,,,,,,,,,,,,,,,,,,,,,,,,,,,,,,,,,
35,156,35,35,35,145,76,145,156,35,156,155,,,,,,,,,,,,,,,,,,,,,,,,,,,,,,,,,,,,,,,,,,,,,,,,,,,,,,,,,,,,,,,,,,,,,,,,,,,,,,,,,,,,,,,,
35,35,35,35,149,,,,152,156,156,37,,,,,,,,,,,,,,,,,,,,,,,,,,,,,,,,,,,,,,,,,,,,,,,,,,,,,,,,,,,,,,,,,,,,,,,,,,,,,,,,,,,,,,,,
35,35,35,37,,,,,,36,156,37,,,,,,,,,,,,,,,,,,,,,,,,,,,,,,,,,,,,,,,,,,,,,,,,,,,,,,,,,,,,,,,,,,,,,,,,,,,,,,,,,,,,,,,,
35,35,35,37,,,230,,,36,35,37,,,,,,,,,,,,,,,,,,,,,,,,,,,,,,,,,,,,,,,,,,,,,,,,,,,,,,,,,,,,,,,,,,,,,,,,,,,,,,,,,,,,,,,,
35,35,35,37,,,230,,,36,156,37,,,,,,,,,,,,,,,,,,,,,,,,,,,,,,,,,,,,,,,,,,,,,,,,,,,,,,,,,,,,,,,,,,,,,,,,,,,,,,,,,,,,,,,,
156,35,35,37,,,,,,36,156,37,,,,,,,,,,,,,,,,,,,,,,,,,,,,,,,,,,,,,,,,,,,,,,,,,,,,,,,,,,,,,,,,,,,,,,,,,,,,,,,,,,,,,,,,
156,156,35,35,150,,,,151,35,35,37,,,,,,,,,,,,,,,,,,,,,,,,,,,,,,,,,,,,,,,,,,,,,,,,,,,,,,,,,,,,,,,,,,,,,,,,,,,,,,,,,,,,,,,,
156,156,156,35,35,144,76,144,156,35,35,154,,,,,,,,,,,,,,,,,,,,,,,,,,,,,,,,,,,,,,,,,,,,,,,,,,,,,,,,,,,,,,,,,,,,,,,,,,,,,,,,,,,,,,,,
156,156,156,35,156,156,423,156,35,156,37,,,,,,,,,,,,,,,,,,,,,,,,,,,,,,,,,,,,,,,,,,,,,,,,,,,,,,,,,,,,,,,,,,,,,,,,,,,,,,,,,,,,,,,,,
156,156,35,35,156,35,76,145,35,35,37,,,,,,,,,,,,,,,,,,,,,,,,,,,,,,,,,,,,,,,,,,,,,,,,,,,,,,,,,,,,,,,,,,,,,,,,,,,,,,,,,,,,,,,,,
35,156,35,156,156,37,,,68,36,37,,,,,,,,,,,,,,,,,,,,,,,,,,,,,,,,,,,,,,,,,,,,,,,,,,,,,,,,,,,,,,,,,,,,,,,,,,,,,,,,,,,,,,,,,
156,156,35,156,35,156,155,,36,156,37,,,,,,,,,,,,,,,,,,,,,,,,,,,,,,,,,,,,,,,,,,,,,,,,,,,,,,,,,,,,,54,,,54,,,,,,,,,,,,,,,,,,,,,,,,,
156,35,35,35,156,35,35,76,35,35,37,,,,,,,,,,,,,,,,,,,,,,,,,,,,,,,,,,,,,,,,,,,,,,,,,,,,,,,,,,,,,230,,,230,,,,,,,,,,,,,,,,,,,,,,,,,
35,35,35,156,156,156,37,,36,35,37,,,,,,,,,,,,,,,,,,,,,,,,,,,,,,,,,,,,,,,,,,,,,,,,,,,,,,,,,,,,,51,,,51,,,,,,,,,,,,,,,,,,,,,,,,,
35,35,35,35,35,35,37,,36,156,37,,,,,,,,,,,,,,,,,,,,,,,,,,,,,,,,,,,,,,,,,,,,,,,,,,75,,,147,76,150,,,,,230,230,230,230,230,230,,,,,,,,,,,,,,,,,,,,,,,,
35,35,156,156,35,35,37,,36,35,35,144,144,144,144,144,144,144,144,144,144,144,144,144,144,144,144,144,144,150,,,,,,,,,,,,,,,,,,,,,,,,,,,,,,,38,,,,,36,155,,,,230,,,,,230,,,,,,,,,,,,,,,,,,,,,,,,
35,35,156,156,35,156,145,76,35,156,35,156,35,35,35,35,156,156,35,156,35,35,156,35,156,156,35,35,156,145,148,,,,,,,,,,,,,,,,,,,,,,,,,,,,151,146,145,146,146,146,146,145,145,146,146,146,230,,,,,230,52,230,55,,,,,,,,,,,,,,,,,,,,,
35,35,35,156,156,37,,,36,35,156,35,156,156,35,156,35,156,156,35,35,156,35,35,156,156,35,156,37,,,,,,,,,,,,,,,,,,,,,,,,,,,,,,38,,,,,,,,,,,,51,,,230,52,230,,,,,,,,,,,,,,,,,,,,,,,,
35,35,156,35,156,37,,,36,35,35,35,35,35,156,156,156,156,156,156,35,35,35,35,156,156,35,156,37,,,,,,,,,,,,,,,,,,,,,,,,,,,,,,36,76,144,146,146,146,146,146,144,146,146,146,230,,,,,230,52,230,55,,,,,,,,,,,,,,,,,,,,,
35,35,35,156,35,37,,,36,156,156,156,35,35,35,35,35,35,35,35,35,35,35,35,35,35,35,35,37,,,,,,,,,,,,,,,,,,,,,,,,,,,,,,38,,38,,,,,,74,,,,230,,,,,230,,,,,,,,,,,,,,,,,,,,,,,,
35,35,35,35,156,156,144,76,35,35,156,156,35,35,35,35,35,35,35,35,35,35,35,35,35,35,35,35,37,,,,,,,,,,,,,,,,,,,,,,,,,,,,147,76,37,,38,,,,,,,,,,230,230,230,230,230,230,,,,,,,,,,,,,,,,,,,,,,,,
35,156,156,156,156,35,37,,36,156,35,35,35,35,35,35,35,35,35,35,35,35,35,35,35,35,35,35,37,,,,,,,,,,,,,,,,,,,,,,,,,,,,,,36,76,145,146,150,,,,,,,,,51,,,51,,,,,,,,,,,,,,,,,,,,,,,,,
35,156,35,156,35,35,37,,36,35,35,156,35,35,35,35,35,35,35,35,145,156,35,35,156,35,35,35,37,,,,,,,,,,,,,,,,,,,,,,,,,,,,,,38,,,,36,76,148,,,,,,,230,,,230,,,,,,,,,,,,,,,,,,,,,,,,,
35,156,156,156,35,156,145,76,145,156,35,35,35,145,145,145,35,35,156,35,76,145,145,35,156,156,35,35,37,,,,,,,,,,,,,,,,,,,,,,,,75,,,,,,152,155,,,38,,,,,,,,,53,,,53,,,,,,,,,,,,,,,,,,,,,,,,,
35,156,156,35,156,149,,,,152,145,35,37,,,,36,35,145,154,,,,68,156,156,35,35,37,,,,,,,,,,,,,,,,,,,,,,,151,145,146,150,,,,,38,,,38,,,,,,,,,,,,,,,,,,,,,,,,,,,,,,,,,,,,,
35,35,156,156,149,,,,,,,152,145,424,150,,152,154,,,,,,68,156,35,35,35,37,,,,,,,,,,,,,,,,,,,,147,76,144,154,,,38,,,,,38,,,38,,,,,,,,,,,,,,,,,,,,,,,,,,,,,,,,,,,,,
35,156,35,37,,,,230,,,,,,,38,,,,,,,45,,68,156,156,35,35,37,,,,75,,,,75,,,,,,,,,,,,,,38,,,,152,155,,,,38,,,152,150,,,,,,,,,,,,,,,,,,,,,,,,,,,,,,,,,,,,
35,156,35,35,150,,,,,,,,151,144,35,144,144,155,,,,,,68,156,156,35,35,37,,147,76,156,144,146,146,145,146,155,,,,,147,76,155,,75,,,38,,,,,152,155,,,38,,,,38,,75,,,,,,,,,,,,,,,,,,,,,,,,,,,,,,,,,,
35,35,156,156,35,150,,,,151,144,144,156,35,35,156,35,37,,,,,46,68,156,156,35,35,37,,,,36,154,,,,,38,,75,,,,,36,146,145,146,146,154,,75,,,,38,,,38,,,,36,76,37,,,,,,,,,,,,,,,,,,,,,,,,,,,,,,,,,,
35,35,35,35,156,156,144,76,144,156,35,35,156,156,35,35,156,37,,,,,,68,35,35,35,35,37,,,151,154,,,,,,152,144,145,146,146,144,144,154,,,,,,,38,,,,38,,,38,,,,38,,74,,,,,,,,,,,,,,,,,,,,,,,,,,,,,,,,,,
156,35,35,35,156,35,35,144,156,35,35,35,156,35,156,156,35,37,,,,47,,68,156,156,35,35,37,,,38,,,151,146,155,,,74,,,,152,37,,,,,,,,36,155,,,152,144,144,154,,,151,149,,,,,,,,,,,,,,,,,,,,,,,,,,,,,,,,,,,,
156,35,35,35,156,156,35,35,35,35,35,35,35,35,35,35,156,37,,,,,,68,156,156,35,35,37,,151,154,,151,154,,36,155,,,,75,,,38,,,151,146,146,146,146,156,37,,,,36,154,,,,38,,,,,,,,,,,,,,,,,,,,,,,,,,,,,,,,,,,,,
156,35,35,35,35,35,35,35,35,35,35,35,35,156,35,156,156,37,,,,,,68,156,156,156,35,156,144,154,,,38,,,152,35,146,146,146,145,155,,74,,,38,,,,,152,37,,,,38,,,,,38,,,,,,,,,,,,,,,,,,,,,,,,,,,,,,,,,,,,,
156,35,35,156,35,35,35,35,35,35,35,35,35,35,35,35,156,37,,,,,,68,156,156,156,35,156,154,,,,38,,,,74,,,,,38,,,,151,156,76,148,,,,152,155,,,38,,,,,38,,,,,,,,,,,,,,,,,,,,,,,,,,,,,,,,,,,,,
35,35,156,156,35,156,35,35,156,35,156,156,35,35,35,156,35,37,,,,46,,68,156,156,156,35,37,,,151,144,37,,,,,,,147,76,35,155,,,36,37,,,,,,,38,,,74,,,151,146,149,,,,,,,,,,,,,,,,,,,,,,,,,,,,,,,,,,,,,
35,156,35,35,35,156,156,156,156,35,35,35,35,35,35,156,156,37,,,,,,68,156,156,35,35,37,,,36,35,37,,,,,,,,,152,145,146,146,35,154,,,,,,,36,155,,,,,38,,,,,,,,,,,,,,,,,,,,,,,,,,,,,,,,,,,,,,,
156,156,35,156,156,156,35,35,156,35,156,35,35,35,35,35,35,37,,,,,,68,156,156,35,35,37,,151,156,156,37,,,,,,,,,,,,,38,,,,,,,,36,156,146,146,144,146,145,76,148,,,,,,,,,,,,,,,,,,,,,,,,,,,,,,,,,,,,,
35,156,35,35,35,35,156,156,35,35,35,156,35,35,35,35,35,37,,,,47,,68,35,156,35,35,37,,36,156,156,37,,,,,,,,,,,147,76,74,,,,,,147,76,145,149,,,39,,,,,,,,,,,,,,,,,,,,,,,,,,,,,,,,,,,,,,,,,
156,156,156,35,35,35,156,156,35,156,156,35,35,35,35,35,35,37,,,,,,68,156,156,35,35,37,,36,35,156,37,,,,,,,,,,,,,,,,,,,,,,,,,,,,,,,,,,,,,,,,,,,,,,,,,,,,,,,,,,,,,,,,,,
35,35,156,156,35,35,35,156,156,156,156,35,156,35,35,35,35,37,,,,45,,68,156,156,35,35,37,,36,156,156,37,,,,,,,,,,,,,,,,,,,,,,,,,,,,,,,,,,,,,,,,,,,,,,,,,,,,,,,,,,,,,,,,,,
156,35,156,35,35,35,35,35,156,35,156,156,35,35,35,35,35,156,144,155,,41,,68,156,156,35,35,37,,36,156,156,37,,,,,,,,,,,,,,,,,,,,,,,,,,,,,,,,,,,,,,,,,,,,,,,,,,,,,,,,,,,,,,,,,,
35,35,35,35,35,35,35,35,35,35,35,35,35,35,35,35,156,156,156,35,76,145,144,35,156,35,156,145,145,76,35,156,156,37,,,,,,,,,,,,,,,,,,,,,,,,,,,,,,,,,,,,,,,,,,,,,,,,,,,,,,,,,,,,,,,,,,
35,35,35,35,156,35,35,35,35,35,35,35,35,35,35,35,156,35,35,37,,,36,156,156,156,154,,,,36,156,156,37,,,,,,,,,,,,,,,,,,,,,,,,,,,,,,,,,,,,,,,,,,,,,,,,,,,,,,,,,,,,,,,,,,
156,35,35,35,35,35,35,35,35,35,35,35,35,35,35,35,156,145,156,154,,,152,35,35,37,,,,,36,156,35,37,,,,,,,,,,,,,,,,,,,,,,,,,,,,,,,,,,,,,,,,,,,,,,,,,,,,,,,,,,,,,,,,,,
35,156,156,145,35,35,156,35,156,35,156,35,35,35,156,156,156,76,154,,,,,36,35,37,,,230,76,156,35,156,37,,,,,,,,,,,,,,,,,,,,,,,,,,,,,,,,,,,,,,,,,,,,,,,,,,,,,,,,,,,,,,,,,,
35,156,145,76,156,156,35,35,35,156,35,156,35,35,35,35,154,,,,,,,36,156,37,,,,,36,35,35,156,144,144,144,144,144,144,150,,,,,,,,,,,,,,,,,,,,,,,,,,,,,,,,,,,,,,,,,,,,,,,,,,,,,,,,,,,
35,149,,,201,145,145,145,145,145,145,145,145,145,145,154,,,,,,75,,36,156,35,155,,,,36,156,35,156,35,35,156,156,156,35,37,,,,,,,,,,,,,,,,,,,,,,,,,,,,,,,,,,,,,,,,,,,,,,,,,,,,,,,,,,,
37,,,,201,,,,,,,,,,,,,,76,144,76,156,76,156,156,156,156,144,76,144,35,35,35,156,35,35,35,35,35,156,37,,,,,,,,,,,,,,,,,,,,,,,,,,,,,,,,,,,,,,,,,,,,,,,,,,,,,,,,,,,
35,150,,,201,144,144,144,144,144,144,144,144,144,144,155,,,76,145,76,35,76,156,156,35,156,156,426,35,35,156,156,35,35,35,35,156,156,156,37,,,,,,,,,,,,,,,,,,,,,,,,,,,,,,,,,,,,,,,,,,,,,,,,,,,,,,,,,,,
156,156,144,76,156,35,156,156,156,156,35,35,35,156,156,35,155,,,,,74,,36,35,156,35,145,76,145,35,35,35,35,156,156,35,156,35,156,37,,,,,,,,,,,,,,,,,,,,,,,,,,,,,,,,,,,,,,,,,,,,,,,,,,,,,,,,,,,
156,156,156,144,35,35,156,156,35,35,35,35,156,35,35,35,37,,,,,,,36,156,156,154,,,,36,35,156,35,35,35,156,156,35,35,37,,,,,,,,,,,,,,,,,,,,,,,,,,,,,,,,,,,,,,,,,,,,,,,,,,,,,,,,,,,
35,35,35,156,156,156,156,35,156,35,35,156,156,156,35,156,35,155,,,,,151,156,156,37,,,,,36,35,35,35,156,156,156,35,35,35,37,,,,,,,,,,,,,,,,,,,,,,,,,,,,,,,,,,,,,,,,,,,,,,,,,,,,,,,,,,,
35,156,35,35,35,35,35,35,35,35,35,35,35,35,35,35,35,35,144,76,144,76,156,156,35,37,,,230,76,35,156,35,35,35,35,35,35,35,35,37,,,,,,,,,,,,,,,,,,,,,,,,,,,,,,,,,,,,,,,,,,,,,,,,,,,,,,,,,,,
35,35,35,35,35,35,35,35,35,35,35,35,35,35,35,35,35,35,35,144,37,,36,35,35,37,,,,,36,156,35,35,156,35,35,35,35,35,37,,,,,,,,,,,,,,,,,,,,,,,,,,,,,,,,,,,,,,,,,,,,,,,,,,,,,,,,,,,
156,35,35,156,35,35,156,156,35,35,156,35,35,35,35,35,35,35,35,35,35,76,156,156,156,35,155,,,,36,35,156,156,35,156,156,35,35,35,37,,,,,,,,,,,,,,,,,,,,,,,,,,,,,,,,,,,,,,,,,,,,,,,,,,,,,,,,,,,
35,35,156,156,156,35,156,35,35,35,35,156,156,35,35,35,35,35,145,145,154,,152,145,145,145,145,146,76,144,156,35,156,156,156,156,156,35,35,35,37,,,,,,,,,,,,,,,,,,,,,,,,,,,,,,,,,,,,,,,,,,,,,,,,,,,,,,,,,,,
35,35,156,156,35,156,35,35,35,156,156,35,35,35,35,35,35,37,,,,,,,,,,,,36,35,156,35,156,35,156,156,35,35,35,37,,,,,,,,,,,,,,,,,,,,,,,,,,,,,,,,,,,,,,,,,,,,,,,,,,,,,,,,,,,
35,156,156,156,35,156,35,156,35,35,35,156,156,35,35,35,156,156,76,146,146,144,146,146,146,144,146,146,76,156,156,35,156,156,35,156,156,35,35,35,37,,,,,,,,,,,,,,,,,,,,,,,,,,,,,,,,,,,,,,,,,,,,,,,,,,,,,,,,,,,
145,145,156,35,156,156,35,35,156,156,35,35,35,35,35,35,35,37,,,,74,,,,74,,,,36,156,35,35,35,35,35,156,156,35,35,37,,,,,,,,,,,,,,,,,,,,,,,,,,,,,,,,,,,,,,,,,,,,,,,,,,,,,,,,,,,
,,36,156,156,156,156,156,156,156,156,35,156,35,35,35,35,156,155,,,,,75,,,,75,,36,35,35,156,156,156,35,35,35,35,35,37,,,,,,,,,,,,,,,,,,,,,,,,,,,,,,,,,,,,,,,,,,,,,,,,,,,,,,,,,,,
,,36,156,156,35,35,35,35,156,156,35,35,35,35,35,35,35,156,144,144,144,144,156,144,144,144,156,144,156,35,35,156,156,35,35,35,35,35,35,37,,,,,,,,,,,,,,,,,,,,,,,,,,,,,,,,,,,,,,,,,,,,,,,,,,,,,,,,,,,
BigDecor: 
,,,,,,,,,,,,,,,,,,,,,,,,,,,,,,,,,,,,,,,,,,,,,,,,,,,,,,,,,,,,,,,,,,,,,,,,,,,,,,,,,,,,,,,,,,,,,,,,,,,
,,,,,,,,,,,,,,,,,,,,,,,,,,,,,,,,,,,,,,,,,,,,,,,,,,,,,,,,,,,,,,,,,,,,,,,,,,,,,,,,,,,,,,,,,,,,,,,,,,,
,,,,,,,,,,,,,,,,,,,,,,,,,,,,,,,,,,,,,,,,,,,,,,,,,,,,,,,,,,,,,,,,,,,,,,,,,,,,,,,,,,,,,,,,,,,,,,,,,,,
,,,,,,,,,,,,,,,,,,,,,,,,,,,,,,,,,,,,,,,,,,,,,,,,,,,,,,,,,,,,,,,,,,,,,,,,,,,,,,,,,,,,,,,,,,,,,,,,,,,
,,,,,,,,,,,,,,,,,,,,,,,,,,,,,,,,,,,,,,,,,,,,,,,,,,,,,,,,,,,,,,,,,,,,,,,,,,,,,,,,,,,,,,,,,,,,,,,,,,,
,,,,,,,,,,,,,,,,,,,,,,,,,,,,,,,,,,,,,,,,,,,,,,,,,,,,,,,,,,,,,,,,,,,,,,,,,,,,,,,,,,,,,,,,,,,,,,,,,,,
,,,,,,,,,,,,,,,,,,,,,,,,,,,,,,,,,,,,,,,,,,,,,,,,,,,,,,,,,,,,,,,,,,,,,,,,,,,,,,,,,,,,,,,,,,,,,,,,,,,
,,,,,,,,,,,,,,,,,,,,,,,,,,,,,,,,,,,,,,,,,,,,,,,,,,,,,,,,,,,,,,,,,,,,,,,,,,,,,,,,,,,,,,,,,,,,,,,,,,,
,,,,,,,,,,,,,,,,,,,,,,,,,,,,,,,,,,,,,,,,,,,,,,,,,,,,,,,,,,,,,,,,,,,,,,,,,,,,,,,,,,,,,,,,,,,,,,,,,,,
,,,,,,,,,,,,,,,,,,,,,,,,,,,,,,,,,,,,,,,,,,,,,,,,,,,,,,,,,,,,,,,,,,,,,,,,,,,,,,,,,,,,,,,,,,,,,,,,,,,
,,,,,,,,,,,,,,,,,,,,,,,,,,,,,,,,,,,,,,,,,,,,,,,,,,,,,,,,,,,,,,,,,,,,,,,,,,,,,,,,,,,,,,,,,,,,,,,,,,,
,,,,,,,,,,,,,,,,,,,,,,,,,,,,,,,,,,,,,,,,,,,,,,,,,,,,,,,,,,,,,,,,,,,,,,,,,,,,,,,,,,,,,,,,,,,,,,,,,,,
,,,,,,,,,,,,,,,,,,,,,,,,,,,,,,,,,,,,,,,,,,,,,,,,,,,,,,,,,,,,,,,,,,,,,,,,,,,,,,,,,,,,,,,,,,,,,,,,,,,
,,,,,,,,,,,,,,,,,,,,,,,,,,,,,,,,,,,,,,,,,,,,,,,,,,,,,,,,,,,,,,,,,,,,,,,,,,,,,,,,,,,,,,,,,,,,,,,,,,,
,,,,,,,,,,,,,,,,,,,,,,,,,,,,,,,,,,,,,,,,,,,,,,,,,,,,,,,,,,,,,,,,,,,,,,,,,,,,,,,,,,,,,,,,,,,,,,,,,,,
,,,,,,,,,,,,,,,,,,,,,,,,,,,,,,,,,,,,,,,,,,,,,,,,,,,,,,,,,,,,,,,,,,,,,,,,,,,,,,,,,,,,,,,,,,,,,,,,,,,
,,,,,,,,,,,,,,,,,,,,,,,,,,,,,,,,,,,,,,,,,,,,,,,,,,,,,,,,,,,,,,,,,,,,,,,,,,,,,,,,,,,,,,,,,,,,,,,,,,,
,,,,,,,,,,,,,,,,,,,,,,,,,,,,,,,,,,,,,,,,,,,,,,,,,,,,,,,,,,,,,,,,,,,,,,,,,,,,,,,,,,,,,,,,,,,,,,,,,,,
,,,25,,,,,,,,,,,,,,,,,,,,,,,,,,,,,,,,,,,,,,,,,,,,,,,,,,,,,,,,,,,,,,,,,,,,,,,,,,,,,,,,,,,,,,,,,,,,,,,,
,,,,,,,,,,,,,,,,,,,,,,,,,,,,,,,,,,,,,,,,,,,,,,,,,,,,,,,,,,,,,,,,,,,,,,,,,,,,,,,,,,,,,,,,,,,,,,,,,,,
,,24,,,,,,,,,,,,,,,,,,,,,,,,,,,,,,,,,,,,,,,,,,,,,,,,,,,,,,,,,,,,,,,,,,,,,,,,,,,,,,,,,,,,,,,,,,,,,,,,,
,,,,,,,,,,,,,,,,,,,,,,,,,,,,,,,,,,,,,,,,,,,,,,,,,,,,,,,,,,,,,,,,,,,,,,,,,,,,,,,,,,,,,,,,,,,,,,,,,,,
,,23,,,,,,,,,,,,,,,,,,,,,,,,,,,,,,,,,,,,,,,,,,,,,,,,,,,,,,,,,,,,,,,,,,,,,,,,,,,,,,,,,,,,,,,,,,,,,,,,,
,,,,,,,,,,,,,,,,,,,,,,,,,,,,,,,,,,,,,,,,,,,,,,,,,,,,,,,,,,,,,,,,,,,,,,,,,,,,,,,,,,,,,,,,,,,,,,,,,,,
,,25,,,,,,,,,,,,,,,,,,,,,,,,,,,,,,,,,,,,,,,,,,,,,,,,,,,,,,,,,,,,,,,,,,,,,,,,,,,,,,,,,,,,,,,,,,,,,,,,,
,,,,,,,,,,,,,,,,,,,,,,,,,,,,,,,,,,,,,,,,,,,,,,,,,,,,,,,,,,,,,,,,,,,,,,,,,,,,,,,,,,,,,,,,,,,,,,,,,,,
,,23,,,,,,,,,,,,,,,,,,,,,,,,,,,,,,,,,,,,,,,,,,,,,,,,,,,,,,,,,,,,,,,,,,,,,,,,,,,,,,,,,,,,,,,,,,,,,,,,,
,,,,,,,,,,,,,,,,,,,,,,,,,,,,,,,,,,,,,,,,,,,,,,,,,,,,,,,,,,,,,,,,,,,,,,,,,,,,,,,,,,,,,,,,,,,,,,,,,,,
,,,,,,,,,,,,,,,,,,,,,,,,,,,,,,,,,,,,,,,,,,,,,,,,,,,,,,,,,,,,,,,,,,,,,,,,,,,,,,,,,,,,,,,,,,,,,,,,,,,
,,,,,,,,,,,,,,,,,,,,,,,,,,,,,,,,,,,,,,,,,,,,,,,,,,,,,,,,,,,,,,,,,,,,,,,,,,,,,,,,,,,,,,,,,,,,,,,,,,,
,,,,,,,,,,,,,,,,,,,,,,,,,,,,,,,,,,,,,,,,,,,,,,,,,,,,,,,,,,,,,,,,,,,,,,,,,,,,,,,,,,,,,,,,,,,,,,,,,,,
,,,,,,,,,,,,,,,,,,,,,,,,,,,,,,,,,,,,,,,,,,,,,,,,,,,,,,,,,,,,,,,,,,,,,,,,,,,,,,,,,,,,,,,,,,,,,,,,,,,
,,,,,,,,,,,,,,,,,,,,,,,,,,,,,,,,,,,,,,,,,,,,,,,,,,,,,,,,,,,,,,,,,,,,,,,,,,,,,,,,,,,,,,,,,,,,,,,,,,,
,,,,,,,,,,,,,,,,,,,,,,,,,,,,,,,,,,,,,,,,,,,,,,,,,,,,,,,,,,,,,,,,,,,,,,,,,,,,,,,,,,,,,,,,,,,,,,,,,,,
,,,,,,,,,,,,,,,,,,,,,,,,,,,,,,,,,,,,,,,,,,,,,,,,,,,,,,,,,,,,,,,,,,,,,,,,,,,,,,,,,,,,,,,,,,,,,,,,,,,
,,,,,,,,,,,,,,,,,,,,,,,,,,,,,,,,,,,,,,,,,,,,,,,,,,,,,,,,,,,,,,,,,,,,,,,,,,,,,,,,,,,,,,,,,,,,,,,,,,,
,,,,,,,,,,,,,,,,,,,,,,,,,,,,,,,,,,,,,,,,,,,,,,,,,,,,,,,,,,,,,,,,,,,,,,,,,,,,,,,,,,,,,,,,,,,,,,,,,,,
,,,,,,,,,,,,,,,,,,,,,,,,,,,,,,,,,,,,,,,,,,,,,,,,,,,,,,,,,,,,,,,,,,,,,,,,,,,,,,,,,,,,,,,,,,,,,,,,,,,
,,,,,,,,,,,,,,,,,,,,,,,,,,,,,,,,,,,,,,,,,,,,,,,,,,,,,,,,,,,,,,,,,,,,,,,,,,,,,,,,,,,,,,,,,,,,,,,,,,,
,,,,,,,,,,,,,,,,,,,,,,,,,,,,,,,,,,,,,,,,,,,,,,,,,,,,,,,,,,,,,,,,,,,,,,,,,,,,,,,,,,,,,,,,,,,,,,,,,,,
,,,,,,,,,,,,,,,,,,,,,,,,,,,,,,,,,,,,,,,,,,,,,,,,,,,,,,,,,,,,,,,,,,,,,,,,,,,,,,,,,,,,,,,,,,,,,,,,,,,
,,,,,,,,,,,,,,,,,,,,,,,,,,,,,,,,,,,,,,,,,,,,,,,,,,,,,,,,,,,,,,,,,,,,,,,,,,,,,,,,,,,,,,,,,,,,,,,,,,,
,,,,24,,,87,,,,,,,,,,,,,,,,,,,,,,,,,,,,,,,,,,,,,,,,,,,,,,,,,,,,,,,,,,,,,,,,,,,,,,,,,,,,,,,,,,,,,,,,,,,,
,,,,,,,,,,,,,,,,,,,,,,,,,,,,,,,,,,,,,,,,,,,,,,,,,,,,,,,,,,,,,,,,,,,,,,,,,,,,,,,,,,,,,,,,,,,,,,,,,,,
,,,,,,,,,,,,,,,,,,,,,,,,,,,,,,,,,,,,,,,,,,,,,,,,,,,,,,,,,,,,,,,,,,,,,,,,,,,,,,,,,,,,,,,,,,,,,,,,,,,
,,,,,,,,,,,,,,,,,,,,,,,,,,,,,,,,,,,,,,,,,,,,,,,,,,,,,,,,,,,,,,,,,,,,,,,,,,,,,,,,,,,,,,,,,,,,,,,,,,,
,,,,,,,,,,,,,,,,,,,,,,,,,,,,,,,,,,,,,,,,,,,,,,,,,,,,,,,,,,,,,,,,,,,,,,,,,,,,,,,,,,,,,,,,,,,,,,,,,,,
,,,,,,,,,,,,,,,,,,,,,,,,,,,,,,,,,,,,,,,,,,,,,,,,,,,,,,,,,,,,,,,,,,,,,,,,,,,,,,,,,,,,,,,,,,,,,,,,,,,
,,,,,,,,,,,,,,,,,,,,,,,,,,,,,,,,,,,,,,,,,,,,,,,,,,,,,,,,,,,,,,,,,,,,,,,,,,,,,,,,,,,,,,,,,,,,,,,,,,,
,,,,,,,,,,,,,,,,,,,,,,,,,,,,,,,,,,,,,,,,,,,,,,,,,,,,,,,,,,,,,,,,,,,,,,,,,,,,,,,,,,,,,,,,,,,,,,,,,,,
,,,,,,,,,,,,,,,,,,,,,,,,,,,,,,,,,,,,,,,,,,,,,,,,,,,,,,,,,,,,,,,,,,,,,,,,,,,,,,,,,,,,,,,,,,,,,,,,,,,
,,,,,,,,,,,,,,,,,,,,,,,,,,,,,,,,,,,,,,,,,,,,,,,,,,,,,,,,,,,,,,,,,,,,,,,,,,,,,,,,,,,,,,,,,,,,,,,,,,,
,,,,,,,,,,,,,,,,,,,,,,,,,,,,,,,,,,,,,,,,,,,,,,,,,,,,,,,,,,,,,,,,,,,,,,,,,,,,,,,,,,,,,,,,,,,,,,,,,,,
,,,,,,,,,,,,,,,,,,,,,,,,,,,,,,,,,,,,,,,,,,,,,,,,,,,,,,,,,,,,,,,,,,,,,,,,,,,,,,,,,,,,,,,,,,,,,,,,,,,
,,,,,,,,,,,,,,,,,,,,,,,,,,,,,,,,,,,,,,,,,,,,,,,,,,,,,,,,,,,,,,,,,,,,,,,,,39,,,,,,,,,,,,,,,,,,,,,,,,,,
,,,,,,,,,,,,,,,,,,,,,,,,,,,,,,,,,,,,,,,,,,,,,,,,,,,,,,,,,,,,,,,,,,,,,,,,,,,,,,,,,,,,,,,,,,,,,,,,,,,
,,,,,,,,,,,,,,,,,,,,,,,,,,,,,,,,,,,,,,,,,,,,,,,,,,,,,,,,,,,,,,,,,,,,,,,,,,,,,,,,,,,,,,,,,,,,,,,,,,,
,,,,,,,,,,,,,,,,,,,,,,,,,,,,,,,,,,,,,,,,,,,,,,,,,,,,,,,,,,,,,,,,,,,,,,,,,40,,,,,,,,,,,,,,,,,,,,,,,,,,
,,,,,,,,,,,,,,,,,,,,,,,,,,,,,,,,,,,,,,,,,,,,,,,,,,,,,,,,,,,,,,,,,,,,,,,,,,,,,,,,,,,,,,,,,,,,,,,,,,,
,,,,,,,,,,,,,,,,,,,,,,,,,,,,,,,,,,,,,,,,,,,,,,,,,,,,,,,,,,,,,,,,,,,,,,,,,,,,,,,,,,,,,,,,,,,,,,,,,,,
,,,,,,,,,,,,,,,,,,,,,,,,,,,,,,,,,,,,,,,,,,,,,,,,,,,,,,,,,,,,25,,,,,,,,,,,,,,,,,,,,,,,,,,,,,,,,,,,,,,,
,,,,,,,,,,,,,,,,,,,,,,,,,,,,,,,,,,,,,,,,,,,,,,,,,,,,,,,,,,,,,,,,,,,,,,,,,,,,,,,,,,,,,,,,,,,,,,,,,,,
,,,,,,,,,,,,,,,,,,,,,,,,,,,,,,,,,,,,,,,,,,,,,,,,,,,,,,,,,,,,23,,,,,,,,,,,,,,,,,,,,,,,,,,,,,,,,,,,,,,,
,,,,,,,,,,,,,,,,,,,,,,,,,,,,,,,,,,,,,,,,,,,,,,,,,,,,,,,,,,,,,,,,,,,,,,,,,,,,,,,,,,,,,,,,,,,,,,,,,,,
,,,,,,,,,,,,,,,,,,,,,,29,,,,,,,,,,,,,,,,,,,,,,,,,,,,,,24,,,,,,,,24,,,,,,,,,,,,,,,,,,,,,,,,,,,,,,,,,,,,,,,
,,,,,,,,,,,,,,,,,,,,,,,,,,,,,,,,,,,,,,,,,,,,,,,,,,,,,,,,,,,,,,,,,,,,,,,,,,,,,,,,,,,,,,,,,,,,,,,,,,,
,,,,,,,,,,,,,,,,,,,,,,,,,,,,,,,,,,,,,,,,,,,,,,,,,,,,,,,,,,,,,23,,,,,,,,,,,,,,,,,,,,,,,,,,,,,,,,,,,,,,
,,,,,,,,,,,,,,,,,,,,,,,,,,,,,,,,,,,,23,,,,,,,,,,,,,,,,,,25,,,,,,,25,,,,,,,,,,,,,,,,,,,,,,,,,,,,,,,,,,,,,,
,,,,,,,,,,,,,,,,,,,,,,,,,,,,,,,,,,,,,,,,,,,,,,,,,,23,,,,,,,,,,,,,,,,,,,,,,,,,,,,,,,,,,,,,,,,,,,,,,,,,
,,,,,,,,,,,,,,,,,,,,,,,,,,,,,,,,,,,,,,,,,,,,,,,,,,,,,,,,,,,,24,,,,,,,,,,,,,,,,,,,,,,,,,,,,,,,,,,,,,,,
,,,,,,,,,,,,,,,,,,,,,,,,,,,,,,,,,,,,,,,,,,23,,,24,,,,,,,,,,23,,,,,,,,,,,,,,,,,,,,,,,,,,,,,,,,,,,,,,,,,,,,
,,,,,,,,,,,,,,,,,,,,,,,,,,,,,,,25,,,,,,,,,,,,,,,,,,,,,,,,,,,,,23,,,,,,,,,,,,,,,,,,,,,,,,,,,,,,,,,,,,,,,
,,,,,,,,,,,,,,,,,,,,,,,,,,,,,,,,,,,,,,,,,,,,25,,,,,,,,,,,24,,,,,,,,,,,,,,,,,,,,,,,,,,,,,,,,,,,,,,,,,,,,
,,,,,,,,,,,,,,,,,,,,,,,,,,,,,24,,,,,,,,,,,,,,,,,,,,,,,,,,,,,25,,,,,,,,,,,,,,,,,,,,,,,,,,,,,,,,,,,,,,,,,
,,,,,,,,,,,,,,,,,,,,,,,,,,,,,,,,,,,,,,,,,,,,,,,,,,,,,,,,,,,,,,,,,,,,,,,,,,,,,,,,,,,,,,,,,,,,,,,,,,,
,,,,,,,,,,,,,,,,,,,,,,,,,,,,,,,,,,,,,,,,,,,,,,,,,,,,,,,,,,,,,,,,,,,,,,,,,,,,,,,,,,,,,,,,,,,,,,,,,,,
,,,,,,,,,,,,,,,,,,,,,,,,,,,,,,,,,,,,,,,,,,,,,,,,,,,,,,,,,,,,,,,,,,,,,,,,,,,,,,,,,,,,,,,,,,,,,,,,,,,
,,,,,,,,,,,,,,,,,,,,,,29,,,,,,,,,,,,,,,,,,,,,,,,,,,,,,,,,,,,,,,,,,,,,,,,,,,,,,,,,,,,,,,,,,,,,,,,,,,,,
,,,,,,,,,,,,,,,,,,,,,,,,,,,,,,,,,,,,,,,,,,,,,,,,,,,,,,,,,,,,,,,,,,,,,,,,,,,,,,,,,,,,,,,,,,,,,,,,,,,
,,,,,,,,,,,,,,,,,,,,,,,,,,,,,,,,,,,,,,,,,,,,,,,,,,,,,,,,,,,,,,,,,,,,,,,,,,,,,,,,,,,,,,,,,,,,,,,,,,,
,,,,,,,,,,,,,,,,,,,,,,,,,,,,,,,,,,,,,,,,,,,,,,,,,,,,,,,,,,,,,,,,,,,,,,,,,,,,,,,,,,,,,,,,,,,,,,,,,,,
,,,,,,,,,,,,,,,,,,,,,,,,,,,,25,,,,,,,,,,,,,,,,,,,,,,,,,,,,,,,,,,,,,,,,,,,,,,,,,,,,,,,,,,,,,,,,,,,,,,,
,,,,,,,,,,,,,,,,,,,,,,,,,,,,,,,,,,,,,,,,,,,,,,,,,,,,,,,,,,,,,,,,,,,,,,,,,,,,,,,,,,,,,,,,,,,,,,,,,,,
,,,,,,,,,,,,,,,,,,,,,,,,,,,,23,,,,,,,,,,,,,,,,,,,,,,,,,,,,,,,,,,,,,,,,,,,,,,,,,,,,,,,,,,,,,,,,,,,,,,,
,,,,,,,,,,,,,,,,,,,,,23,,,,,,,24,,,,,,,,,,,,,,,,,,,,,,,,,,,,,,,,,,,,,,,,,,,,,,,,,,,,,,,,,,,,,,,,,,,,,,,
,,,,,,,,,,,,,,,,,,,,,25,,,,,,,,,,,,,,,,,,,,,,,,,,,,,,,,,,,,,,,,,,,,,,,,,,,,,,,,,,,,,,,,,,,,,,,,,,,,,,
,,,,,,,,,,,,,,,,,24,,23,,,,,,,,,,,,,,,,,,,,,,,,,,,,,,,,,,,,,,,,,,,,,,,,,,,,,,,,,,,,,,,,,,,,,,,,,,,,,,,,
,,,,,,,,,,,,,,,,,,,,,24,,,,,,,,,,,,,,,,,,,,,,,,,,,,,,,,,,,,,,,,,,,,,,,,,,,,,,,,,,,,,,,,,,,,,,,,,,,,,,
,,,,,,,,,,,,,,,,,,,,,,,,,,,,,,,,,,,,,,,,,,,,,,,,,,,,,,,,,,,,,,,,,,,,,,,,,,,,,,,,,,,,,,,,,,,,,,,,,,,
,,,,,,,,,,,,,,,,,,,,,,,,,,,,23,,,,,,,,,,,,,,,,,,,,,,,,,,,,,,,,,,,,,,,,,,,,,,,,,,,,,,,,,,,,,,,,,,,,,,,
,,,,,,,,,,,,,,,,,,,,,,,,,,,,24,,,,,,,,,,,,,,,,,,,,,,,,,,,,,,,,,,,,,,,,,,,,,,,,,,,,,,,,,,,,,,,,,,,,,,,
,,,,,,,,,,,,,,,,,,,,,,,,,,,,,,,,,,,,,,,,,,,,,,,,,,,,,,,,,,,,,,,,,,,,,,,,,,,,,,,,,,,,,,,,,,,,,,,,,,,
,,,,,,,,,,,,,,,,,,,,,,,,,,,,23,,,,,,,,,,,,,,,,,,,,,,,,,,,,,,,,,,,,,,,,,,,,,,,,,,,,,,,,,,,,,,,,,,,,,,,
,,,,,,,,,,,,,,,,,,,,,,,,,,,,,,,,,,,,,,,,,,,,,,,,,,,,,,,,,,,,,,,,,,,,,,,,,,,,,,,,,,,,,,,,,,,,,,,,,,,
,,,,,,,,,,,,,,,,,,,,,,,,,,,,,,,,,,,,,,,,,,,,,,,,,,,,,,,,,,,,,,,,,,,,,,,,,,,,,,,,,,,,,,,,,,,,,,,,,,,
,,,,,,,,,,,,,,,,,,,,,,,,,,,,,,,,,,,,,,,,,,,,,,,,,,,,,,,,,,,,,,,,,,,,,,,,,,,,,,,,,,,,,,,,,,,,,,,,,,,
,,,,,,,,,,,,,,,,,,,,,,,,,,,,,,,,,,,,,,,,,,,,,,,,,,,,,,,,,,,,,,,,,,,,,,,,,,,,,,,,,,,,,,,,,,,,,,,,,,,
,,,,,,,,,,,,,,,,,,,,,,,,,,,,,,,,,,,,,,,,,,,,,,,,,,,,,,,,,,,,,,,,,,,,,,,,,,,,,,,,,,,,,,,,,,,,,,,,,,,
,,,,,,,,,,,,,,,,,,,,,,,,,,,,,,,,,,,,,,,,,,,,,,,,,,,,,,,,,,,,,,,,,,,,,,,,,,,,,,,,,,,,,,,,,,,,,,,,,,,
,,,,,,,,,,,,,,,,,,,,,,,,,,,,,,,,,,,,,,,,,,,,,,,,,,,,,,,,,,,,,,,,,,,,,,,,,,,,,,,,,,,,,,,,,,,,,,,,,,,
MoveObject: type=2 stepAdvance=1 stepRecede=1 timeStopStart=0 timeStopEnd=0 posStart=1346;388 posEnd=1346;388 posCurrent=1346;388 step=1 time=0 phase=29970 channel=10 icon=20 
MoveObject: type=2 stepAdvance=1 stepRecede=1 timeStopStart=0 timeStopEnd=0 posStart=1410;388 posEnd=1410;388 posCurrent=1410;388 step=1 time=0 phase=29970 channel=10 icon=20 
MoveObject: type=2 stepAdvance=1 stepRecede=1 timeStopStart=0 timeStopEnd=0 posStart=1474;388 posEnd=1474;388 posCurrent=1474;388 step=1 time=0 phase=29970 channel=10 icon=20 
MoveObject: type=2 stepAdvance=1 stepRecede=1 timeStopStart=0 timeStopEnd=0 posStart=1538;388 posEnd=1538;388 posCurrent=1538;388 step=1 time=0 phase=29970 channel=10 icon=20 
MoveObject: type=2 stepAdvance=1 stepRecede=1 timeStopStart=0 timeStopEnd=0 posStart=1602;388 posEnd=1602;388 posCurrent=1602;388 step=1 time=0 phase=29970 channel=10 icon=20 
MoveObject: type=2 stepAdvance=1 stepRecede=1 timeStopStart=0 timeStopEnd=0 posStart=1666;388 posEnd=1666;388 posCurrent=1666;388 step=1 time=0 phase=29970 channel=10 icon=20 
MoveObject: type=2 stepAdvance=1 stepRecede=1 timeStopStart=0 timeStopEnd=0 posStart=1730;388 posEnd=1730;388 posCurrent=1730;388 step=1 time=0 phase=29970 channel=10 icon=20 
MoveObject: type=2 stepAdvance=1 stepRecede=1 timeStopStart=0 timeStopEnd=0 posStart=1794;388 posEnd=1794;388 posCurrent=1794;388 step=1 time=0 phase=29970 channel=10 icon=20 
MoveObject: type=2 stepAdvance=1 stepRecede=1 timeStopStart=0 timeStopEnd=0 posStart=1858;388 posEnd=1858;388 posCurrent=1858;388 step=1 time=0 phase=29970 channel=10 icon=20 
MoveObject: type=2 stepAdvance=1 stepRecede=1 timeStopStart=0 timeStopEnd=0 posStart=1922;388 posEnd=1922;388 posCurrent=1922;388 step=1 time=0 phase=29970 channel=10 icon=20 
MoveObject: type=2 stepAdvance=1 stepRecede=1 timeStopStart=0 timeStopEnd=0 posStart=1986;388 posEnd=1986;388 posCurrent=1986;388 step=1 time=0 phase=29970 channel=10 icon=20 
MoveObject: type=2 stepAdvance=1 stepRecede=1 timeStopStart=0 timeStopEnd=0 posStart=2114;388 posEnd=2114;388 posCurrent=2114;388 step=1 time=0 phase=29970 channel=10 icon=20 
MoveObject: type=2 stepAdvance=1 stepRecede=1 timeStopStart=0 timeStopEnd=0 posStart=2050;388 posEnd=2050;388 posCurrent=2050;388 step=1 time=0 phase=29970 channel=10 icon=20 
MoveObject: type=2 stepAdvance=1 stepRecede=1 timeStopStart=0 timeStopEnd=0 posStart=2178;388 posEnd=2178;388 posCurrent=2178;388 step=1 time=0 phase=29970 channel=10 icon=20 
MoveObject: type=2 stepAdvance=1 stepRecede=1 timeStopStart=0 timeStopEnd=0 posStart=2242;388 posEnd=2242;388 posCurrent=2242;388 step=1 time=0 phase=29970 channel=10 icon=20 
MoveObject: type=2 stepAdvance=1 stepRecede=1 timeStopStart=0 timeStopEnd=0 posStart=2306;388 posEnd=2306;388 posCurrent=2306;388 step=1 time=0 phase=29970 channel=10 icon=20 
MoveObject: type=2 stepAdvance=1 stepRecede=1 timeStopStart=0 timeStopEnd=0 posStart=2370;388 posEnd=2370;388 posCurrent=2370;388 step=1 time=0 phase=29970 channel=10 icon=20 
MoveObject: type=2 stepAdvance=1 stepRecede=1 timeStopStart=0 timeStopEnd=0 posStart=2434;388 posEnd=2434;388 posCurrent=2434;388 step=1 time=0 phase=29970 channel=10 icon=20 
MoveObject: type=2 stepAdvance=1 stepRecede=1 timeStopStart=0 timeStopEnd=0 posStart=2498;388 posEnd=2498;388 posCurrent=2498;388 step=1 time=0 phase=29970 channel=10 icon=20 
MoveObject: type=2 stepAdvance=1 stepRecede=1 timeStopStart=0 timeStopEnd=0 posStart=2626;516 posEnd=2626;516 posCurrent=2626;516 step=1 time=0 phase=29970 channel=10 icon=20 
MoveObject: type=3 stepAdvance=1 stepRecede=1 timeStopStart=0 timeStopEnd=0 posStart=386;768 posEnd=386;768 posCurrent=386;768 step=1 time=0 phase=29970 channel=10 icon=56 
MoveObject: type=3 stepAdvance=1 stepRecede=1 timeStopStart=0 timeStopEnd=0 posStart=706;1216 posEnd=706;1216 posCurrent=706;1216 step=1 time=0 phase=29970 channel=10 icon=56 
MoveObject: type=6 stepAdvance=1 stepRecede=1 timeStopStart=0 timeStopEnd=0 posStart=1986;264 posEnd=1986;264 posCurrent=1986;264 step=1 time=0 phase=29970 channel=10 icon=25 
MoveObject: type=2 stepAdvance=1 stepRecede=1 timeStopStart=0 timeStopEnd=0 posStart=1218;388 posEnd=1218;388 posCurrent=1218;388 step=1 time=0 phase=29970 channel=10 icon=20 
MoveObject: type=2 stepAdvance=1 stepRecede=1 timeStopStart=0 timeStopEnd=0 posStart=1154;388 posEnd=1154;388 posCurrent=1154;388 step=1 time=0 phase=29970 channel=10 icon=20 
MoveObject: type=2 stepAdvance=1 stepRecede=1 timeStopStart=0 timeStopEnd=0 posStart=1090;388 posEnd=1090;388 posCurrent=1090;388 step=1 time=0 phase=29970 channel=10 icon=20 
MoveObject: type=3 stepAdvance=1 stepRecede=1 timeStopStart=0 timeStopEnd=0 posStart=4354;1152 posEnd=4354;1152 posCurrent=4354;1152 step=1 time=0 phase=29970 channel=10 icon=56 
MoveObject: type=1 stepAdvance=20 stepRecede=20 timeStopStart=20 timeStopEnd=20 posStart=5568;960 posEnd=5504;960 posCurrent=5513;960 step=4 time=3 phase=29970 channel=1 icon=153 
MoveObject: type=2 stepAdvance=1 stepRecede=1 timeStopStart=0 timeStopEnd=0 posStart=2690;516 posEnd=2690;516 posCurrent=2690;516 step=1 time=0 phase=29970 channel=10 icon=20 
MoveObject: type=2 stepAdvance=1 stepRecede=1 timeStopStart=0 timeStopEnd=0 posStart=2754;516 posEnd=2754;516 posCurrent=2754;516 step=1 time=0 phase=29970 channel=10 icon=20 
MoveObject: type=2 stepAdvance=1 stepRecede=1 timeStopStart=0 timeStopEnd=0 posStart=2818;516 posEnd=2818;516 posCurrent=2818;516 step=1 time=0 phase=29970 channel=10 icon=20 
MoveObject: type=2 stepAdvance=1 stepRecede=1 timeStopStart=0 timeStopEnd=0 posStart=5762;1860 posEnd=5762;1860 posCurrent=5762;1860 step=1 time=0 phase=29970 channel=10 icon=20 
MoveObject: type=2 stepAdvance=1 stepRecede=1 timeStopStart=0 timeStopEnd=0 posStart=5890;1860 posEnd=5890;1860 posCurrent=5890;1860 step=1 time=0 phase=29970 channel=10 icon=20 
MoveObject: type=12 stepAdvance=1 stepRecede=1 timeStopStart=0 timeStopEnd=0 posStart=768;512 posEnd=768;512 posCurrent=768;512 step=1 time=0 phase=29970 channel=1 icon=32 
MoveObject: type=12 stepAdvance=1 stepRecede=1 timeStopStart=0 timeStopEnd=0 posStart=640;512 posEnd=640;512 posCurrent=640;512 step=1 time=0 phase=29970 channel=1 icon=33 
MoveObject: type=5 stepAdvance=1 stepRecede=1 timeStopStart=0 timeStopEnd=0 posStart=834;260 posEnd=834;260 posCurrent=834;260 step=1 time=0 phase=29970 channel=10 icon=1 
MoveObject: type=1 stepAdvance=20 stepRecede=20 timeStopStart=20 timeStopEnd=20 posStart=5504;832 posEnd=5568;832 posCurrent=5559;832 step=4 time=3 phase=29970 channel=1 icon=153 
MoveObject: type=1 stepAdvance=20 stepRecede=20 timeStopStart=20 timeStopEnd=20 posStart=5440;704 posEnd=5504;704 posCurrent=5495;704 step=4 time=3 phase=29970 channel=1 icon=153 
MoveObject: type=12 stepAdvance=1 stepRecede=1 timeStopStart=0 timeStopEnd=0 posStart=640;448 posEnd=640;448 posCurrent=640;448 step=1 time=0 phase=29970 channel=1 icon=32 
MoveObject: type=12 stepAdvance=1 stepRecede=1 timeStopStart=0 timeStopEnd=0 posStart=3904;448 posEnd=3904;448 posCurrent=3904;448 step=1 time=0 phase=29970 channel=1 icon=33 
MoveObject: type=12 stepAdvance=1 stepRecede=1 timeStopStart=0 timeStopEnd=0 posStart=3840;448 posEnd=3840;448 posCurrent=3840;448 step=1 time=0 phase=29970 channel=1 icon=32 
MoveObject: type=12 stepAdvance=1 stepRecede=1 timeStopStart=0 timeStopEnd=0 posStart=3776;448 posEnd=3776;448 posCurrent=3776;448 step=1 time=0 phase=29970 channel=1 icon=32 
MoveObject: type=12 stepAdvance=1 stepRecede=1 timeStopStart=0 timeStopEnd=0 posStart=768;1280 posEnd=768;1280 posCurrent=768;1280 step=1 time=0 phase=29970 channel=1 icon=32 
MoveObject: type=5 stepAdvance=1 stepRecede=1 timeStopStart=0 timeStopEnd=0 posStart=5826;1732 posEnd=5826;1732 posCurrent=5826;1732 step=1 time=0 phase=24483 channel=10 icon=2 
MoveObject: type=6 stepAdvance=1 stepRecede=1 timeStopStart=0 timeStopEnd=0 posStart=1858;264 posEnd=1858;264 posCurrent=1858;264 step=1 time=0 phase=29970 channel=10 icon=25 
MoveObject: type=1 stepAdvance=20 stepRecede=20 timeStopStart=20 timeStopEnd=20 posStart=5568;576 posEnd=5504;576 posCurrent=5513;576 step=4 time=3 phase=29970 channel=1 icon=153 
MoveObject: type=5 stepAdvance=1 stepRecede=1 timeStopStart=0 timeStopEnd=0 posStart=194;260 posEnd=194;260 posCurrent=194;260 step=1 time=0 phase=29970 channel=10 icon=1 
MoveObject: type=1 stepAdvance=20 stepRecede=20 timeStopStart=20 timeStopEnd=20 posStart=5504;1088 posEnd=5568;1088 posCurrent=5559;1088 step=4 time=3 phase=29970 channel=1 icon=153 
MoveObject: type=5 stepAdvance=1 stepRecede=1 timeStopStart=0 timeStopEnd=0 posStart=2690;324 posEnd=2690;324 posCurrent=2690;324 step=1 time=0 phase=29970 channel=10 icon=1 
MoveObject: type=1 stepAdvance=20 stepRecede=20 timeStopStart=20 timeStopEnd=20 posStart=5504;448 posEnd=5568;448 posCurrent=5559;448 step=4 time=3 phase=29970 channel=1 icon=153 
MoveObject: type=5 stepAdvance=1 stepRecede=1 timeStopStart=0 timeStopEnd=0 posStart=5506;196 posEnd=5506;196 posCurrent=5506;196 step=1 time=0 phase=19492 channel=10 icon=7 
MoveObject: type=19 stepAdvance=1 stepRecede=1 timeStopStart=0 timeStopEnd=0 posStart=1346;196 posEnd=1346;196 posCurrent=1346;196 step=1 time=0 phase=28022 channel=10 icon=89 
MoveObject: type=19 stepAdvance=1 stepRecede=1 timeStopStart=0 timeStopEnd=0 posStart=1410;196 posEnd=1410;196 posCurrent=1410;196 step=1 time=0 phase=28013 channel=10 icon=89 
MoveObject: type=5 stepAdvance=1 stepRecede=1 timeStopStart=0 timeStopEnd=0 posStart=4162;388 posEnd=4162;388 posCurrent=4162;388 step=1 time=0 phase=29970 channel=10 icon=1 
MoveObject: type=1 stepAdvance=20 stepRecede=20 timeStopStart=20 timeStopEnd=20 posStart=4544;1344 posEnd=4544;1408 posCurrent=4544;1399 step=4 time=3 phase=29970 channel=1 icon=46 
MoveObject: type=6 stepAdvance=1 stepRecede=1 timeStopStart=0 timeStopEnd=0 posStart=5570;1288 posEnd=5570;1288 posCurrent=5570;1288 step=1 time=0 phase=29970 channel=10 icon=25 
MoveObject: type=19 stepAdvance=1 stepRecede=1 timeStopStart=0 timeStopEnd=0 posStart=1474;196 posEnd=1474;196 posCurrent=1474;196 step=1 time=0 phase=28003 channel=10 icon=89 
MoveObject: type=19 stepAdvance=1 stepRecede=1 timeStopStart=0 timeStopEnd=0 posStart=1538;196 posEnd=1538;196 posCurrent=1538;196 step=1 time=0 phase=27995 channel=10 icon=89 
MoveObject: type=19 stepAdvance=1 stepRecede=1 timeStopStart=0 timeStopEnd=0 posStart=1602;196 posEnd=1602;196 posCurrent=1602;196 step=1 time=0 phase=27949 channel=10 icon=89 
MoveObject: type=19 stepAdvance=1 stepRecede=1 timeStopStart=0 timeStopEnd=0 posStart=1666;196 posEnd=1666;196 posCurrent=1666;196 step=1 time=0 phase=27895 channel=10 icon=89 
MoveObject: type=19 stepAdvance=1 stepRecede=1 timeStopStart=0 timeStopEnd=0 posStart=5314;1732 posEnd=5314;1732 posCurrent=5314;1732 step=1 time=0 phase=16872 channel=10 icon=89 
MoveObject: type=2 stepAdvance=1 stepRecede=1 timeStopStart=0 timeStopEnd=0 posStart=5250;1860 posEnd=5250;1860 posCurrent=5250;1860 step=1 time=0 phase=16764 channel=10 icon=14 
MoveObject: type=2 stepAdvance=1 stepRecede=1 timeStopStart=0 timeStopEnd=0 posStart=5378;1860 posEnd=5378;1860 posCurrent=5378;1860 step=1 time=0 phase=16752 channel=10 icon=17 
MoveObject: type=7 stepAdvance=1 stepRecede=1 timeStopStart=0 timeStopEnd=0 posStart=3586;4612 posEnd=3586;4612 posCurrent=3586;4612 step=1 time=0 phase=8261 channel=10 icon=30 
MoveObject: type=2 stepAdvance=1 stepRecede=1 timeStopStart=0 timeStopEnd=0 posStart=5058;1860 posEnd=5058;1860 posCurrent=5058;1860 step=1 time=0 phase=15852 channel=10 icon=17 
MoveObject: type=2 stepAdvance=1 stepRecede=1 timeStopStart=0 timeStopEnd=0 posStart=4994;1860 posEnd=4994;1860 posCurrent=4994;1860 step=1 time=0 phase=15845 channel=10 icon=14 
MoveObject: type=2 stepAdvance=1 stepRecede=1 timeStopStart=0 timeStopEnd=0 posStart=4930;1860 posEnd=4930;1860 posCurrent=4930;1860 step=1 time=0 phase=15835 channel=10 icon=18 
MoveObject: type=2 stepAdvance=1 stepRecede=1 timeStopStart=0 timeStopEnd=0 posStart=4866;1860 posEnd=4866;1860 posCurrent=4866;1860 step=1 time=0 phase=15829 channel=10 icon=15 
MoveObject: type=2 stepAdvance=1 stepRecede=1 timeStopStart=0 timeStopEnd=0 posStart=4802;1860 posEnd=4802;1860 posCurrent=4802;1860 step=1 time=0 phase=15823 channel=10 icon=12 
MoveObject: type=2 stepAdvance=1 stepRecede=1 timeStopStart=0 timeStopEnd=0 posStart=4290;3972 posEnd=4290;3972 posCurrent=4290;3972 step=1 time=0 phase=4637 channel=10 icon=17 
MoveObject: type=2 stepAdvance=1 stepRecede=1 timeStopStart=0 timeStopEnd=0 posStart=4674;3780 posEnd=4674;3780 posCurrent=4674;3780 step=1 time=0 phase=4498 channel=10 icon=19 
MoveObject: type=2 stepAdvance=1 stepRecede=1 timeStopStart=0 timeStopEnd=0 posStart=4546;3588 posEnd=4546;3588 posCurrent=4546;3588 step=1 time=0 phase=4455 channel=10 icon=16 
MoveObject: type=2 stepAdvance=1 stepRecede=1 timeStopStart=0 timeStopEnd=0 posStart=4354;3524 posEnd=4354;3524 posCurrent=4354;3524 step=1 time=0 phase=4290 channel=10 icon=14 
MoveObject: type=2 stepAdvance=1 stepRecede=1 timeStopStart=0 timeStopEnd=0 posStart=4162;3396 posEnd=4162;3396 posCurrent=4162;3396 step=1 time=0 phase=4231 channel=10 icon=12 
MoveObject: type=2 stepAdvance=1 stepRecede=1 timeStopStart=0 timeStopEnd=0 posStart=4418;3268 posEnd=4418;3268 posCurrent=4418;3268 step=1 time=0 phase=4158 channel=10 icon=20 
MoveObject: type=2 stepAdvance=1 stepRecede=1 timeStopStart=0 timeStopEnd=0 posStart=4674;2884 posEnd=4674;2884 posCurrent=4674;2884 step=1 time=0 phase=4118 channel=10 icon=18 
MoveObject: type=2 stepAdvance=1 stepRecede=1 timeStopStart=0 timeStopEnd=0 posStart=4290;2372 posEnd=4290;2372 posCurrent=4290;2372 step=1 time=0 phase=4052 channel=10 icon=12 
MoveObject: type=2 stepAdvance=1 stepRecede=1 timeStopStart=0 timeStopEnd=0 posStart=4610;2052 posEnd=4610;2052 posCurrent=4610;2052 step=1 time=0 phase=3996 channel=10 icon=20 
