DescFile: posDecor=0;2070 dimDecor=100;100 world=0 music=2 region=13 blupiPos=322;2374 blupiDir=2 
Decor: 
,,,,,,,,,,,,,,,,,,,,,,,,,78,80,83,80,84,81,79,79,80,81,79,84,80,79,78,83,82,84,80,84,81,84,78,83,81,81,,,,,,,,,,,,,,,,,,,,,,,,,,,,,,,,,,,,,,,,,,,,,,,,,
,,,,,,,,,,,,,,,,,,,,,,,,,80,79,80,81,82,80,79,83,81,79,79,78,83,79,84,81,83,80,79,78,84,79,84,81,84,79,,,,,,,,,,,,,,,,,,,,,,,,,,,,,,,,,,,,,,,,,,,,,,,,,
,,,,,,,,,,,,,,,,,,,,,,,,,81,80,79,84,78,79,79,82,79,82,81,84,79,84,79,79,79,80,84,78,84,84,80,84,78,79,,,,,,,,,,,,,,,,,,,,,,,,,,,,,,,,,,,,,,,,,,,,,,,,,
,,,,,,,,,,,,,,,,,,,,,,,,,83,82,78,83,82,79,82,81,81,79,201,201,201,81,80,82,78,83,79,83,84,79,84,80,78,84,,,,,,,,,,,,,,,,,,,,,,,,,,,,,,,,,,,,,,,,,,,,,,,,,
,,,,,,,,,,,,,,,,,,,,,,,,,78,82,78,81,81,84,78,84,84,78,,,,82,81,83,81,82,78,78,79,81,84,78,81,79,,,,,,,,,,,,,,,,,,,,,,,,,,,,,,,,,,,,,,,,,,,,,,,,,
,,,,,,,,,,,,,,,,,,,,,,,,,82,79,78,81,83,83,80,83,84,79,,,,84,84,82,79,78,83,81,78,84,81,80,80,79,,,,,,,,,,,,,,,,,,,,,,,,,,,,,,,,,,,,,,,,,,,,,,,,,
,,,,,,,,,,,,,,,,,,,,,,,,,80,78,80,83,81,84,79,78,82,80,,,,78,83,83,78,82,78,83,80,79,83,80,82,84,,,,,,,,,,,,,,,,,,,,,,,,,,,,,,,,,,,,,,,,,,,,,,,,,
,,,,,,,,,,,,,,,,,,,,,,,,,84,79,79,80,80,84,83,82,79,82,,,,84,81,82,80,80,78,81,81,84,82,82,81,84,,,,,,,,,,,,,,,,,,,,,,,,,,,,,,,,,,,,,,,,,,,,,,,,,
,,,,,,,,,,,,,,,,,,,,,,,,,83,78,79,80,84,81,80,87,63,83,,,,84,79,78,82,84,81,79,79,82,81,81,80,82,,,,,,,,,,,,,,,,,,,,,,,,,,,,,,,,,,,,,,,,,,,,,,,,,
,,,,,,,,,,,,,,,,,,,,,,,,,82,80,80,83,81,82,81,,,81,,,,78,80,79,80,84,79,80,80,81,84,79,80,80,,,,,,,,,,,,,,,,,,,,,,,,,,,,,,,,,,,,,,,,,,,,,,,,,
,,,,,,,,,,,,,,,,,,,,,,,,,81,81,79,82,79,81,78,,,201,201,201,201,82,80,80,82,81,78,78,78,79,84,82,81,81,,,,,,,,,,,,,,,,,,,,,,,,,,,,,,,,,,,,,,,,,,,,,,,,,
,,,,,,,,,,,,,,,,,,,,,,,,,82,82,84,82,79,84,79,,,84,78,422,78,79,80,79,82,82,81,82,83,84,78,83,84,83,,,,,,,,,,,,,,,,,,,,,,,,,,,,,,,,,,,,,,,,,,,,,,,,,
,,,,,,,,,,,,,,,,,,,,,,,,,78,81,81,83,78,80,82,89,64,83,63,,63,80,82,81,84,79,83,78,80,82,82,83,82,83,,,,,,,,,,,,,,,,,,,,,,,,,,,,,,,,,,,,,,,,,,,,,,,,,
,,,,,,,,,,,,,,,,,,,,,,,,,84,84,84,78,83,83,84,84,81,80,,,,82,84,81,81,81,81,80,80,84,80,80,78,82,,,,,,,,,,,,,,,,,,,,,,,,,,,,,,,,,,,,,,,,,,,,,,,,,
,,,,,,,,,,,,,,,,,,,,,,,,,80,82,80,81,82,81,78,83,84,79,,,,81,78,84,82,84,80,83,83,81,84,82,80,83,,,,,,,,,,,,,,,,,,,,,,,,,,,,,,,,,,,,,,,,,,,,,,,,,
,,,,,,,,,,,,,,,,,,,,,,,,,78,80,80,79,84,79,83,83,81,84,,,,80,80,81,83,80,84,84,82,81,79,84,82,79,,,,,,,,,,,,,,,,,,,,,,,,,,,,,,,,,,,,,,,,,,,,,,,,,
,,,,,,,,,,,,,,,,,,,,,,,,,81,78,83,80,79,84,83,80,82,78,,,,78,84,81,81,82,82,82,80,82,82,81,79,78,,,,,,,,,,,,,,,,,,,,,,,,,,,,,,,,,,,,,,,,,,,,,,,,,
,,,,,,,,,,,,,,,,,,,,,,,,,84,83,80,80,79,84,84,80,81,81,,,,81,79,84,80,81,79,80,83,82,82,80,78,82,,,,,,,,,,,,,,,,,,,,,,,,,,,,,,,,,,,,,,,,,,,,,,,,,
,,,,,,,,,,,,,,,,,,,,,,,,,79,80,78,79,83,84,84,87,63,81,,,,79,84,81,84,83,79,81,81,84,78,84,81,78,,,,,,,,,,,,,,,,,,,,,,,,,,,,,,,,,,,,,,,,,,,,,,,,,
,,,,,,,,,,,,,,,,,,,,,,,,,80,84,78,84,82,79,81,,,84,,,,81,81,84,80,78,84,84,84,79,83,80,84,84,,,,,,,,,,,,,,,,,,,,,,,,,,,,,,,,,,,,,,,,,,,,,,,,,
,,,,,,,,,,,,,,,,,,,,,,,,,78,83,81,83,80,81,79,,,201,201,201,201,78,82,80,81,83,82,82,84,80,82,78,82,79,,,,,,,,,,,,,,,,,,,,,,,,,,,,,,,,,,,,,,,,,,,,,,,,,
,,,,,,,,,,,,,,,,,,,,,,,,,84,82,80,82,79,81,83,,,84,78,424,78,79,80,82,84,82,80,80,78,83,78,78,79,84,,,,,,,,,,,,,,,,,,,,,,,,,,,,,,,,,,,,,,,,,,,,,,,,,
,,,,,,,,,,,,,,,,,,,,,,,,,80,84,82,84,81,82,80,89,64,82,63,,63,79,82,82,80,81,81,80,80,81,81,83,78,84,,,,,,,,,,,,,,,,,,,,,,,,,,,,,,,,,,,,,,,,,,,,,,,,,
,,,,,,,,,,,,,,,,,,,,,,,,,78,80,81,80,82,84,83,78,83,82,,,,84,82,83,80,80,83,78,83,82,84,80,79,81,,,,,,,,,,,,,,,,,,,,,,,,,,,,,,,,,,,,,,,,,,,,,,,,,
,,,,,,,,,,,,,,,,,,,,,,,,,82,79,80,83,82,84,80,79,81,79,,,,82,82,63,63,201,63,84,78,81,81,78,83,81,,,,,,,,,,,,,,,,,,,,,,,,,,,,,,,,,,,,,,,,,,,,,,,,,
,,,,,,,,,,,,,,,,,,,,,,,,,82,80,81,82,78,78,82,78,83,81,,,,201,201,64,,84,,84,82,83,78,78,78,84,,,,,,,,,,,,,,,,,,,,,,,,,,,,,,,,,,,,,,,,,,,,,,,,,
,,,,,,,,,,,,,,,,,,,,,,,,,80,81,80,83,81,78,81,83,81,82,,,,201,201,84,201,201,201,84,81,84,80,78,80,80,,,,,,,,,,,,,,,,,,,,,,,,,,,,,,,,,,,,,,,,,,,,,,,,,
,,,,,,,,,,,,,,,,,,,,,,,,,82,82,78,79,79,80,82,82,82,80,,,,201,201,63,,84,,84,79,80,78,78,84,82,,,,,,,,,,,,,,,,,,,,,,,,,,,,,,,,,,,,,,,,,,,,,,,,,
,,,,,,,,,,,,,,,,,,,,,,,,,81,81,82,82,78,80,80,79,81,83,,,,80,81,64,64,201,64,84,84,78,79,79,82,80,,,,,,,,,,,,,,,,,,,,,,,,,,,,,,,,,,,,,,,,,,,,,,,,,
,,,,,,,,,,,,,,,,,,,,,,,,,81,83,81,84,79,84,79,81,80,79,64,,64,83,78,81,79,80,78,78,84,84,82,80,80,82,,,,,,,,,,,,,,,,,,,,,,,,,,,,,,,,,,,,,,,,,,,,,,,,,
,,,,,,,,,,,,,,,,,,,,,,,,,,,,,,84,80,84,80,79,78,425,78,79,82,80,82,78,81,83,81,82,81,80,78,84,,,,,,,,,,,,,,,,,,,,,,,,,,,,,,,,,,,,,,,,,,,,,,,,,
,,,,,,,,,,,,,,,,,,,,,,,,,,,,,,78,83,84,79,78,63,,63,83,78,80,83,79,81,84,81,83,84,81,84,81,,,,,,,,,,,,,,,,,,,,,,,,,,,,,,,,,,,,,,,,,,,,,,,,,
,,,,,,,,,,,,,,,,,,,,,,,,,,,,,,78,82,82,78,83,,,,81,81,63,63,201,63,84,82,81,81,79,80,81,,,,,,,,,,,,,,,,,,,,,,,,,,,,,,,,,,,,,,,,,,,,,,,,,
,,,,,,,,,,,,,,,,,,,,,,,,,,,,,,79,84,83,79,83,,,,201,201,64,,84,,84,82,78,79,83,78,83,,,,,,,,,,,,,,,,,,,,,,,,,,,,,,,,,,,,,,,,,,,,,,,,,
,,,,,,,,,,,,,,,,,,,,,,,,,,,,,,83,84,78,81,78,,,,201,201,84,201,201,201,84,82,78,80,83,81,81,,,,,,,,,,,,,,,,,,,,,,,,,,,,,,,,,,,,,,,,,,,,,,,,,
,,,,,,,,,,,,,,,,,,,,,,,,,,,,,,82,81,82,78,79,,,,201,201,63,,84,,84,81,81,84,80,78,80,,,,,,,,,,,,,,,,,,,,,,,,,,,,,,,,,,,,,,,,,,,,,,,,,
,,,,,,,,,,,,,,,,,,,,,,,,,,,,,,82,80,79,78,81,,,,78,84,64,64,201,64,84,81,82,81,83,79,83,,,,,,,,,,,,,,,,,,,,,,,,,,,,,,,,,,,,,,,,,,,,,,,,,
,,,,,,,,,,,,,,,,,,,,,,,,,,,,,,84,84,81,83,80,64,,64,80,83,78,80,82,80,83,79,80,80,81,82,79,,,,,,,,,,,,,,,,,,,,,,,,,,,,,,,,,,,,,,,,,,,,,,,,,
,,,,,,,,,,,,,,,,,,,,,,,,,,,,,,78,81,80,80,79,78,426,81,80,80,83,79,83,84,79,82,78,81,81,84,80,,,,,,,,,,,,,,,,,,,,,,,,,,,,,,,,,,,,,,,,,,,,,,,,,
,,,,,,,,,,,,,,,,,,,,,,,,,,,,,,80,80,79,83,83,63,,63,79,78,83,84,78,81,82,80,83,78,78,80,82,,,,,,,,,,,,,,,,,,,,,,,,,,,,,,,,,,,,,,,,,,,,,,,,,
,,,,,,,,,,,,,,,,,,,,,,,,,,,,,,78,82,80,82,84,,,,79,79,63,63,201,63,84,83,83,84,82,78,82,,,,,,,,,,,,,,,,,,,,,,,,,,,,,,,,,,,,,,,,,,,,,,,,,
,,,,,,,,,,,,,,,,,,,,,,,,,,,,,,84,84,78,80,81,,,,201,201,64,,84,,84,79,82,83,79,81,80,,,,,,,,,,,,,,,,,,,,,,,,,,,,,,,,,,,,,,,,,,,,,,,,,
,,,,,,,,,,,,,,,,,,,,,,,,,,,,,,79,78,84,78,79,,,,201,201,84,201,201,201,84,84,83,81,78,79,83,,,,,,,,,,,,,,,,,,,,,,,,,,,,,,,,,,,,,,,,,,,,,,,,,
,,,,,,,,,,,,,,,,,,,,,,,,,,,,,,83,80,84,83,81,,,,201,201,63,,84,,84,83,82,79,78,79,84,,,,,,,,,,,,,,,,,,,,,,,,,,,,,,,,,,,,,,,,,,,,,,,,,
,,,,,,,,,,,,,,,,,,,,,,,,,,,,,,82,84,82,78,84,,,,79,78,64,64,201,64,84,83,84,83,83,81,83,,,,,,,,,,,,,,,,,,,,,,,,,,,,,,,,,,,,,,,,,,,,,,,,,
,,,,,,,,,,,,,,,,,,,,,,,,,,,,,,83,82,84,82,81,64,,64,83,81,79,78,79,81,82,81,82,78,84,81,82,,,,,,,,,,,,,,,,,,,,,,,,,,,,,,,,,,,,,,,,,,,,,,,,,
,,,,,,,,,,,,,,,,,,,,,,,,,,,,,,81,84,83,84,82,78,427,78,79,83,80,78,83,80,83,81,83,83,84,80,80,80,78,80,,,,,,,,,,,,,,,,,,,,,,,,,,,,,,,,,,,,,,,,,,,,,,
,,,,,,,,,,,,,,,,,,,,,,,,,,,,,,83,84,83,84,81,63,,63,82,83,78,83,78,78,82,84,81,80,79,80,82,79,84,83,,,,,,,,,,,,,,,,,,,,,,,,,,,,,,,,,,,,,,,,,,,,,,
,,,,,,,,,,,,,,,,,,,,,,,,,,,,,,81,80,83,81,84,,,,81,79,82,79,82,84,82,80,80,80,80,79,80,83,78,80,,,,,,,,,,,,,,,,,,,,,,,,,,,,,,,,,,,,,,,,,,,,,,
,,,,,,,,,,,,,,,,,,,,,,,,,,,,,,78,81,79,80,84,,,,78,83,84,81,80,83,84,82,82,78,82,81,78,84,79,78,,,,,,,,,,,,,,,,,,,,,,,,,,,,,,,,,,,,,,,,,,,,,,
,,,,,,,,,,,,,,,,,,,,,,,,,,,,,,78,79,81,80,84,,,,84,84,78,82,79,81,79,81,78,81,80,78,80,82,84,83,,,,,,,,,,,,,,,,,,,,,,,,,,,,,,,,,,,,,,,,,,,,,,
,,,,,,,,,,,,,,,,,,,,,,,,,,,,,,79,80,80,80,82,64,,64,83,84,79,80,201,201,81,79,80,83,84,78,78,79,79,82,,,,,,,,,,,,,,,,,,,,,,,,,,,,,,,,,,,,,,,,,,,,,,
,,,,,,,,,,,,,,,,,,,,,,,,,,,,,,84,82,80,82,84,78,200,78,81,79,84,82,201,201,78,82,82,82,81,82,80,78,83,78,,,,,,,,,,,,,,,,,,,,,,,,,,,,,,,,,,,,,,,,,,,,,,
,,,,,,,,,,,,,,,,,,,,,,,,,,,,,,84,82,80,81,83,63,,63,81,82,78,63,,,63,63,82,82,81,82,84,83,80,82,,,,,,,,,,,,,,,,,,,,,,,,,,,,,,,,,,,,,,,,,,,,,,
,,,,,,,,,,,,,,,,,,,,,,,,,,,,,,80,78,80,83,81,,,,84,79,63,,,,,,63,83,81,80,81,78,84,80,,,,,,,,,,,,,,,,,,,,,,,,,,,,,,,,,,,,,,,,,,,,,,
,,,,,,,,,,,,,,,,,,,,,,,,,,,,,,79,81,79,80,81,,,,201,201,,,,,,,,79,82,84,84,83,80,84,,,,,,,,,,,,,,,,,,,,,,,,,,,,,,,,,,,,,,,,,,,,,,
,,,,,,,,,,,,,,,,,,,,,,,,,,,,,,83,78,83,80,84,,,,201,201,,,,,,,,201,80,81,81,81,83,80,,,,,,,,,,,,,,,,,,,,,,,,,,,,,,,,,,,,,,,,,,,,,,
,,,,,,,,,,,,,,,,,,,,,,,,,,,,,,82,79,84,84,81,,,,201,201,,,,,,,,84,84,78,78,84,81,80,,,,,,,,,,,,,,,,,,,,,,,,,,,,,,,,,,,,,,,,,,,,,,
,,,,,,,,,,,,,,,,,,,,,,,,,,,,,,83,79,78,82,78,,,,81,81,64,,,,,,64,81,84,81,81,78,79,83,,,,,,,,,,,,,,,,,,,,,,,,,,,,,,,,,,,,,,,,,,,,,,
,,,,,,,,,,,,,,,,,,,,,,,,,,,,,,81,84,81,82,84,64,,64,84,83,84,64,,,64,64,82,80,84,80,82,82,81,82,,,,,,,,,,,,,,,,,,,,,,,,,,,,,,,,,,,,,,,,,,,,,,
,,,,,,,,,,,,,,,,,,,,,,,,,,,,,,80,79,78,84,78,78,430,78,82,79,80,78,201,201,78,81,78,80,80,78,83,81,80,78,,,,,,,,,,,,,,,,,,,,,,,,,,,,,,,,,,,,,,,,,,,,,,
,,,,,,,,,,,,,,,,,,,,,,,,,,,,,,78,82,80,80,79,63,,63,78,79,84,80,201,201,81,79,83,82,78,81,78,81,83,81,,,,,,,,,,,,,,,,,,,,,,,,,,,,,,,,,,,,,,,,,,,,,,
,,,,,79,81,80,83,80,81,83,80,83,84,82,84,80,79,83,79,78,80,83,79,78,79,82,84,82,83,83,84,83,83,64,64,64,92,78,78,80,78,78,78,79,82,81,83,84,78,78,79,84,,,,,,,,,,,,,,,,,,,,,,,,,,,,,,,,,,,,,,,,,,,,,,
,,,,,81,79,79,84,80,78,82,83,82,78,84,80,80,79,84,84,79,79,83,82,82,80,81,79,82,83,83,81,80,79,83,82,79,92,78,78,83,80,78,83,82,81,81,80,78,79,79,81,81,,,,,,,,,,,,,,,,,,,,,,,,,,,,,,,,,,,,,,,,,,,,,,
,,,,,83,83,83,83,79,82,78,81,84,80,80,83,79,80,82,84,82,80,84,80,80,84,78,84,81,81,83,84,81,84,63,63,63,92,80,79,80,83,83,80,81,84,79,83,82,81,,,,,,,,,,,,,,,,,,,,,,,,,,,,,,,,,,,,,,,,,,,,,,,,,
,,,,,81,84,83,83,78,82,82,78,84,82,84,84,79,79,80,83,84,82,81,84,80,80,82,80,80,83,81,79,78,79,64,,64,83,83,78,80,80,82,80,81,78,81,82,81,84,,,,,,,,,,,,,,,,,,,,,,,,,,,,,,,,,,,,,,,,,,,,,,,,,
,,,,,84,81,81,81,84,84,83,81,79,78,84,78,84,83,81,82,84,78,80,79,82,78,78,80,80,81,84,79,82,80,81,200,84,79,78,82,81,82,81,,,,,,,,,,,,,,,,,,,,,,,,,,,,,,,,,,,,,,,,,,,,,,,,,,,,,,,,
,,,,,83,78,82,80,80,80,81,84,79,81,78,84,78,79,81,80,82,84,78,78,80,81,84,80,83,78,78,82,80,78,138,,63,83,84,84,80,78,81,,,,,,,,,,,,,,,,,,,,,,,,,,,,,,,,,,,,,,,,,,,,,,,,,,,,,,,,
,,,,,80,83,84,80,84,84,84,82,201,201,201,82,82,84,84,78,78,78,78,78,83,79,81,83,83,83,84,79,82,84,138,,,81,84,81,81,80,82,,,,,,,,,,,,,,,,,,,,,,,,,,,,,,,,,,,,,,,,,,,,,,,,,,,,,,,,
,,,,,81,84,80,83,79,87,63,63,201,84,201,78,81,82,83,79,84,63,63,78,82,63,63,201,63,84,81,78,84,82,138,,,80,80,84,78,81,80,,,,,,,,,,,,,,,,,,,,,,,,,,,,,,,,,,,,,,,,,,,,,,,,,,,,,,,,
,,,,,82,81,83,82,80,,,,201,63,,201,63,201,63,84,138,,,202,202,,,201,,201,63,201,63,78,138,,,80,82,81,81,82,78,,,,,,,,,,,,,,,,,,,,,,,,,,,,,,,,,,,,,,,,,,,,,,,,,,,,,,,,
,,,,,80,78,79,79,78,,,60,3,55,,201,,84,,202,202,,56,3,138,,,84,,201,,84,,202,202,,,82,80,83,82,81,82,,,,,,,,,,,,,,,,,,,,,,,,,,,,,,,,,,,,,,,,,,,,,,,,,,,,,,,,
,,,,,81,78,78,82,82,,,,201,64,,201,64,201,64,83,138,,,202,202,,,201,,201,64,201,64,83,138,,,82,79,84,78,79,81,,,,,,,,,,,,,,,,,,,,,,,,,,,,,,,,,,,,,,,,,,,,,,,,,,,,,,,,
,,,,,78,80,81,80,80,89,64,64,201,84,201,81,80,78,80,84,80,64,64,78,83,64,64,201,64,80,81,82,80,78,138,,,82,80,80,78,84,84,,,,,,,,,,,,,,,,,,,,,,,,,,,,,,,,,,,,,,,,,,,,,,,,,,,,,,,,
,,,,,78,79,83,84,78,79,84,84,201,201,201,78,78,81,83,78,78,78,78,78,79,79,80,80,84,78,83,83,80,79,138,,,84,84,78,78,82,80,,,,,,,,,,,,,,,,,,,,,,,,,,,,,,,,,,,,,,,,,,,,,,,,,,,,,,,,
,,,,,81,81,78,81,81,83,82,78,83,79,80,78,78,79,81,84,80,82,80,82,83,82,78,84,80,78,80,80,82,82,138,,64,81,84,84,84,81,83,,,,,,,,,,,,,,,,,,,,,,,,,,,,,,,,,,,,,,,,,,,,,,,,,,,,,,,,
,,,,,79,81,83,79,83,80,80,78,80,84,80,82,82,82,83,78,80,79,78,79,84,78,79,81,84,78,83,80,84,84,78,200,78,82,79,79,83,79,83,,,,,,,,,,,,,,,,,,,,,,,,,,,,,,,,,,,,,,,,,,,,,,,,,,,,,,,,
,,,,,83,82,79,80,81,78,82,81,84,79,80,83,81,82,78,82,81,82,78,82,81,84,83,84,84,81,82,82,80,81,81,80,81,83,79,80,81,84,83,,,,,,,,,,,,,,,,,,,,,,,,,,,,,,,,,,,,,,,,,,,,,,,,,,,,,,,,
,,,,,78,83,80,81,81,80,83,81,82,78,81,79,82,84,81,83,80,81,84,83,84,84,84,84,82,81,84,78,81,82,79,80,78,78,84,79,84,79,84,,,,,,,,,,,,,,,,,,,,,,,,,,,,,,,,,,,,,,,,,,,,,,,,,,,,,,,,
,,,,,82,79,79,78,81,83,78,80,78,83,78,83,78,83,83,78,83,83,82,78,78,78,84,84,84,84,80,78,84,84,81,78,84,84,79,78,83,84,80,,,,,,,,,,,,,,,,,,,,,,,,,,,,,,,,,,,,,,,,,,,,,,,,,,,,,,,,
,,,,,79,83,80,79,84,81,79,81,78,82,79,81,83,83,81,78,80,79,83,82,80,84,78,80,78,78,82,84,84,79,80,81,83,82,80,80,81,78,79,,,,,,,,,,,,,,,,,,,,,,,,,,,,,,,,,,,,,,,,,,,,,,,,,,,,,,,,
,,,,,81,78,84,83,83,80,82,78,80,79,84,79,81,78,81,82,84,79,80,78,82,78,79,78,84,83,79,84,79,84,82,83,81,79,84,80,79,83,84,,,,,,,,,,,,,,,,,,,,,,,,,,,,,,,,,,,,,,,,,,,,,,,,,,,,,,,,
,,,,,,,,,,,,,,,,,,,,,,,,,,,,,,84,79,82,79,82,81,81,81,82,82,79,81,82,79,,,,,,,,,,,,,,,,,,,,,,,,,,,,,,,,,,,,,,,,,,,,,,,,,,,,,,,,
,,,,,,,,,,,,,,,,,,,,,,,,,,,,,,80,82,84,80,78,80,84,79,81,80,81,80,79,84,,,,,,,,,,,,,,,,,,,,,,,,,,,,,,,,,,,,,,,,,,,,,,,,,,,,,,,,
,,,,,,,,,,,,,,,,,,,,,,,,,,,,,,81,81,80,82,84,83,79,84,83,81,79,83,83,82,,,,,,,,,,,,,,,,,,,,,,,,,,,,,,,,,,,,,,,,,,,,,,,,,,,,,,,,
,,,,,,,,,,,,,,,,,,,,,,,,,,,,,,79,78,84,82,84,78,78,78,80,84,79,79,79,78,,,,,,,,,,,,,,,,,,,,,,,,,,,,,,,,,,,,,,,,,,,,,,,,,,,,,,,,
,,,,,,,,,,,,,,,,,,,,,,,,,,,,,,83,80,83,79,79,83,79,79,79,78,81,83,79,84,,,,,,,,,,,,,,,,,,,,,,,,,,,,,,,,,,,,,,,,,,,,,,,,,,,,,,,,
,,,,,,,,,,,,,,,,,,,,,,,,,,,,,,80,83,82,82,82,80,78,83,78,81,80,82,83,79,,,,,,,,,,,,,,,,,,,,,,,,,,,,,,,,,,,,,,,,,,,,,,,,,,,,,,,,
,,,,,,,,,,,,,,,,,,,,,,,,,,,,,,82,81,78,83,79,83,78,84,80,82,82,84,79,79,,,,,,,,,,,,,,,,,,,,,,,,,,,,,,,,,,,,,,,,,,,,,,,,,,,,,,,,
,,,,,,,,,,,,,,,,,,,,,,,,,,,,,,82,80,83,81,78,80,81,83,79,81,80,82,78,82,,,,,,,,,,,,,,,,,,,,,,,,,,,,,,,,,,,,,,,,,,,,,,,,,,,,,,,,
,,,,,,,,,,,,,,,,,,,,,,,,,,,,,,78,80,78,82,78,83,80,82,81,81,84,80,84,84,,,,,,,,,,,,,,,,,,,,,,,,,,,,,,,,,,,,,,,,,,,,,,,,,,,,,,,,
,,,,,,,,,,,,,,,,,,,,,,,,,,,,,,79,79,78,83,79,80,84,78,80,80,81,79,82,79,,,,,,,,,,,,,,,,,,,,,,,,,,,,,,,,,,,,,,,,,,,,,,,,,,,,,,,,
,,,,,,,,,,,,,,,,,,,,,,,,,,,,,,,,,,,,,,78,78,82,79,78,79,,,,,,,,,,,,,,,,,,,,,,,,,,,,,,,,,,,,,,,,,,,,,,,,,,,,,,,,
,,,,,,,,,,,,,,,,,,,,,,,,,,,,,,,,,,,,,,82,79,78,84,78,78,,,,,,,,,,,,,,,,,,,,,,,,,,,,,,,,,,,,,,,,,,,,,,,,,,,,,,,,
,,,,,,,,,,,,,,,,,,,,,,,,,,,,,,,,,,,,,,84,84,80,82,79,83,,,,,,,,,,,,,,,,,,,,,,,,,,,,,,,,,,,,,,,,,,,,,,,,,,,,,,,,
,,,,,,,,,,,,,,,,,,,,,,,,,,,,,,,,,,,,,,,,,,,,,,,,,,,,,,,,,,,,,,,,,,,,,,,,,,,,,,,,,,,,,,,,,,,,,,,,,,,
,,,,,,,,,,,,,,,,,,,,,,,,,,,,,,,,,,,,,,,,,,,,,,,,,,,,,,,,,,,,,,,,,,,,,,,,,,,,,,,,,,,,,,,,,,,,,,,,,,,
,,,,,,,,,,,,,,,,,,,,,,,,,,,,,,,,,,,,,,,,,,,,,,,,,,,,,,,,,,,,,,,,,,,,,,,,,,,,,,,,,,,,,,,,,,,,,,,,,,,
,,,,,,,,,,,,,,,,,,,,,,,,,,,,,,,,,,,,,,,,,,,,,,,,,,,,,,,,,,,,,,,,,,,,,,,,,,,,,,,,,,,,,,,,,,,,,,,,,,,
,,,,,,,,,,,,,,,,,,,,,,,,,,,,,,,,,,,,,,,,,,,,,,,,,,,,,,,,,,,,,,,,,,,,,,,,,,,,,,,,,,,,,,,,,,,,,,,,,,,
BigDecor: 
,,,,,,,,,,,,,,,,,,,,,,,,,,,,,,,,,,,,,,,,,,,,,,,,,,,,,,,,,,,,,,,,,,,,,,,,,,,,,,,,,,,,,,,,,,,,,,,,,,,
,,,,,,,,,,,,,,,,,,,,,,,,,,,,,,,,,,,,,,,,,,,,,,,,,,,,,,,,,,,,,,,,,,,,,,,,,,,,,,,,,,,,,,,,,,,,,,,,,,,
,,,,,,,,,,,,,,,,,,,,,,,,,,,,,,,,,,,,,,,,,,,,,,,,,,,,,,,,,,,,,,,,,,,,,,,,,,,,,,,,,,,,,,,,,,,,,,,,,,,
,,,,,,,,,,,,,,,,,,,,,,,,,,,,,,,,,,,,,,,,,,,,,,,,,,,,,,,,,,,,,,,,,,,,,,,,,,,,,,,,,,,,,,,,,,,,,,,,,,,
,,,,,,,,,,,,,,,,,,,,,,,,,,,,,,,,,,,,,,,,,,,,,,,,,,,,,,,,,,,,,,,,,,,,,,,,,,,,,,,,,,,,,,,,,,,,,,,,,,,
,,,,,,,,,,,,,,,,,,,,,,,,,,,,,,,,,,,,,,,,,,,,,,,,,,,,,,,,,,,,,,,,,,,,,,,,,,,,,,,,,,,,,,,,,,,,,,,,,,,
,,,,,,,,,,,,,,,,,,,,,,,,,,,,,,,,,,,,,,,,,,,,,,,,,,,,,,,,,,,,,,,,,,,,,,,,,,,,,,,,,,,,,,,,,,,,,,,,,,,
,,,,,,,,,,,,,,,,,,,,,,,,,,,,,,,,,,,,,,,,,,,,,,,,,,,,,,,,,,,,,,,,,,,,,,,,,,,,,,,,,,,,,,,,,,,,,,,,,,,
,,,,,,,,,,,,,,,,,,,,,,,,,,,,,,,,,,,,,,,,,,,,,,,,,,,,,,,,,,,,,,,,,,,,,,,,,,,,,,,,,,,,,,,,,,,,,,,,,,,
,,,,,,,,,,,,,,,,,,,,,,,,,,,,,,,,,,,,,,,,,,,,,,,,,,,,,,,,,,,,,,,,,,,,,,,,,,,,,,,,,,,,,,,,,,,,,,,,,,,
,,,,,,,,,,,,,,,,,,,,,,,,,,,,,,,,,,,,,,,,,,,,,,,,,,,,,,,,,,,,,,,,,,,,,,,,,,,,,,,,,,,,,,,,,,,,,,,,,,,
,,,,,,,,,,,,,,,,,,,,,,,,,,,,,,,,,,,,,,,,,,,,,,,,,,,,,,,,,,,,,,,,,,,,,,,,,,,,,,,,,,,,,,,,,,,,,,,,,,,
,,,,,,,,,,,,,,,,,,,,,,,,,,,,,,,,,,,,,,,,,,,,,,,,,,,,,,,,,,,,,,,,,,,,,,,,,,,,,,,,,,,,,,,,,,,,,,,,,,,
,,,,,,,,,,,,,,,,,,,,,,,,,,,,,,,,,,,,,,,,,,,,,,,,,,,,,,,,,,,,,,,,,,,,,,,,,,,,,,,,,,,,,,,,,,,,,,,,,,,
,,,,,,,,,,,,,,,,,,,,,,,,,,,,,,,,,,,,,,,,,,,,,,,,,,,,,,,,,,,,,,,,,,,,,,,,,,,,,,,,,,,,,,,,,,,,,,,,,,,
,,,,,,,,,,,,,,,,,,,,,,,,,,,,,,,,,,,,,,,,,,,,,,,,,,,,,,,,,,,,,,,,,,,,,,,,,,,,,,,,,,,,,,,,,,,,,,,,,,,
,,,,,,,,,,,,,,,,,,,,,,,,,,,,,,,,,,,,,,,,,,,,,,,,,,,,,,,,,,,,,,,,,,,,,,,,,,,,,,,,,,,,,,,,,,,,,,,,,,,
,,,,,,,,,,,,,,,,,,,,,,,,,,,,,,,,,,,,,,,,,,,,,,,,,,,,,,,,,,,,,,,,,,,,,,,,,,,,,,,,,,,,,,,,,,,,,,,,,,,
,,,,,,,,,,,,,,,,,,,,,,,,,,,,,,,,,,,,,,,,,,,,,,,,,,,,,,,,,,,,,,,,,,,,,,,,,,,,,,,,,,,,,,,,,,,,,,,,,,,
,,,,,,,,,,,,,,,,,,,,,,,,,,,,,,,,,,,,,,,,,,,,,,,,,,,,,,,,,,,,,,,,,,,,,,,,,,,,,,,,,,,,,,,,,,,,,,,,,,,
,,,,,,,,,,,,,,,,,,,,,,,,,,,,,,,,,,,,,,,,,,,,,,,,,,,,,,,,,,,,,,,,,,,,,,,,,,,,,,,,,,,,,,,,,,,,,,,,,,,
,,,,,,,,,,,,,,,,,,,,,,,,,,,,,,,,,,,,,,,,,,,,,,,,,,,,,,,,,,,,,,,,,,,,,,,,,,,,,,,,,,,,,,,,,,,,,,,,,,,
,,,,,,,,,,,,,,,,,,,,,,,,,,,,,,,,,,,,,,,,,,,,,,,,,,,,,,,,,,,,,,,,,,,,,,,,,,,,,,,,,,,,,,,,,,,,,,,,,,,
,,,,,,,,,,,,,,,,,,,,,,,,,,,,,,,,,,,,,,,,,,,,,,,,,,,,,,,,,,,,,,,,,,,,,,,,,,,,,,,,,,,,,,,,,,,,,,,,,,,
,,,,,,,,,,,,,,,,,,,,,,,,,,,,,,,,,,,,,,,,,,,,,,,,,,,,,,,,,,,,,,,,,,,,,,,,,,,,,,,,,,,,,,,,,,,,,,,,,,,
,,,,,,,,,,,,,,,,,,,,,,,,,,,,,,,,,,,,,,,,,,,,,,,,,,,,,,,,,,,,,,,,,,,,,,,,,,,,,,,,,,,,,,,,,,,,,,,,,,,
,,,,,,,,,,,,,,,,,,,,,,,,,,,,,,,,,,,,,,,,,,,,,,,,,,,,,,,,,,,,,,,,,,,,,,,,,,,,,,,,,,,,,,,,,,,,,,,,,,,
,,,,,,,,,,,,,,,,,,,,,,,,,,,,,,,,,,,,,,,,,,,,,,,,,,,,,,,,,,,,,,,,,,,,,,,,,,,,,,,,,,,,,,,,,,,,,,,,,,,
,,,,,,,,,,,,,,,,,,,,,,,,,,,,,,,,,,,,,,,,,,,,,,,,,,,,,,,,,,,,,,,,,,,,,,,,,,,,,,,,,,,,,,,,,,,,,,,,,,,
,,,,,,,,,,,,,,,,,,,,,,,,,,,,,,,,,,,,,,,,,,,,,,,,,,,,,,,,,,,,,,,,,,,,,,,,,,,,,,,,,,,,,,,,,,,,,,,,,,,
,,,,,,,,,,,,,,,,,,,,,,,,,,,,,,,,,,,,,,,,,,,,,,,,,,,,,,,,,,,,,,,,,,,,,,,,,,,,,,,,,,,,,,,,,,,,,,,,,,,
,,,,,,,,,,,,,,,,,,,,,,,,,,,,,,,,,,,,,,,,,,,,,,,,,,,,,,,,,,,,,,,,,,,,,,,,,,,,,,,,,,,,,,,,,,,,,,,,,,,
,,,,,,,,,,,,,,,,,,,,,,,,,,,,,,,,,,,,,,,,,,,,,,,,,,,,,,,,,,,,,,,,,,,,,,,,,,,,,,,,,,,,,,,,,,,,,,,,,,,
,,,,,,,,,,,,,,,,,,,,,,,,,,,,,,,,,,,,,,,,,,,,,,,,,,,,,,,,,,,,,,,,,,,,,,,,,,,,,,,,,,,,,,,,,,,,,,,,,,,
,,,,,,,,,,,,,,,,,,,,,,,,,,,,,,,,,,,,,,,,,,,,,,,,,,,,,,,,,,,,,,,,,,,,,,,,,,,,,,,,,,,,,,,,,,,,,,,,,,,
,,,,,,,,,,,,,,,,,,,,,,,,,,,,,,,,,,,,,,,,,,,,,,,,,,,,,,,,,,,,,,,,,,,,,,,,,,,,,,,,,,,,,,,,,,,,,,,,,,,
,,,,,,,,,,,,,,,,,,,,,,,,,,,,,,,,,,,,,,,,,,,,,,,,,,,,,,,,,,,,,,,,,,,,,,,,,,,,,,,,,,,,,,,,,,,,,,,,,,,
,,,,,,,,,,,,,,,,,,,,,,,,,,,,,,,,,,,,,,,,,,,,,,,,,,,,,,,,,,,,,,,,,,,,,,,,,,,,,,,,,,,,,,,,,,,,,,,,,,,
,,,,,,,,,,,,,,,,,,,,,,,,,,,,,,,,,,,,,,,,,,,,,,,,,,,,,,,,,,,,,,,,,,,,,,,,,,,,,,,,,,,,,,,,,,,,,,,,,,,
,,,,,,,,,,,,,,,,,,,,,,,,,,,,,,,,,,,,,,,,,,,,,,,,,,,,,,,,,,,,,,,,,,,,,,,,,,,,,,,,,,,,,,,,,,,,,,,,,,,
,,,,,,,,,,,,,,,,,,,,,,,,,,,,,,,,,,,,,,,,,,,,,,,,,,,,,,,,,,,,,,,,,,,,,,,,,,,,,,,,,,,,,,,,,,,,,,,,,,,
,,,,,,,,,,,,,,,,,,,,,,,,,,,,,,,,,,,,,,,,,,,,,,,,,,,,,,,,,,,,,,,,,,,,,,,,,,,,,,,,,,,,,,,,,,,,,,,,,,,
,,,,,,,,,,,,,,,,,,,,,,,,,,,,,,,,,,,,,,,,,,,,,,,,,,,,,,,,,,,,,,,,,,,,,,,,,,,,,,,,,,,,,,,,,,,,,,,,,,,
,,,,,,,,,,,,,,,,,,,,,,,,,,,,,,,,,,,,,,,,,,,,,,,,,,,,,,,,,,,,,,,,,,,,,,,,,,,,,,,,,,,,,,,,,,,,,,,,,,,
,,,,,,,,,,,,,,,,,,,,,,,,,,,,,,,,,,,,,,,,,,,,,,,,,,,,,,,,,,,,,,,,,,,,,,,,,,,,,,,,,,,,,,,,,,,,,,,,,,,
,,,,,,,,,,,,,,,,,,,,,,,,,,,,,,,,,,,,,,,,,,,,,,,,,,,,,,,,,,,,,,,,,,,,,,,,,,,,,,,,,,,,,,,,,,,,,,,,,,,
,,,,,,,,,,,,,,,,,,,,,,,,,,,,,,,,,,,,,,,,,,,,,,,,,,,,,,,,,,,,,,,,,,,,,,,,,,,,,,,,,,,,,,,,,,,,,,,,,,,
,,,,,,,,,,,,,,,,,,,,,,,,,,,,,,,,,,,,,,,,,,,,,,,,,,,,,,,,,,,,,,,,,,,,,,,,,,,,,,,,,,,,,,,,,,,,,,,,,,,
,,,,,,,,,,,,,,,,,,,,,,,,,,,,,,,,,,,,,,,,,,,,,,,,,,,,,,,,,,,,,,,,,,,,,,,,,,,,,,,,,,,,,,,,,,,,,,,,,,,
,,,,,,,,,,,,,,,,,,,,,,,,,,,,,,,,,,,,,,,,,,,,,,,,,,,,,,,,,,,,,,,,,,,,,,,,,,,,,,,,,,,,,,,,,,,,,,,,,,,
,,,,,,,,,,,,,,,,,,,,,,,,,,,,,,,,,,,,,,,,,,,,,,,,,,,,,,,,,,,,,,,,,,,,,,,,,,,,,,,,,,,,,,,,,,,,,,,,,,,
,,,,,,,,,,,,,,,,,,,,,,,,,,,,,,,,,,,,,,,,,,,,,,,,,,,,,,,,,,,,,,,,,,,,,,,,,,,,,,,,,,,,,,,,,,,,,,,,,,,
,,,,,,,,,,,,,,,,,,,,,,,,,,,,,,,,,,,,,,,,,,,,,,,,,,,,,,,,,,,,,,,,,,,,,,,,,,,,,,,,,,,,,,,,,,,,,,,,,,,
,,,,,,,,,,,,,,,,,,,,,,,,,,,,,,,,,,,,,,,,,,,,,,,,,,,,,,,,,,,,,,,,,,,,,,,,,,,,,,,,,,,,,,,,,,,,,,,,,,,
,,,,,,,,,,,,,,,,,,,,,,,,,,,,,,,,,,,,,,,,,,,,,,,,,,,,,,,,,,,,,,,,,,,,,,,,,,,,,,,,,,,,,,,,,,,,,,,,,,,
,,,,,,,,,,,,,,,,,,,,,,,,,,,,,,,,,,,,,,,,,,,,,,,,,,,,,,,,,,,,,,,,,,,,,,,,,,,,,,,,,,,,,,,,,,,,,,,,,,,
,,,,,,,,,,,,,,,,,,,,,,,,,,,,,,,,,,,,,,,,,,,,,,,,,,,,,,,,,,,,,,,,,,,,,,,,,,,,,,,,,,,,,,,,,,,,,,,,,,,
,,,,,,,,,,,,,,,,,,,,,,,,,,,,,,,,,,,,,,,,,,,,,,,,,,,,,,,,,,,,,,,,,,,,,,,,,,,,,,,,,,,,,,,,,,,,,,,,,,,
,,,,,,,,,,,,,,,,,,,,,,,,,,,,,,,,,,,,,,,,,,,,,,,,,,,,,,,,,,,,,,,,,,,,,,,,,,,,,,,,,,,,,,,,,,,,,,,,,,,
,,,,,,,,,,,,,,,,,,,,,,,,,,,,,,,,,,,,,,,,,,,,,,,,,,,,,,,,,,,,,,,,,,,,,,,,,,,,,,,,,,,,,,,,,,,,,,,,,,,
,,,,,,,,,,,,,,,,,,,,,,,,,,,,,,,,,,,,,,,,,,,,,,,,,,,,,,,,,,,,,,,,,,,,,,,,,,,,,,,,,,,,,,,,,,,,,,,,,,,
,,,,,,,,,,,,,,,,,,,,,,,,,,,,,,,,,,,,,,,,,,,,,,,,,,,,,,,,,,,,,,,,,,,,,,,,,,,,,,,,,,,,,,,,,,,,,,,,,,,
,,,,,,,,,,,,,,,,,,,,,,,,,,,,,,,,,,,,,,,,,,,,,,,,,,,,,,,,,,,,,,,,,,,,,,,,,,,,,,,,,,,,,,,,,,,,,,,,,,,
,,,,,,,,,,,,,,,,,,,,,,,,,,,,,,,,,,,,,,,,,,,,,,,,,,,,,,,,,,,,,,,,,,,,,,,,,,,,,,,,,,,,,,,,,,,,,,,,,,,
,,,,,,,,,,,,,,,,,,,,,,,,,,,,,,,,,,,,,,,,,,,,,,,,,,,,,,,,,,,,,,,,,,,,,,,,,,,,,,,,,,,,,,,,,,,,,,,,,,,
,,,,,,,,,,,,,,,,,,,,,,,,,,,,,,,,,,,,,,,,,,,,,,,,,,,,,,,,,,,,,,,,,,,,,,,,,,,,,,,,,,,,,,,,,,,,,,,,,,,
,,,,,,,,,,,,,,,,,,,,,,,,,,,,,,,,,,,,,,,,,,,,,,,,,,,,,,,,,,,,,,,,,,,,,,,,,,,,,,,,,,,,,,,,,,,,,,,,,,,
,,,,,,,,,,,,,,,,,,,,,,,,,,,,,,,,,,,,,,,,,,,,,,,,,,,,,,,,,,,,,,,,,,,,,,,,,,,,,,,,,,,,,,,,,,,,,,,,,,,
,,,,,,,,,,,,,,,,,,,,,,,,,,,,,,,,,,,,,,,,,,,,,,,,,,,,,,,,,,,,,,,,,,,,,,,,,,,,,,,,,,,,,,,,,,,,,,,,,,,
,,,,,,,,,,,,,,,,,,,,,,,,,,,,,,,,,,,,,,,,,,,,,,,,,,,,,,,,,,,,,,,,,,,,,,,,,,,,,,,,,,,,,,,,,,,,,,,,,,,
,,,,,,,,,,,,,,,,,,,,,,,,,,,,,,,,,,,,,,,,,,,,,,,,,,,,,,,,,,,,,,,,,,,,,,,,,,,,,,,,,,,,,,,,,,,,,,,,,,,
,,,,,,,,,,,,,,,,,,,,,,,,,,,,,,,,,,,,,,,,,,,,,,,,,,,,,,,,,,,,,,,,,,,,,,,,,,,,,,,,,,,,,,,,,,,,,,,,,,,
,,,,,,,,,,,,,,,,,,,,,,,,,,,,,,,,,,,,,,,,,,,,,,,,,,,,,,,,,,,,,,,,,,,,,,,,,,,,,,,,,,,,,,,,,,,,,,,,,,,
,,,,,,,,,,,,,,,,,,,,,,,,,,,,,,,,,,,,,,,,,,,,,,,,,,,,,,,,,,,,,,,,,,,,,,,,,,,,,,,,,,,,,,,,,,,,,,,,,,,
,,,,,,,,,,,,,,,,,,,,,,,,,,,,,,,,,,,,,,,,,,,,,,,,,,,,,,,,,,,,,,,,,,,,,,,,,,,,,,,,,,,,,,,,,,,,,,,,,,,
,,,,,,,,,,,,,,,,,,,,,,,,,,,,,,,,,,,,,,,,,,,,,,,,,,,,,,,,,,,,,,,,,,,,,,,,,,,,,,,,,,,,,,,,,,,,,,,,,,,
,,,,,,,,,,,,,,,,,,,,,,,,,,,,,,,,,,,,,,,,,,,,,,,,,,,,,,,,,,,,,,,,,,,,,,,,,,,,,,,,,,,,,,,,,,,,,,,,,,,
,,,,,,,,,,,,,,,,,,,,,,,,,,,,,,,,,,,,,,,,,,,,,,,,,,,,,,,,,,,,,,,,,,,,,,,,,,,,,,,,,,,,,,,,,,,,,,,,,,,
,,,,,,,,,,,,,,,,,,,,,,,,,,,,,,,,,,,,,,,,,,,,,,,,,,,,,,,,,,,,,,,,,,,,,,,,,,,,,,,,,,,,,,,,,,,,,,,,,,,
,,,,,,,,,,,,,,,,,,,,,,,,,,,,,,,,,,,,,,,,,,,,,,,,,,,,,,,,,,,,,,,,,,,,,,,,,,,,,,,,,,,,,,,,,,,,,,,,,,,
,,,,,,,,,,,,,,,,,,,,,,,,,,,,,,,,,,,,,,,,,,,,,,,,,,,,,,,,,,,,,,,,,,,,,,,,,,,,,,,,,,,,,,,,,,,,,,,,,,,
,,,,,,,,,,,,,,,,,,,,,,,,,,,,,,,,,,,,,,,,,,,,,,,,,,,,,,,,,,,,,,,,,,,,,,,,,,,,,,,,,,,,,,,,,,,,,,,,,,,
,,,,,,,,,,,,,,,,,,,,,,,,,,,,,,,,,,,,,,,,,,,,,,,,,,,,,,,,,,,,,,,,,,,,,,,,,,,,,,,,,,,,,,,,,,,,,,,,,,,
,,,,,,,,,,,,,,,,,,,,,,,,,,,,,,,,,,,,,,,,,,,,,,,,,,,,,,,,,,,,,,,,,,,,,,,,,,,,,,,,,,,,,,,,,,,,,,,,,,,
,,,,,,,,,,,,,,,,,,,,,,,,,,,,,,,,,,,,,,,,,,,,,,,,,,,,,,,,,,,,,,,,,,,,,,,,,,,,,,,,,,,,,,,,,,,,,,,,,,,
,,,,,,,,,,,,,,,,,,,,,,,,,,,,,,,,,,,,,,,,,,,,,,,,,,,,,,,,,,,,,,,,,,,,,,,,,,,,,,,,,,,,,,,,,,,,,,,,,,,
,,,,,,,,,,,,,,,,,,,,,,,,,,,,,,,,,,,,,,,,,,,,,,,,,,,,,,,,,,,,,,,,,,,,,,,,,,,,,,,,,,,,,,,,,,,,,,,,,,,
,,,,,,,,,,,,,,,,,,,,,,,,,,,,,,,,,,,,,,,,,,,,,,,,,,,,,,,,,,,,,,,,,,,,,,,,,,,,,,,,,,,,,,,,,,,,,,,,,,,
,,,,,,,,,,,,,,,,,,,,,,,,,,,,,,,,,,,,,,,,,,,,,,,,,,,,,,,,,,,,,,,,,,,,,,,,,,,,,,,,,,,,,,,,,,,,,,,,,,,
,,,,,,,,,,,,,,,,,,,,,,,,,,,,,,,,,,,,,,,,,,,,,,,,,,,,,,,,,,,,,,,,,,,,,,,,,,,,,,,,,,,,,,,,,,,,,,,,,,,
,,,,,,,,,,,,,,,,,,,,,,,,,,,,,,,,,,,,,,,,,,,,,,,,,,,,,,,,,,,,,,,,,,,,,,,,,,,,,,,,,,,,,,,,,,,,,,,,,,,
,,,,,,,,,,,,,,,,,,,,,,,,,,,,,,,,,,,,,,,,,,,,,,,,,,,,,,,,,,,,,,,,,,,,,,,,,,,,,,,,,,,,,,,,,,,,,,,,,,,
,,,,,,,,,,,,,,,,,,,,,,,,,,,,,,,,,,,,,,,,,,,,,,,,,,,,,,,,,,,,,,,,,,,,,,,,,,,,,,,,,,,,,,,,,,,,,,,,,,,
,,,,,,,,,,,,,,,,,,,,,,,,,,,,,,,,,,,,,,,,,,,,,,,,,,,,,,,,,,,,,,,,,,,,,,,,,,,,,,,,,,,,,,,,,,,,,,,,,,,
,,,,,,,,,,,,,,,,,,,,,,,,,,,,,,,,,,,,,,,,,,,,,,,,,,,,,,,,,,,,,,,,,,,,,,,,,,,,,,,,,,,,,,,,,,,,,,,,,,,
,,,,,,,,,,,,,,,,,,,,,,,,,,,,,,,,,,,,,,,,,,,,,,,,,,,,,,,,,,,,,,,,,,,,,,,,,,,,,,,,,,,,,,,,,,,,,,,,,,,
,,,,,,,,,,,,,,,,,,,,,,,,,,,,,,,,,,,,,,,,,,,,,,,,,,,,,,,,,,,,,,,,,,,,,,,,,,,,,,,,,,,,,,,,,,,,,,,,,,,
,,,,,,,,,,,,,,,,,,,,,,,,,,,,,,,,,,,,,,,,,,,,,,,,,,,,,,,,,,,,,,,,,,,,,,,,,,,,,,,,,,,,,,,,,,,,,,,,,,,
,,,,,,,,,,,,,,,,,,,,,,,,,,,,,,,,,,,,,,,,,,,,,,,,,,,,,,,,,,,,,,,,,,,,,,,,,,,,,,,,,,,,,,,,,,,,,,,,,,,
,,,,,,,,,,,,,,,,,,,,,,,,,,,,,,,,,,,,,,,,,,,,,,,,,,,,,,,,,,,,,,,,,,,,,,,,,,,,,,,,,,,,,,,,,,,,,,,,,,,
MoveObject: type=96 stepAdvance=1 stepRecede=1 timeStopStart=0 timeStopEnd=0 posStart=512;2240 posEnd=512;2240 posCurrent=512;2240 step=1 time=0 phase=3254 channel=10 icon=257 
MoveObject: type=13 stepAdvance=1 stepRecede=1 timeStopStart=0 timeStopEnd=0 posStart=3906;2756 posEnd=3906;2756 posCurrent=3906;2756 step=1 time=0 phase=3254 channel=10 icon=68 
MoveObject: type=13 stepAdvance=1 stepRecede=1 timeStopStart=0 timeStopEnd=0 posStart=3266;2756 posEnd=3266;2756 posCurrent=3266;2756 step=1 time=0 phase=3254 channel=10 icon=68 
MoveObject: type=96 stepAdvance=1 stepRecede=1 timeStopStart=0 timeStopEnd=0 posStart=4544;1920 posEnd=4544;1920 posCurrent=4544;1920 step=1 time=0 phase=3254 channel=10 icon=257 
MoveObject: type=96 stepAdvance=1 stepRecede=1 timeStopStart=0 timeStopEnd=0 posStart=1536;2560 posEnd=1536;2560 posCurrent=1536;2560 step=1 time=0 phase=3254 channel=10 icon=257 
MoveObject: type=96 stepAdvance=1 stepRecede=1 timeStopStart=0 timeStopEnd=0 posStart=2048;2560 posEnd=2048;2560 posCurrent=2048;2560 step=1 time=0 phase=3254 channel=10 icon=257 
MoveObject: type=96 stepAdvance=1 stepRecede=1 timeStopStart=0 timeStopEnd=0 posStart=1792;2560 posEnd=1792;2560 posCurrent=1792;2560 step=1 time=0 phase=3254 channel=10 icon=257 
MoveObject: type=96 stepAdvance=1 stepRecede=1 timeStopStart=0 timeStopEnd=0 posStart=2112;2560 posEnd=2112;2560 posCurrent=2112;2560 step=1 time=0 phase=3254 channel=10 icon=257 
MoveObject: type=96 stepAdvance=1 stepRecede=1 timeStopStart=0 timeStopEnd=0 posStart=2240;2560 posEnd=2240;2560 posCurrent=2240;2560 step=1 time=0 phase=3254 channel=10 icon=257 
MoveObject: type=96 stepAdvance=1 stepRecede=1 timeStopStart=0 timeStopEnd=0 posStart=2304;2560 posEnd=2304;2560 posCurrent=2304;2560 step=1 time=0 phase=3254 channel=10 icon=257 
MoveObject: type=96 stepAdvance=1 stepRecede=1 timeStopStart=0 timeStopEnd=0 posStart=3136;2368 posEnd=3136;2368 posCurrent=3136;2368 step=1 time=0 phase=3254 channel=10 icon=257 
MoveObject: type=5 stepAdvance=1 stepRecede=1 timeStopStart=0 timeStopEnd=0 posStart=2690;2756 posEnd=2690;2756 posCurrent=2690;2756 step=1 time=0 phase=3254 channel=10 icon=6 
MoveObject: type=5 stepAdvance=1 stepRecede=1 timeStopStart=0 timeStopEnd=0 posStart=2178;2756 posEnd=2178;2756 posCurrent=2178;2756 step=1 time=0 phase=3254 channel=10 icon=6 
MoveObject: type=96 stepAdvance=1 stepRecede=1 timeStopStart=0 timeStopEnd=0 posStart=2560;2560 posEnd=2560;2560 posCurrent=2560;2560 step=1 time=0 phase=3254 channel=10 icon=257 
MoveObject: type=96 stepAdvance=1 stepRecede=1 timeStopStart=0 timeStopEnd=0 posStart=2816;2560 posEnd=2816;2560 posCurrent=2816;2560 step=1 time=0 phase=3254 channel=10 icon=257 
MoveObject: type=96 stepAdvance=1 stepRecede=1 timeStopStart=0 timeStopEnd=0 posStart=3456;2560 posEnd=3456;2560 posCurrent=3456;2560 step=1 time=0 phase=3254 channel=10 icon=257 
MoveObject: type=96 stepAdvance=1 stepRecede=1 timeStopStart=0 timeStopEnd=0 posStart=3392;2624 posEnd=3392;2624 posCurrent=3392;2624 step=1 time=0 phase=3254 channel=10 icon=257 
MoveObject: type=96 stepAdvance=1 stepRecede=1 timeStopStart=0 timeStopEnd=0 posStart=3392;2880 posEnd=3392;2880 posCurrent=3392;2880 step=1 time=0 phase=3254 channel=10 icon=257 
MoveObject: type=96 stepAdvance=1 stepRecede=1 timeStopStart=0 timeStopEnd=0 posStart=3456;2944 posEnd=3456;2944 posCurrent=3456;2944 step=1 time=0 phase=3254 channel=10 icon=257 
MoveObject: type=96 stepAdvance=1 stepRecede=1 timeStopStart=0 timeStopEnd=0 posStart=3712;2944 posEnd=3712;2944 posCurrent=3712;2944 step=1 time=0 phase=3254 channel=10 icon=257 
MoveObject: type=96 stepAdvance=1 stepRecede=1 timeStopStart=0 timeStopEnd=0 posStart=3776;2880 posEnd=3776;2880 posCurrent=3776;2880 step=1 time=0 phase=3254 channel=10 icon=257 
MoveObject: type=96 stepAdvance=1 stepRecede=1 timeStopStart=0 timeStopEnd=0 posStart=3712;2560 posEnd=3712;2560 posCurrent=3712;2560 step=1 time=0 phase=3254 channel=10 icon=257 
MoveObject: type=96 stepAdvance=1 stepRecede=1 timeStopStart=0 timeStopEnd=0 posStart=3776;2624 posEnd=3776;2624 posCurrent=3776;2624 step=1 time=0 phase=3254 channel=10 icon=257 
MoveObject: type=96 stepAdvance=1 stepRecede=1 timeStopStart=0 timeStopEnd=0 posStart=4544;1408 posEnd=4544;1408 posCurrent=4544;1408 step=1 time=0 phase=3254 channel=10 icon=257 
MoveObject: type=96 stepAdvance=1 stepRecede=1 timeStopStart=0 timeStopEnd=0 posStart=4416;2240 posEnd=4416;2240 posCurrent=4416;2240 step=1 time=0 phase=3254 channel=10 icon=257 
MoveObject: type=96 stepAdvance=1 stepRecede=1 timeStopStart=0 timeStopEnd=0 posStart=4480;2240 posEnd=4480;2240 posCurrent=4480;2240 step=1 time=0 phase=3254 channel=10 icon=257 
MoveObject: type=96 stepAdvance=1 stepRecede=1 timeStopStart=0 timeStopEnd=0 posStart=4608;2240 posEnd=4608;2240 posCurrent=4608;2240 step=1 time=0 phase=3254 channel=10 icon=257 
MoveObject: type=96 stepAdvance=1 stepRecede=1 timeStopStart=0 timeStopEnd=0 posStart=4672;2240 posEnd=4672;2240 posCurrent=4672;2240 step=1 time=0 phase=3254 channel=10 icon=257 
MoveObject: type=96 stepAdvance=1 stepRecede=1 timeStopStart=0 timeStopEnd=0 posStart=4480;832 posEnd=4480;832 posCurrent=4480;832 step=1 time=0 phase=3254 channel=10 icon=257 
MoveObject: type=96 stepAdvance=1 stepRecede=1 timeStopStart=0 timeStopEnd=0 posStart=4544;896 posEnd=4544;896 posCurrent=4544;896 step=1 time=0 phase=3254 channel=10 icon=257 
MoveObject: type=96 stepAdvance=1 stepRecede=1 timeStopStart=0 timeStopEnd=0 posStart=4608;832 posEnd=4608;832 posCurrent=4608;832 step=1 time=0 phase=3254 channel=10 icon=257 
MoveObject: type=96 stepAdvance=1 stepRecede=1 timeStopStart=0 timeStopEnd=0 posStart=4544;704 posEnd=4544;704 posCurrent=4544;704 step=1 time=0 phase=3254 channel=10 icon=257 
MoveObject: type=5 stepAdvance=1 stepRecede=1 timeStopStart=0 timeStopEnd=0 posStart=578;2116 posEnd=578;2116 posCurrent=578;2116 step=1 time=0 phase=3254 channel=10 icon=6 
MoveObject: type=5 stepAdvance=1 stepRecede=1 timeStopStart=0 timeStopEnd=0 posStart=706;2116 posEnd=706;2116 posCurrent=706;2116 step=1 time=0 phase=3254 channel=10 icon=6 
MoveObject: type=5 stepAdvance=1 stepRecede=1 timeStopStart=0 timeStopEnd=0 posStart=1218;2116 posEnd=1218;2116 posCurrent=1218;2116 step=1 time=0 phase=3254 channel=10 icon=6 
MoveObject: type=5 stepAdvance=1 stepRecede=1 timeStopStart=0 timeStopEnd=0 posStart=1346;2116 posEnd=1346;2116 posCurrent=1346;2116 step=1 time=0 phase=3254 channel=10 icon=6 
MoveObject: type=5 stepAdvance=1 stepRecede=1 timeStopStart=0 timeStopEnd=0 posStart=1666;2756 posEnd=1666;2756 posCurrent=1666;2756 step=1 time=0 phase=3254 channel=10 icon=6 
MoveObject: type=96 stepAdvance=1 stepRecede=1 timeStopStart=0 timeStopEnd=0 posStart=2560;2752 posEnd=2560;2752 posCurrent=2560;2752 step=1 time=0 phase=3254 channel=10 icon=257 
MoveObject: type=96 stepAdvance=1 stepRecede=1 timeStopStart=0 timeStopEnd=0 posStart=2816;2752 posEnd=2816;2752 posCurrent=2816;2752 step=1 time=0 phase=3254 channel=10 icon=257 
MoveObject: type=5 stepAdvance=1 stepRecede=1 timeStopStart=0 timeStopEnd=0 posStart=3586;3012 posEnd=3586;3012 posCurrent=3586;3012 step=1 time=0 phase=3254 channel=10 icon=6 
MoveObject: type=13 stepAdvance=1 stepRecede=1 timeStopStart=0 timeStopEnd=0 posStart=3458;2372 posEnd=3458;2372 posCurrent=3458;2372 step=1 time=0 phase=3254 channel=10 icon=68 
MoveObject: type=13 stepAdvance=1 stepRecede=1 timeStopStart=0 timeStopEnd=0 posStart=3394;2372 posEnd=3394;2372 posCurrent=3394;2372 step=1 time=0 phase=3254 channel=10 icon=68 
MoveObject: type=13 stepAdvance=1 stepRecede=1 timeStopStart=0 timeStopEnd=0 posStart=3714;2372 posEnd=3714;2372 posCurrent=3714;2372 step=1 time=0 phase=3254 channel=10 icon=68 
MoveObject: type=13 stepAdvance=1 stepRecede=1 timeStopStart=0 timeStopEnd=0 posStart=3778;2372 posEnd=3778;2372 posCurrent=3778;2372 step=1 time=0 phase=3254 channel=10 icon=68 
MoveObject: type=5 stepAdvance=1 stepRecede=1 timeStopStart=0 timeStopEnd=0 posStart=3330;2756 posEnd=3330;2756 posCurrent=3330;2756 step=1 time=0 phase=3254 channel=10 icon=6 
MoveObject: type=5 stepAdvance=1 stepRecede=1 timeStopStart=0 timeStopEnd=0 posStart=3842;2756 posEnd=3842;2756 posCurrent=3842;2756 step=1 time=0 phase=3254 channel=10 icon=6 
MoveObject: type=5 stepAdvance=1 stepRecede=1 timeStopStart=0 timeStopEnd=0 posStart=4802;2372 posEnd=4802;2372 posCurrent=4802;2372 step=1 time=0 phase=3254 channel=10 icon=6 
MoveObject: type=5 stepAdvance=1 stepRecede=1 timeStopStart=0 timeStopEnd=0 posStart=4290;2372 posEnd=4290;2372 posCurrent=4290;2372 step=1 time=0 phase=3254 channel=10 icon=6 
MoveObject: type=7 stepAdvance=1 stepRecede=1 timeStopStart=0 timeStopEnd=0 posStart=4546;772 posEnd=4546;772 posCurrent=4546;772 step=1 time=0 phase=3254 channel=10 icon=33 
MoveObject: type=13 stepAdvance=1 stepRecede=1 timeStopStart=0 timeStopEnd=0 posStart=3522;2948 posEnd=3522;2948 posCurrent=3522;2948 step=1 time=0 phase=3254 channel=10 icon=68 
MoveObject: type=13 stepAdvance=1 stepRecede=1 timeStopStart=0 timeStopEnd=0 posStart=3650;2948 posEnd=3650;2948 posCurrent=3650;2948 step=1 time=0 phase=3254 channel=10 icon=68 
MoveObject: type=1 stepAdvance=20 stepRecede=20 timeStopStart=10 timeStopEnd=10 posStart=640;2368 posEnd=640;2240 posCurrent=640;2310 step=4 time=11 phase=3254 channel=1 icon=80 
MoveObject: type=1 stepAdvance=20 stepRecede=20 timeStopStart=10 timeStopEnd=10 posStart=1280;2368 posEnd=1280;2240 posCurrent=1280;2310 step=4 time=11 phase=3254 channel=1 icon=80 
MoveObject: type=96 stepAdvance=1 stepRecede=1 timeStopStart=0 timeStopEnd=0 posStart=896;2240 posEnd=896;2240 posCurrent=896;2240 step=1 time=0 phase=3254 channel=10 icon=257 
MoveObject: type=96 stepAdvance=1 stepRecede=1 timeStopStart=0 timeStopEnd=0 posStart=960;2240 posEnd=960;2240 posCurrent=960;2240 step=1 time=0 phase=3254 channel=10 icon=257 
MoveObject: type=96 stepAdvance=1 stepRecede=1 timeStopStart=0 timeStopEnd=0 posStart=1024;2240 posEnd=1024;2240 posCurrent=1024;2240 step=1 time=0 phase=3254 channel=10 icon=257 
MoveObject: type=96 stepAdvance=1 stepRecede=1 timeStopStart=0 timeStopEnd=0 posStart=1088;2240 posEnd=1088;2240 posCurrent=1088;2240 step=1 time=0 phase=3254 channel=10 icon=257 
