DescFile: posDecor=300;1250 dimDecor=100;100 world=0 music=1 region=12 blupiPos=578;1542 blupiDir=2 
Decor: 
218,218,218,218,218,218,218,218,218,218,218,218,218,218,218,218,218,218,218,218,218,218,218,218,218,218,218,218,218,218,218,218,,,,,,,,,,,,,,,,,,,,,,,,,,,,,,,,,,,,,,,,,,,,,,,,,,230,,,,,230,,,,,,,,222,222,222,222,222,222
218,218,218,218,218,218,218,218,218,218,218,218,218,218,218,218,218,218,218,218,218,218,218,218,218,218,218,218,218,218,218,218,,,,,,,,,,,,,,,,,,,,,,,,,,,,,,,,,,,,,,,,,,,,,,,,,,230,,,,,230,,,,,,,,222,222,222,222,222,222
218,218,218,218,218,218,218,218,218,218,218,218,218,218,218,218,,,,218,218,,,218,218,218,218,218,218,218,218,218,,,,,,,,,,,,,,,,,,,,,,,,,,,,,,,,,,,,,,,,,,,,,,,,,,230,,,,,230,,,,,,,,222,222,222,222,222,222
218,236,236,218,218,218,218,218,218,218,218,218,218,218,218,218,,,,218,218,,,218,218,218,218,218,218,218,218,218,,,,,,,,,,,,,,,,,,,,,,,,,,,,,,,,,,,,,,,,,,,,,,,,,,230,,,,,230,,,,,,,,222,222,222,222,222,222
218,,,218,218,218,218,218,218,218,218,218,218,218,218,218,50,218,50,218,218,,,,,218,218,218,218,218,218,218,,,,,,,,,,,,,,,,,,,,,,,,,,,,,,,,,,,,,,,,,,,,,,,,,,230,,,,,230,,,,,,,,222,222,222,222,222,222
218,236,236,218,218,218,218,218,218,218,218,218,218,218,218,,,218,,56,218,50,218,236,236,218,218,218,218,218,218,218,,,,,,,,,,,,,,,,,,,,,,,,,,,,,,,230,236,236,236,236,236,236,236,236,236,236,236,236,236,236,236,236,236,236,230,236,236,236,236,230,236,236,236,236,236,236,236,222,222,222,222,222,222
218,,,,218,218,218,218,218,218,218,218,,,51,,218,218,,,,,218,,,218,218,218,218,218,218,218,,,,,,,,,,,,,,,,,,,,,,,,,,,,,,,,,,,,,,,,,,,,,,,,,,230,,,,,230,,,,,,,,222,222,222,222,222,222
218,,,,218,218,,218,,51,,218,,,51,,218,218,218,52,218,218,218,236,236,218,218,218,218,218,218,218,,,,,,,,,,,,,,,,,,,,,,,,,,,,,,,,,,230,236,236,236,236,230,236,236,236,236,236,236,236,236,236,236,230,236,236,236,236,230,236,236,236,236,236,236,236,222,222,222,222,222,222
218,,,,,51,,218,,51,,218,,,218,52,218,218,218,218,218,218,,,,218,218,218,218,218,218,218,,,,,,,,,,,,,,,,,,,,,,,,,,,,,,,,,,,,,,,,,,,,,,,,,,230,,,,,230,,,,,,,,222,222,222,222,222,222
218,218,,,,218,,51,,218,,51,,218,218,218,218,218,218,218,218,,,,,218,218,218,218,218,218,218,,,,,,,,,,,,,,,,,,,,,,,,,,,,,,,,,230,236,236,236,236,236,236,236,236,236,236,236,236,236,236,236,236,230,236,236,236,236,230,236,236,236,236,236,236,236,222,222,222,222,222,222
218,218,,,,218,,51,,218,,51,,218,218,218,218,218,218,218,,,,,,218,218,218,218,218,218,218,,,,,,,,,,,,,,,,,,,,,,,,,,,,,,,,,,,230,,,,,,,,,,,,,,,230,,,,,230,,,,,,,,222,222,222,222,222,222
218,218,218,218,52,218,52,218,52,218,52,218,52,218,218,218,218,218,218,,,,56,48,50,218,218,218,218,218,218,218,,,,,,,,,,,,,,,,,,,,,,,,,,,,,,,230,236,236,236,230,236,236,236,236,236,236,236,230,236,236,236,236,236,236,230,236,236,236,236,230,236,236,236,236,236,236,236,222,222,222,222,222,222
218,218,218,218,218,218,218,218,218,218,218,218,218,218,218,218,218,218,,,,,,,,218,218,218,218,218,218,218,,,,,,,,,,,,,,,,,,,,,,,,,,,,,,,,,,,230,,,,,,,,,,,,,,,230,,,,,230,,,,,,,,222,222,222,222,222,222
218,218,218,218,218,218,218,218,218,218,218,218,218,218,218,218,218,,,,,,,,,218,218,218,218,218,218,218,,,,,,,,,,,,,,,,,,,,,,,,,,,,,,,230,236,236,236,230,236,236,236,236,236,236,236,236,230,236,236,236,236,236,230,236,236,236,236,230,236,236,236,236,236,236,236,222,222,222,222,222,222
218,218,218,218,218,218,218,218,218,218,218,218,218,218,218,218,,,,,,,,,,218,218,218,218,218,218,218,,,,,,,,,,,,,,,,,,,,,,,,,,,,,,,,,,,230,,,,,,,,,,,,,,,230,,,,,230,,,,,,,,222,222,222,222,222,222
218,218,218,218,218,218,218,218,218,218,218,218,218,218,218,,,,,,,,,,,218,218,218,218,218,218,218,,,,,,,,,,,,,,,,,,,,,,,,,,230,236,236,236,236,236,236,236,236,230,236,236,236,236,236,236,236,236,236,230,236,236,236,236,230,236,236,236,236,230,236,236,236,236,236,236,236,222,222,222,222,222,222
218,218,218,218,218,218,218,218,218,218,218,218,218,218,,,,,,,,,,,,218,218,218,218,218,218,218,,,,,,,,,,,,,,,,,,,,,,,,,,,,,,,,,,,230,,,,,,,,,,,,,230,,,,,,,230,,,,,,,,222,222,222,222,222,222
218,218,218,218,218,218,218,218,218,218,218,218,218,,,,,,,,,,,,,218,218,218,218,218,218,218,,,,,,,,,,,,,,,,,,,,,,,,,,,,,230,236,236,236,236,236,230,236,236,236,236,236,236,236,230,236,236,236,230,230,236,236,236,236,236,236,230,236,236,236,236,236,236,236,222,222,222,222,222,222
218,218,218,218,218,218,218,218,218,218,218,218,,,,,,,,,,,56,48,50,218,218,218,218,218,218,218,,,,,,,,,,,,,,,,,,,,,,,,,,,,,230,,,,,,230,,,,,,,,230,,,,68,230,,,,,,,230,,,,,,,,222,222,222,222,222,222
218,218,218,218,218,218,218,218,218,218,218,,,,,,,54,,,,,,,,218,218,218,218,218,218,218,,,,,,,,,,,,,,,,,,,,,,,,,,230,230,236,230,230,236,236,236,236,230,236,236,236,236,236,236,236,230,138,,,68,230,236,236,236,236,236,236,230,236,236,236,236,236,236,236,222,222,222,222,222,222
218,218,218,218,218,218,218,218,218,218,,,,,,,,218,,,,54,,,,218,218,218,218,218,218,218,,,,,,,,,,,,,,,,,,,,,,,,,,230,,,68,230,,,,,230,,,,,,,,230,138,,,68,230,,,,,,,230,,,,,,,,222,222,222,222,222,222
218,218,218,218,218,218,218,218,218,,,,,,,,,49,,,,49,,,,218,218,218,218,218,218,218,,,,,,,,,,,,,,,,,,,,,,230,,,,230,,,68,230,236,236,236,236,230,236,236,236,236,236,236,236,230,138,,,68,230,236,236,236,236,236,236,230,236,236,236,236,236,236,236,222,222,222,222,222,222
218,218,218,218,218,218,218,218,,,,,,,,,,218,,,,49,,218,218,218,218,218,218,218,218,218,230,230,230,230,230,230,230,230,230,230,230,230,230,230,230,230,230,230,230,230,230,230,230,230,230,230,,,68,230,,,,,230,,,,,,,,230,138,,,68,230,,,,,,,230,,,,,,,,222,222,222,222,222,222
218,218,218,218,218,218,218,,,,,,,,,,,49,,218,218,218,218,218,218,218,218,218,218,218,218,218,,,,,,,,,,,,,,,,,,,,,,230,,,,230,,,68,230,236,236,236,236,230,236,236,236,236,236,236,236,230,236,236,236,230,230,236,236,236,236,236,236,230,236,236,236,236,236,236,236,222,222,222,222,222,222
218,218,218,218,218,218,,,,,,,,,,218,218,218,218,218,218,218,218,218,218,218,218,218,218,218,218,218,,,,,,,,,,,,,,,,,,,,,,,,,,230,,,68,230,,,,,230,,,,,,,,,,,,,230,,,,,,,230,,,,,,,,222,222,222,222,222,222
218,218,218,218,218,,,,,,,,,,,218,218,218,218,218,218,218,218,218,218,218,218,218,218,218,218,218,,,,,,,,,,,,,,,,,,,,,,,,,,230,230,236,230,230,236,236,236,236,230,236,236,236,236,236,236,236,236,236,230,138,,,,,230,236,236,236,230,236,236,236,236,236,236,236,222,222,222,222,222,222
218,218,218,218,,,,,,,218,236,236,236,218,218,218,218,218,218,218,218,218,218,218,218,218,218,218,218,218,218,,,,,,,,,,,,,,,,,,,,,,,,,,,,,230,,,,,,230,,,,,,,,,,230,138,,,,,230,,,,230,,,,,,,,222,222,222,222,222,222
218,218,218,,,,,,,,,,,,218,218,218,218,218,218,218,218,218,218,218,218,218,218,218,218,218,218,,,,,,,,,,,,,,,,,,,,,,,,,,,,,230,236,236,236,236,236,230,236,236,236,236,236,236,236,236,236,230,138,,,,,230,236,236,236,230,236,236,236,236,236,236,236,222,222,222,222,222,222
218,218,,,,,,,,,218,236,236,218,218,218,218,218,218,218,218,218,218,218,218,218,218,218,218,218,218,218,,,,,,,,,,,,,,,,,,,,,,,,,,,,,,,,,,,230,,,,,,,,,,230,138,,,,,230,,,,230,,,,,,,,222,222,222,222,222,222
218,,,,,,,,,,,,,218,218,218,218,218,218,218,218,218,218,218,218,218,218,218,218,218,218,218,,,,,,,,,,,,,,,,,,,,,,,,,,,,,230,236,236,236,236,236,230,236,236,236,236,236,236,236,236,236,230,138,,,,,230,236,236,236,230,236,236,236,236,236,236,236,222,222,222,222,222,222
,,,,,,,,218,236,236,236,218,218,218,218,218,218,218,218,218,218,218,218,218,218,218,218,218,218,218,218,,,,,,,,,,,,,,,,,,,,,,,,,,,,,,,,,,,230,,,,,,,,,,230,138,,,,,230,,,,230,,,,,,,,222,222,222,222,222,222
,,,,,,,,,,,,218,218,218,218,218,218,218,218,218,218,218,218,218,218,218,218,218,218,218,218,,,,,,,,,,,,,,,,,,,,,,,,,,,,,230,236,236,236,236,236,230,236,236,236,236,236,236,236,236,236,230,138,,,,,230,236,236,236,230,236,236,236,236,236,236,236,222,222,222,222,222,222
,,,218,236,236,236,218,,,,218,218,218,218,218,218,218,218,218,218,218,218,218,218,218,218,218,218,218,218,218,,,,,,,,,,,,,,,,,,,,,,,,,,,,,,,,,,,230,,,,,,,,,,,202,,,,,,,,,230,,,,,,,,222,222,222,222,222,222
236,236,236,218,,,,,,,,218,218,218,218,218,217,219,221,216,216,233,,,,,,,,,,,,,,,,,,,,,,,,,,,,,,,,,,,,,236,236,230,236,236,236,236,236,230,236,236,236,236,236,236,236,236,236,236,236,236,236,230,236,236,236,236,236,230,236,236,236,236,236,236,236,222,222,222,222,222,222
,,,218,236,236,236,218,,,,218,218,218,218,218,216,230,233,215,219,219,,,,,,,,,,,,,,,,,,,,,,,,,,,,,,,,,,,,,,,,,,,,,230,,,,,,,,,,,,,,,,,,,,,,,,,,,,222,222,222,222,222,222
,,,,,,,,,,,,218,218,218,218,233,221,221,231,216,233,,,,,,,,,,,,,,,,,,,,,,,,,,,,,,,,,,,,,,,230,236,236,236,236,236,230,236,236,236,236,236,236,236,236,236,236,236,236,236,236,236,236,236,236,236,236,236,236,236,236,236,236,236,222,222,222,222,222,222
,,,,,,,,218,236,236,236,218,218,218,218,216,216,217,222,219,222,,,,,,,,,,,,,,,,,,,,,,,,,,,,,,,,,,,,,,,,,,,,,230,,,,,,,,,,,,,,,,,,,,,,,,,,,,222,222,222,222,222,222
,,,,,,,,,,,,,218,218,218,230,220,221,219,217,222,,,,,,,,,,,,,,,,,,,,,,,,,,,,,,,,,,,,,,,230,236,236,236,236,236,230,236,236,236,236,236,236,236,236,236,236,236,236,236,236,236,236,236,236,230,236,236,236,236,236,236,236,236,222,222,222,222,222,222
,,,,,,,,,218,236,236,236,218,218,218,233,222,222,231,220,219,221,215,220,220,217,,,,,,,,,,,,,,,,,,,,,,,,,,,,,,,,,,,,,,,,230,,,,,,,,,,,,,,,,,,,,,,,,,,,,222,222,222,222,222,222
,,,,,,,,,,,,,,218,218,216,217,218,231,222,217,216,217,233,231,231,,,,,,,,,,,,,,,,,,,,,,,,,,,,,,,,,,230,236,236,236,236,236,230,236,236,236,236,236,236,236,236,236,236,236,236,236,236,236,236,236,236,236,230,236,236,236,236,236,236,236,222,222,222,222,222,222
,,,,,,,,,,218,236,236,236,218,218,222,219,221,221,215,219,216,222,222,218,221,,,,,,,,,,,,,,,,,,,,,,,,,,,,,,,,,,,,,,,,230,,,,,,,,,,,,,,,,,,,,,,,,,,,,222,222,222,222,222,222
,,,,,,,,,,,,,,,218,219,234,230,230,215,221,234,216,220,216,222,,,,,,,,,,,,,,,,,,,,,,,,,,,,,,,,,,230,236,236,236,236,236,230,236,236,236,236,236,236,236,236,236,236,236,236,236,236,236,236,236,236,236,236,236,236,236,236,236,236,236,222,222,222,222,222,222
,,,,,,,,,,,,,,,218,222,220,216,234,217,234,231,216,221,220,233,,,,,,,,,,,,,,,,,,,,,,,,,,,,,,,,,,,,,,,,230,,,,,,,,,,,,,,,,,,,,,,,,,,,,222,222,222,222,222,222
,,,,,,,,,,,,,218,,218,231,218,222,219,231,215,216,219,230,231,215,,,,,,,,,,,,,,,,,,,,,,,,,,,,,,,,,,230,236,236,236,236,236,230,236,236,236,236,236,236,236,236,236,236,236,236,236,236,236,236,236,236,236,236,236,236,236,230,236,236,236,222,222,222,222,222,222
,,,,,,,,,,,,218,218,236,218,233,234,222,220,231,230,234,219,234,221,216,,,,,,,,,,,,,,,,,,,,,,,,,,,,,,,,,,,,,,,,230,,,,,,,,,,,,,,,,,,,,,,,,,,,,222,222,222,222,222,222
,,,,,,,,,,,218,218,218,,218,221,219,220,219,231,216,218,231,222,218,215,,,,,,,,,,,,,,,,,,,,,,,,,,,,,,,,,,230,236,236,236,236,236,230,236,236,236,236,236,236,236,236,236,236,236,236,236,236,236,236,236,236,236,236,236,236,236,236,230,236,236,222,222,222,222,222,222
,,,,,,,,,,,,218,218,236,218,233,218,230,222,217,234,222,234,216,222,215,,,,,,,,,,,,,,,,,,,,,,,,,,,,,,,,,,,,,,,,230,,,,,,,,,,,,,,,,,,,,,,,,,,,,222,222,222,222,222,222
,,,,,,,,,,,,,218,,218,215,234,233,215,221,230,215,220,233,233,217,,,,,,,,,,,,,,,,,,,,,,,,,,,,,,,,,,230,236,236,236,236,236,230,236,236,236,236,236,236,236,236,236,236,236,236,236,236,236,236,236,236,236,236,236,236,236,236,236,230,236,222,222,222,222,222,222
,,,,,,,,,,,,,,,218,216,218,220,231,231,220,233,220,222,234,220,,,,,,,,,,,,,,,,,,,,,,,,,,,,,,,,,,,,,,,,230,,,,,,,,,,,,,,,,,,,,,,,,,,,,222,222,222,222,222,222
,,,,,,,,,,,,,,,,,219,217,215,216,221,219,216,215,230,220,,,,,,,,,,,,,,,,,,,,,,,,,,,,,,,,,,230,236,236,236,236,236,230,236,236,236,236,236,236,236,236,236,236,236,236,236,236,236,236,236,236,236,236,236,236,236,236,236,236,230,222,222,222,222,222,222
,,,,,,,,,,,,,,218,236,236,236,236,222,233,217,233,234,220,215,234,,,,,,,,,,,,,,,,,,,,,,,,,,,,,,,,,,,,,,,,,,,,,,,,,,,,,,,,,,,,,,,,,,,,222,222,222,222,222,222
,,,,,,,,,,,,,,,,,,,,230,217,221,230,218,220,231,,,,,,,,,,,,,,,,,,,,,,,,,,,,,,,,,,,,,,,,,,,,,,,,,,,,,,,,,,,,,,,,,,,,222,222,222,222,222,222
,,,,,,,,,,,,,,218,236,236,236,236,236,220,215,220,216,230,215,215,,,,,,,,,,,,,,,,,,,,,,,,,,,,,,,,,,,,,,,,,,,,,,,,,,,,,,,,,,,,,,,,,,,,222,222,222,222,222,222
,,,,,,,,,,,,,,,,,,,,233,219,221,221,221,219,234,,,,,,,,,,,,,,,,,,,,,,,,,,,,,,,,,,,,,,,,,,,,,,,,,,,,,,,,,,,,,,,,,,,,222,222,222,222,222,222
236,236,236,236,236,236,236,236,236,236,236,218,218,,,218,236,236,236,236,215,234,219,234,230,221,216,,,,,,,,,,,,,,,,,,,,,,,,,,,,,,,,,,,,,,,,,,,,,,,,,,,,,,,,,,,,,,,,,,,,222,222,222,222,222,222
,,,,,,,,,,,,,,,,,,,,220,231,220,233,216,222,216,,,,,,,,,,,,,,,,,,,,,,,,,,,,,,,,,,,,,,,,,,,,,,,,,,,,,,,,,,,,,,,,,,,,222,222,222,222,222,222
,,,,,,,,,,,,,,,,218,236,236,236,215,220,230,215,220,221,219,,,,,,,,,,,,,,,,,,,,,,,,,,,,,,,,,,,,,,,,,,,,,,,,,,,,,,,,,,,,,,,,,,,,215,,,,222,222
,,,,,,,,,,,,,,,,,,,,219,218,219,230,233,222,234,,,,,,,,,,,,,,,,,,,,,,,,,,,,,,,,,,,,,,,,,,,,,,,,,,,,,,,,,,,,,,,,,,,,,,,,222,222
,,,,,,,,,,,,,,,218,236,236,236,236,230,218,216,220,221,217,215,,,,,,,,,,,,,,,,,,,,,,,,,,,,,,,,,,,,,,,,,,,,,,,,,,,,,,,,,,,,,,,,,,,,,,,,222,222
,,,,,,,,,,,,,,,,,,,,216,230,219,233,233,218,220,,,,,,,,,,,,,,,,,,,,,,,,,,,,,,,,,,,,,,,,,,,,,,,,,,,,,,,,,,,,,,,,,,,,,,,,222,222
,,,,,,,,,,,,,,218,236,236,236,236,236,219,231,215,216,217,234,230,,,,,,,,,,,,,,,,,,,,,,,,,,,,,,,,,,,,,,,,,,,,,,,,,,,,,,,,,,,,,,,,,,,,235,235,235,235,222,222
,,,,,,,,,,,,,,,,,,,,219,234,215,234,233,219,233,,,,,,,,,,,,,,,,,,,,,,,,,,,,,,,,,,,,,,,,,,,,,,,,,,,,,,,,,,,,,,,,,,,,235,235,235,235,222,222
236,236,236,236,236,236,236,236,236,236,236,218,218,,,218,236,236,236,236,215,215,217,230,219,234,220,,,,,,,,,,,,,,,,,,,,,,,,,,,,,,,,,,,,,,,,,,,,,,,,,,,,,,,,,,,,,,,,,,,,,,,,222,222
,,,,,,,,,,,,,,,,,,,,233,233,230,216,219,220,218,,,,,,,,,,,,,,,,,,,,,,,,,,,,,,,,,,,,,,,,,,,,,,,,,,,,,,,,,,,,,,,,,,,,,,,,222,222
,,,,,,,,,,,,,,,,218,,,,221,220,234,219,218,219,215,,,,,,,,,,,,,,,,,,,,,,,,,,,,,,,,,,,,,,,,,,,,,,,,,,,,,,,,,,,,,,,,,,,,215,235,235,235,222,222
,,,,,,,,,,,,218,,,,218,,,,215,222,230,221,218,217,215,,,,,,,,,,,,,,,,,,,,,,,,,,,,,,,,,,,,,,,,,,,,,,,,,,,,,,,,,,,,,,,,,,,,,,,,222,222
,,,,,,,,,,,,218,236,236,218,218,,,,222,231,222,233,222,233,233,,,,,,,,,,,,,,,,,,,,,,,,,,,,,,,,,,,,,,,,,,,,,,,,,,,,,,,,,,,,,,,,,,,,,,,,222,222
,,,,,,,,,,,,218,138,,68,218,,,,221,233,219,231,222,221,215,,,,,,,,,,,,,,,,,,,,,,,,,,,,,,,,,,,,,,,,,,,,,,,,,,,,,,,,,,,,,,,,,,,,,,235,235,222,222
,,,,,,,,,,,,218,138,,68,218,,,,218,231,234,219,230,221,221,,,,,,,,,,,,,,,,,,,,,,,,,,,,,,,,,,,,,,,,,,,,,,,,,,,,,,,,,,,,,,,,,,,,,,,,222,222
,,,,,,,,,,,,218,138,,68,218,236,236,236,220,233,219,216,216,217,217,,,,,,,,,,,,,,,,,,,,,,,,,,,,,,,,,,,,,,,,,,,,,,,,,,,,,,,,,,,,,,,,,,,,,,,,222,222
218,218,218,218,218,218,218,218,218,218,218,218,218,138,,68,218,218,218,218,231,218,233,219,231,221,220,,,,,,,,,,,,,,,,,,,,,,,,,,,,,,,,,,,,,,,,,,,,,,,,,,,,,,,,,,,,,,,,,,,,,,215,235,222,222
,,,,,,,,,,,,218,138,,68,218,236,236,236,231,234,234,221,222,222,218,,,,,,,,,,,,,,,,,,,,,,,,,,,,,,,,,,,,,,,,,,,,,,,,,,,,,,,,,,,,,,,,,,,,,,,,222,222
,,,,,,,,,,,,218,138,,68,218,,,,222,215,218,217,233,218,215,,,,,,,,,,,,,,,,,,,,,,,,,,,,,,,,,,,,,,,,,,,,,,,,,,,,,,,,,,,,,,,,,,,,,,,215,222,222
,,,,,,,,,,,,218,138,,68,218,,,,217,219,217,231,215,216,221,,,,,,,,,,,,,,,,,,,,,,,,,,,,,,,,,,,,,,,,,,,,,,,,,,,,,,,,,,,,,,,,,,,,,,,,222,222
,,,,,,,,,,,,218,236,236,218,218,,,,230,217,220,234,230,219,218,,,,,,,,,,,,,,,,,,,,,,234,219,231,221,231,233,230,221,217,,,,,,,,,,,,,,,,,,,,,,,,,,,,,,,,,,,,,,,,,,222,222
,,,,,,,,,,,,218,,,,218,,,,218,218,234,219,222,218,222,,,,,,,,,,,,,,,,,,,,,,216,219,222,216,233,218,221,218,219,,,,,,,,,,,,,,,,,,,,,,,,,,,,,,,,,,,,,,,,,215,222,222
,,,,,,,,,,,,,,,,218,,,,217,221,216,222,221,218,234,,,,,,,,,,,,,,,,,,,,,,,231,219,222,222,230,220,222,,,,,,,,,,,,,,,,,,,,,,,,,,,,,,,,,,,,,,,,,,,222,222
,,,,,,,,,,,,,,,,,,,,220,234,216,217,233,234,218,,,,,,,,,,,,,,,,,,,,,,,219,219,215,219,217,220,,,,,,,,,,,,,,,,,,,,,,,,,,,,,,,,,,,,,,,,,,,,222,222
,,,,,,,,,,,,,,,,,,,220,216,221,230,219,220,217,222,,,,,,,,,,,,,,,,,,,,,,,,218,217,222,234,222,,,,,,,,,,,,,,,,,,,,,,,,,,,,,,,,,,,,,,,,,,,,222,222
,,,,,,,,,,,,,,,,,220,221,219,233,221,218,221,217,216,234,,,,,,,,,,,,,,,,,,,,,,,,,216,215,233,,,,,,,,,,,,,,,,,,,,,,,,,,,,,,,,,,,,,,,,,,,,,222,222
,,,,,,,,,,,,,,,,,234,222,215,233,216,233,230,231,217,231,,,,,,,,,,,,,,,,,,,,,,,,,215,218,231,,,,,,,,,,,,,,,,,,,,,,,,,,,,,,,,,,,,,,,,,,,,,222,222
,,,,,,,,,,,,,,,,,233,220,222,221,233,231,215,218,215,222,,,,,,,,,,,,,,,,,231,,,,,,,,,231,,,,,,,,,,,,,,,,,,,,,,,,,,,,,,,,,,,,,,,,,,,,,,222,222
,,,,,,,,,,,,,,,,,234,231,231,233,233,234,216,218,234,221,216,,,,,,,,,220,,,,,,,233,215,,,,,,,,201,,,,,,,,,,,,,,,,,,,,,,,,234,,,,,,,,,,,,,,,,,,,,,,222,222
,,,,,,,,,,,,,,,,,215,233,222,234,234,216,231,218,220,217,215,217,,218,,,,,230,216,218,,,,,215,230,217,233,,,,,,,230,,,,,,,217,218,,,,,,,,,,,,,,,221,230,215,,,,,,,,,,,,,,,,,,,215,236,222,222
,,,,,,,,,,,,,,,219,235,219,230,222,216,231,221,231,215,216,217,221,221,221,221,221,221,221,221,221,221,221,221,221,221,221,221,221,221,221,221,221,221,221,221,221,221,221,221,221,221,221,221,221,221,221,221,221,221,221,221,221,221,221,221,221,221,221,221,221,221,221,221,236,221,221,215,,,,,,,,,,,,,,,,222,222
,,,,,,,,,,,,,,,,,,,,,,,,,,,,,,,,,,,,,,,,,,,,,,,,,,,,,,,,,,,,,,,,,,,,,,,,,,,,,,,,,,215,235,235,235,235,235,215,235,235,235,215,235,235,235,235,235,222,222
,,,,,,,,,,,,,,,219,235,219,220,218,221,219,217,230,220,234,216,221,221,221,221,221,221,221,221,221,221,221,221,221,221,221,221,221,221,221,221,221,221,221,221,221,221,221,221,221,221,221,221,221,221,221,221,221,221,221,221,221,221,221,221,221,221,221,221,221,221,221,221,221,221,221,215,,,,,,,,,,,,,,,,222,222
,,,,,,,,,,,,,,,,,221,218,220,230,219,220,219,221,217,221,215,,,,,,219,,,,,220,,,,,,,220,218,216,,,,,,,,,216,,,215,217,,,,,216,215,220,218,233,,,,,,,,,,219,,,,,,,,,,,,,,,,,,,222,222
,,,,,,,,,,,,,,,,,216,222,234,231,220,231,219,234,233,219,,,,,,,,,,,,,,,,,,,,234,,,,,,,,215,235,218,235,235,230,,,,,,,219,218,215,,,,,,,,,,,,,,,,,,,,,,,,,,,,,,222,222
,,,,,,,,,,,,,,,,,233,220,218,220,233,230,230,217,233,218,,,,,,,,,,,,,,,,,,,,,,,,,,,,,,231,,,,,,,,,,,231,,,,,,,,,,,,,,,,,,,,,,,,,,,,,,,222,222
,,,,,,,,,,,,,,,,,218,222,220,219,218,230,234,216,218,230,,,,,,,,,,,,,,,,,,,,,,,,,,,,,,,,,,,,,,,,,,,,,,,,,,,,,,,,,,,,215,222,222,222,222,222,222,222,222,222,222,222,222,222
,,,,,,,,,,,,,,,,,233,216,217,231,222,215,217,233,220,220,,,,,,,,,,,,,,,,,,,,,,,,,,,,,,,,,,,,,,,,,,,,,,,,,,,,,,,,,,,,215,222,222,222,222,222,222,222,222,222,222,222,222,222
,,,,,,,,,,,,,,,,,220,217,217,234,222,218,215,215,215,220,,,,,,,,,,,,,,,,,,,,,,,,,,,,,,,,,,,,,,,,,,,,,,,,,,,,,,,,,,,,215,222,222,222,222,222,222,222,222,222,222,222,222,222
,,,,,,,,,,,,,,,,,217,234,233,215,220,230,217,215,230,220,,,,,,,,,,,,,,,,,,,,,,,,,,,,,,,,,,,,,,,,,,,,,,,,,,,,,,,,,,,,215,222,222,222,222,222,222,222,222,222,222,222,222,222
,,,,,,,,,,,,,,,215,,222,220,220,230,217,222,220,230,217,218,,,,,,,,,,,,,,,,,,,,,,,,,,,,,,,,,,,,,,,,,,,,,,,,,,,,,,,,,,,,215,222,222,222,222,222,222,222,222,222,222,222,222,222
,,,,,,,,,,,,,220,,216,216,215,230,219,216,220,216,220,234,216,220,,,,,,,,,,,,,,,,,,,,,,,,,,,,,,,,,,,,,,,,,,,,,,,,,,,,,,,,,,,,215,222,222,222,222,222,222,222,222,222,222,222,222,222
218,217,231,230,,,,,,,,217,,216,221,215,222,222,234,217,219,234,218,217,233,222,234,,,,,,,,,,,,,,,,,,,,,,,,,,,,,,,,,,,,,,,,,,,,,,,,,,,,,,,,,,,,215,222,222,222,222,222,222,222,222,222,222,222,222,222
231,220,218,231,215,234,231,221,217,233,233,234,215,218,222,230,221,233,218,216,221,218,220,216,230,233,218,,,,,,,,,,,,,,,,,,,,,,,,,,,,,,,,,,,,,,,,,,,,,,,,,,,,,,,,,,,,215,222,222,222,222,222,222,222,222,222,222,222,222,222
218,230,230,221,216,215,230,222,233,217,219,218,218,233,230,221,215,220,218,220,234,230,233,219,218,218,221,,,,,,,,,,,,,,,,,,,,,,,,,,,,,,,,,,,,,,,,,,,,,,,,,,,,,,,,,,,,215,222,222,222,222,222,222,222,222,222,222,222,222,222
221,217,231,217,216,216,217,230,231,216,222,230,215,218,221,220,215,233,234,231,216,220,231,233,234,220,216,,,,,,,,,,,,,,,,,,,,,,,,,,,,,,,,,,,,,,,,,,,,,,,,222,222,222,222,222,222,222,222,222,222,222,222,222,222,222,222,222,222,222,222,222,222,222,222,222,222
BigDecor: 
,,,,,,,,,,,,,,,,,,,,,,,,,,,,,,,,,,,,,,,,,,,,,,,,,,,,,,,,,,,,,,,,,,,,,,,,,,,,,,,,,,,,,,,,,,,,,,,,,,,
,,,,,,,,,,,,,,,,,,,,,,,,,,,,,,,,,,,,,,,,,,,,,,,,,,,,,,,,,,,,,,,,,,,,,,,,,,,,,,,,,,,,,,,,,,,,,,,,,,,
,,,,,,,,,,,,,,,,,,,,,,,,,,,,,,,,,,,,,,,,,,,,,,,,,,,,,,,,,,,,,,,,,,,,,,,,,,,,,,,,,,,,,,,,,,,,,,,,,,,
,39,,,,,,,,,,,,,,,,,,,,,,,,,,,,,,,,,,,,,,,,,,,,,,,,,,,,,,,,,,,,,,,,,,,,,,,,,,,,,,,,,,,,,,,,,,,,,,,,,,
,,,,,,,,,,,,,,,,,,,,,,,,,,,,,,,,,,,,,,,,,,,,,,,,,,,,,,,,,,,,,,,,,,,,,,,,,,,,,,,,,,,,,,,,,,,,,,,,,,,
,,,,,,,,,,,,,,,,,,,,,,,,,,,,,,,,,,,,,,,,,,,,,,,,,,,,,,,,,,,,,,,,,,,,,,,,,,,,,,,,,,,,,,,,,,,,,,,,,,,
,,,,,,,,,,,,,,,,,,,,,,,,,,,,,,,,,,,,,,,,,,,,,,,,,,,,,,,,,,,,,,,,,,,,,,,,,,,,,,,,,,,,,,,,,,,,,,,,,,,
,,,,,,,,,,,,,,,,,,,,,,,,,,,,,,,,,,,,,,,,,,,,,,,,,,,,,,,,,,,,,,,,,,,,,,,,,,,,,,,,,,,,,,,,,,,,,,,,,,,
,,,,,,,,,,,,,,,,,,,,,,,,,,,,,,,,,,,,,,,,,,,,,,,,,,,,,,,,,,,,,,,,,,,,,,,,,,,,,,,,,,,,,,,,,,,,,,,,,,,
,,,,,,,,,,,,,,,,,,,,,,,,,,,,,,,,,,,,,,,,,,,,,,,,,,,,,,,,,,,,,,,,,,,,,,,,,,,,,,,,,,,,,,,,,,,,,,,,,,,
,,,,,,,,,,,,,,,,,,,,,,,,,,,,,,,,,,,,,,,,,,,,,,,,,,,,,,,,,,,,,,,,,,,,,,,,,,,,,,,,,,,,,,,,,,,,,,,,,,,
,,,,,,,,,,,,,,,,,,,,,,,,,,,,,,,,,,,,,,,,,,,,,,,,,,,,,,,,,,,,,,,,,,,,,,,,,,,,,,,,,,,,,,,,,,,,,,,,,,,
,,,,,,,,,,,,,,,,,,,,,,,,,,,,,,,,,,,,,,,,,,,,,,,,,,,,,,,,,,,,,,,,,,,,,,,,,,,,,,,,,,,,,,,,,,,,,,,,,,,
,,,,,,,,,,,,,,,,,,,,,,,,,,,,,,,,,,,,,,,,,,,,,,,,,,,,,,,,,,,,,,,,,,,,,,,,,,,,,,,,,,,,,,,,,,,,,,,,,,,
,,,,,,,,,,,,,,,,,,,,,,,,,,,,,,,,,,,,,,,,,,,,,,,,,,,,,,,,,,,,,,,,,,,,,,,,,,,,,,,,,,,,,,,,,,,,,,,,,,,
,,,,,,,,,,,,,,,,,,,,,,,,,,,,,,,,,,,,,,,,,,,,,,,,,,,,,,,,,,,,,,,,,,,,,,,,,,,,,,,,,,,,,,,,,,,,,,,,,,,
,,,,,,,,,,,,,,,,,,,,,,,,,,,,,,,,,,,,,,,,,,,,,,,,,,,,,,,,,,,,,,,,,,,,,,,,,,,,,,,,,,,,,,,,,,,,,,,,,,,
,,,,,,,,,,,,,,,,,,,,,,,,,,,,,,,,,,,,,,,,,,,,,,,,,,,,,,,,,,,,,,,,,,,,,,,,,,,,,,,,,,,,,,,,,,,,,,,,,,,
,,,,,,,,,,,,,,,,,,,,,,,,,,,,,,,,,,,,,,,,,,,,,,,,,,,,,,,,,,,,,,,,,,,,,,,,,,,,,,,,,,,,,,,,,,,,,,,,,,,
,,,,,,,,,,,,,,,,,,,,,,,,,,,,,,,,,,,,,,,,,,,,,,,,,,,,,,,,,,,,,,,,,,,,,,,,,,,,,,,,,,,,,,,,,,,,,,,,,,,
,,,,,,,,,,,,,,,,,,,,,,,,,,,,,,,,,,,,,,,,,,,,,,,,,,,,,,,,,,,,,,,,,,,,,,,,,,,,,,,,,,,,,,,,,,,,,,,,,,,
,,,,,,,,,,,,,,,,,,,,,,,,,,,,,,,,,,,,,,,,,,,,,,,,,,,,,,,,,,,,,,,,,,,,,,,,,,,,,,,,,,,,,,,,,,,,,,,,,,,
,,,,,,,,,,,,,,,,,,,,,,,,,,,,,,,,,,,,,,,,,,,,,,,,,,,,,,,,,,,,,,,,,,,,,,,,,,,,,,,,,,,,,,,,,,,,,,,,,,,
,,,,,,,,,,,,,,,,,,,,,,,,,,,,,,,,,,,,,,,,,,,,,,,,,,,,,,,,,,,,,,,,,,,,,,,,,,,,,,,,,,,,,,,,,,,,,,,,,,,
,,,,,,,,,,,,,,,,,,,,,,,,,,,,,,,,,,,,,,,,,,,,,,,,,,,,,,,,,,,,,,,,,,,,,,,,,,,,,,,,,,,,,,,,,,,,,,,,,,,
,,,,,,,,,,,,,,,,,,,,,,,,,,,,,,,,,,,,,,,,,,,,,,,,,,,,,,,,,,,,,,,,,,,,,,,,,,,,,,,,,,,,,,,,,,,,,,,,,,,
,,,,,,,,,,,,,,,,,,,,,,,,,,,,,,,,,,,,,,,,,,,,,,,,,,,,,,,,,,,,,,,,,,,,,,,,,,,,,,,,,,,,,,,,,,,,,,,,,,,
,,,,,,,,,,,,,,,,,,,,,,,,,,,,,,,,,,,,,,,,,,,,,,,,,,,,,,,,,,,,,,,,,,,,,,,,,,,,,,,,,,,,,,,,,,,,,,,,,,,
,,,,,,,,,,,,,,,,,,,,,,,,,,,,,,,,,,,,,,,,,,,,,,,,,,,,,,,,,,,,,,,,,,,,,,,,,,,,,,,,,,,,,,,,,,,,,,,,,,,
,,,,,,,,,,,,,,,,,,,,,,,,,,,,,,,,,,,,,,,,,,,,,,,,,,,,,,,,,,,,,,,,,,,,,,,,,,,,,,,,,,,,,,,,,,,,,,,,,,,
,,,,,,,,,,,,,,,,,,,,,,,,,,,,,,,,,,,,,,,,,,,,,,,,,,,,,,,,,,,,,,,,,,,,,,,,,,,,,,,,,,,,,,,,,,,,,,,,,,,
,,,,,,,,,,,,,,,,,,,,,,,,,,,,,,,,,,,,,,,,,,,,,,,,,,,,,,,,,,,,,,,,,,,,,,,,,,,,,,,,,,,,,,,,,,,,,,,,,,,
,,,,,,,,,,,,,,,,,,,,,,,,,,,,,,,,,,,,,,,,,,,,,,,,,,,,,,,,,,,,,,,,,,,,,,,,,,,,,,,,,,,,,,,,,,,,,,,,,,,
,,,,,,,,,,,,,,,,,,,,,,,,,,,,,,,,,,,,,,,,,,,,,,,,,,,,,,,,,,,,,,,,,,,,,,,,,,,,,,,,,,,,,,,,,,,,,,,,,,,
,,,,,,,,,,,,,,,,,,,,,,,,,,,,,,,,,,,,,,,,,,,,,,,,,,,,,,,,,,,,,,,,,,,,,,,,,,,,,,,,,,,,,,,,,,,,,,,,,,,
,,,,,,,,,,,,,,,,,,,,,,,,,,,,,,,,,,,,,,,,,,,,,,,,,,,,,,,,,,,,,,,,,,,,,,,,,,,,,,,,,,,,,,,,,,,,,,,,,,,
,,,,,,,,,,,,,,,,,,,,,,,,,,,,,,,,,,,,,,,,,,,,,,,,,,,,,,,,,,,,,,,,,,,,,,,,,,,,,,,,,,,,,,,,,,,,,,,,,,,
,,,,,,,,,,,,,,,,,,,,,,,,,,,,,,,,,,,,,,,,,,,,,,,,,,,,,,,,,,,,,,,,,,,,,,,,,,,,,,,,,,,,,,,,,,,,,,,,,,,
,,,,,,,,,,,,,,,,,,,,,,,,,,,,,,,,,,,,,,,,,,,,,,,,,,,,,,,,,,,,,,,,,,,,,,,,,,,,,,,,,,,,,,,,,,,,,,,,,,,
,,,,,,,,,,,,,,,,,,,,,,,,,,,,,,,,,,,,,,,,,,,,,,,,,,,,,,,,,,,,,,,,,,,,,,,,,,,,,,,,,,,,,,,,,,,,,,,,,,,
,,,,,,,,,,,,,,,,,,,,,,,,,,,,,,,,,,,,,,,,,,,,,,,,,,,,,,,,,,,,,,,,,,,,,,,,,,,,,,,,,,,,,,,,,,,,,,,,,,,
,,,,,,,,,,,,,,,,,,,,,,,,,,,,,,,,,,,,,,,,,,,,,,,,,,,,,,,,,,,,,,,,,,,,,,,,,,,,,,,,,,,,,,,,,,,,,,,,,,,
,,,,,,,,,,,,,,,,,,,,,,,,,,,,,,,,,,,,,,,,,,,,,,,,,,,,,,,,,,,,,,,,,,,,,,,,,,,,,,,,,,,,,,,,,,,,,,,,,,,
,,,,,,,,,,,,,,,,,,,,,,,,,,,,,,,,,,,,,,,,,,,,,,,,,,,,,,,,,,,,,,,,,,,,,,,,,,,,,,,,,,,,,,,,,,,,,,,,,,,
,,,,,,,,,,,,,,,,,,,,,,,,,,,,,,,,,,,,,,,,,,,,,,,,,,,,,,,,,,,,,,,,,,,,,,,,,,,,,,,,,,,,,,,,,,,,,,,,,,,
,,,,,,,,,,,,,,,,,,,,,,,,,,,,,,,,,,,,,,,,,,,,,,,,,,,,,,,,,,,,,,,,,,,,,,,,,,,,,,,,,,,,,,,,,,,,,,,,,,,
,,,,,,,,,,,,,,,,,,,,,,,,,,,,,,,,,,,,,,,,,,,,,,,,,,,,,,,,,,,,,,,,,,,,,,,,,,,,,,,,,,,,,,,,,,,,,,,,,,,
,,,,,,,,,,,,,,,,,,,,,,,,,,,,,,,,,,,,,,,,,,,,,,,,,,,,,,,,,,,,,,,,,,,,,,,,,,,,,,,,,,,,,,,,,,,,,,,,,,,
,,,,,,,,,,,,,,,,,,,,,,,,,,,,,,,,,,,,,,,,,,,,,,,,,,,,,,,,,,,,,,,,,,,,,,,,,,,,,,,,,,,,,,,,,,,,,,,,,,,
,,,,,,,,,,,,,,,,,,,,,,,,,,,,,,,,,,,,,,,,,,,,,,,,,,,,,,,,,,,,,,,,,,,,,,,,,,,,,,,,,,,,,,,,,,,,,,,,,,,
,,,,,,,,,,,,,,,,,,,,,,,,,,,,,,,,,,,,,,,,,,,,,,,,,,,,,,,,,,,,,,,,,,,,,,,,,,,,,,,,,,,,,,,,,,,,,,,,,,,
,,,,,,,,,,,,,,,,,,,,,,,,,,,,,,,,,,,,,,,,,,,,,,,,,,,,,,,,,,,,,,,,,,,,,,,,,,,,,,,,,,,,,,,,,,,,,,,,,,,
,,,,,,,,,,,,,,,,,,,,,,,,,,,,,,,,,,,,,,,,,,,,,,,,,,,,,,,,,,,,,,,,,,,,,,,,,,,,,,,,,,,,,,,,,,,,41,,,,,,,
,,,,,,,,,,,,,,,,,,,,,,,,,,,,,,,,,,,,,,,,,,,,,,,,,,,,,,,,,,,,,,,,,,,,,,,,,,,,,,,,,,,,,,,,,,,,,,,,,,,
,,,,,,,,,,,,,,,,,,,,,,,,,,,,,,,,,,,,,,,,,,,,,,,,,,,,,,,,,,,,,,,,,,,,,,,,,,,,,,,,,,,,,,,,,,,,,,,,,,,
,,,,,,,,,,,,,,,,,,,,,,,,,,,,,,,,,,,,,,,,,,,,,,,,,,,,,,,,,,,,,,,,,,,,,,,,,,,,,,,,,,,,,,,,,,,,,,,,,,,
,,,,,,,,,,,,,,,,,,,,,,,,,,,,,,,,,,,,,,,,,,,,,,,,,,,,,,,,,,,,,,,,,,,,,,,,,,,,,,,,,,,,,,,,,,,,,,,,,,,
,,,,,,,,,,,,,,,,,,,,,,,,,,,,,,,,,,,,,,,,,,,,,,,,,,,,,,,,,,,,,,,,,,,,,,,,,,,,,,,,,,,,,,,,,,,,,,,,,,,
,,,,,,,,,,,,,,,,,,,,,,,,,,,,,,,,,,,,,,,,,,,,,,,,,,,,,,,,,,,,,,,,,,,,,,,,,,,,,,,,,,,,,,,,,,,,,,,,,,,
,,,,,,,,,,,,,,,,,,,,,,,,,,,,,,,,,,,,,,,,,,,,,,,,,,,,,,,,,,,,,,,,,,,,,,,,,,,,,,,,,,,,,,,,,,,,,,,,,,,
,,,,,,,,,,,,,,,,,,,,,,,,,,,,,,,,,,,,,,,,,,,,,,,,,,,,,,,,,,,,,,,,,,,,,,,,,,,,,,,,,,,,,,,,,,,,,,,,,,,
,,,,,,,,,,,,,,,,,,,,,,,,,,,,,,,,,,,,,,,,,,,,,,,,,,,,,,,,,,,,,,,,,,,,,,,,,,,,,,,,,,,,,,,,,,,,,,,,,,,
,,,,,,,,,,,,,,,,,,,,,,,,,,,,,,,,,,,,,,,,,,,,,,,,,,,,,,,,,,,,,,,,,,,,,,,,,,,,,,,,,,,,,,,,,,,,,,,,,,,
,,,,,,,,,,,,,,,,,,,,,,,,,,,,,,,,,,,,,,,,,,,,,,,,,,,,,,,,,,,,,,,,,,,,,,,,,,,,,,,,,,,,,,,,,,,,,,,,,,,
,,,,,,,,,,,,,,,,,,,,,,,,,,,,,,,,,,,,,,,,,,,,,,,,,,,,,,,,,,,,,,,,,,,,,,,,,,,,,,,,,,,,,,,,,,,,,,,,,,,
,,,,,,,,,,,,,,,,,,,,,,,,,,,,,,,,,,,,,,,,,,,,,,,,,,,,,,,,,,,,,,,,,,,,,,,,,,,,,,,,,,,,,,,,,,,,,,,,,,,
,,,,,,,,,,,,,,,,,,,,,,,,,,,,,,,,,,,,,,,,,,,,,,,,,,,,,,,,,,,,,,,,,,,,,,,,,,,,,,,,,,,,,,,,,,,,,,,,,,,
,,,,,,,,,,,,,,,,,,,,,,,,,,,,,,,,,,,,,,,,,,,,,,,,,,,,,,,,,,,,,,,,,,,,,,,,,,,,,,,,,,,,,,,,,,,,,,,,,,,
,,,,,,,,,,,,,,,,,,,,,,,,,,,,,,,,,,,,,,,,,,,,,,,,,,,,,,,,,,,,,,,,,,,,,,,,,,,,,,,,,,,,,,,,,,,,,,,,,,,
,,,,,,,,,,,,,,,,,,,,,,,,,,,,,,,,,,,,,,,,,,,,,,,,,,,,,,,,,,,,,,,,,,,,,,,,,,,,,,,,,,,,,,,,,,,,,,,,,,,
,,,,,,,,,,,,,,,,,,,,,,,,,,,,,,,,,,,,,,,,,,,,,,,,,,,,,,,,,,,,,,,,,,,,,,,,,,,,,,,,,,,,,,,,,,,,,,,,,,,
,,,,,,,,,,,,,,,,,,,,,,,,,,,,,,,,,,,,,,,,,,,,,,,,,,,,,,,,,,,,,,,,,,,,,,,,,,,,,,,,,,,,,,,,,,,,,,,,,,,
,,,,,,,,,,,,,,,,,,,,,,,,,,,,,,,,,,,,,,,,,,,,,,,,,,,,,,,,,,,,,,,,,,,,,,,,,,,,,,,,,,,,,,,,,,,,,,,,,,,
,,,,,,,,,,,,,,,,,,,,,,,,,,,,,,,,,,,,,,,,,,,,,,,,,,,,,,,,,,,,,,,,,,,,,,,,,,,,,,,,,,,,,,,,,,,,,,,,,,,
,,,,,,,,,,,,,,,,,,,,,,,,,,,,,,,,,,,,,,,,,,,,,,,,,,,,,,,,,,,,,,,,,,,,,,,,,,,,,,,,,,,,,,,,,,,,,,,,,,,
,,,,,,,,,,,,,,,,,,,,,,,,,,,,,,,,,,,,,,,,,,,,,,,,,,,,,,,,,,,,,,,,,,,,,,,,,,,,,,,,,,,,,,,,,,,,,,,,,,,
,,,,,,,,,,,,,,,,,,,,,,,,,,,,,,,,,,,,,,,,,,,,,,,,,,,,,,,,,,,,,,,,,,,,,,,,,,,,,,,,,,,,,,,,,,,,,,,,,,,
,,,,,,,,,,,,,,,,,,,,,,,,,,,,,,,,,,,,,,,,,,,,,,,,,,,,,,,,,,,,,,,,,,,,,,,,,,,,,,,,,,,,,,,,,,,,,,,,,,,
,,,,,,,,,,,,,,,,,,,,,,,,,,,,,,,,,,,,,,,,,,,,,,,,,,,,,,,,,,,,,,,,,,,,,,,,,,,,,,,,,,,,,,,,,,,,,,,,39,,,
,,,,,,,,,,,,,,,,,,,,,,,,,,,,,,,,,,,,,,,,,,,,,,,,,,,,,,,,,,,,,,,,,,,,,,,,,,,,,,,,,,,,,,,,,,,,,,,,,,,
,,,,,,,,,,,,,,,,,,,,,,,,,,,,,,,,,,,,,,,,,,,,,,,,,,,,,,,,,,,,,,,,,,,,,,,,,,,,,,,,,,,,,,,,,,,,,,,,36,,,
,,,,,,,,,,,,,,,36,,,,,,,,,,,,,,,,,,,,,,,,,,,,,,,,,,,,,,,,,,,,,,,,,,,,,,,,,,,,,,,,,,,,,,,,,,,,,,,,,,,,
,,,,,,,,,,,,,,,,,,,,,,,,,,,,,,,,,,,,,,,,,,,,,,,,,,,,,,,,,,,,,,,,,,,,,,,,,,,,,,,,,,,,,,,,,,,,,,,,,,,
,,,,,,,,,,,,,,,,,,,,,,,,,,,,,,,,,,,,,,,,,,,,,,,,,,,,,,,,,,,,,,,,,,,,,,,,,,,,,,,,,,,,,,,,,,,,,,,,,,,
,,,,,,,,,,,,,,,,,,,,,,,,,,,,,,,,,,,,,,,,,,,,,,,,,,,,,,,,,,,,,,,,,,,,,,,,,,,,,,,,,,,,,,,,,,,,,,,,,,,
,,,,,,,,,,,,,,,,,,,,,,,,,,,,,,,,,,,,,,,,,,,,,,,,,,,,,,,,,,,,,,,,,,,,,,,,,,,,,,,,,,,,,,,,,,,,,,,,,,,
,,,,,,,,,,,,,,,,,,,,,,,,,,,,,,,,,,,,,,,,,,,,,,,,,,,,,,,,,,,,,,,,,,,,,,,,,,,,,,,,,,,,,,,,,,,,,,,,,,,
,,,,,,,,,,,,,,,,,,,,,,,,,,,,,,,,,,,,,,,,,,,,,,,,,,,,,,,,,,,,,,,,,,,,,,,,,,,,,,,,,,,,,,,,,,,,,,,,38,,,
,,,,,,,,,,,,,,,37,,,,,,,,,,,,,,,,,,,,,,,,,,,,,,,,,,,,,,,,,,,,,,,,,,,,,,,,,,,,,,,,,,,,,,,,,,,,,,,,,,,,
,,,,,,,,,,,,,,,,,,,,,,,,,,,,,,,,,,,,,,,,,,,,,,,,,,,,,,,,,,,,,,,,,,,,,,,,,,,,,,,,,,,,,,,,,,,,,,,,,,,
,,,,,,,,,,,,,,,,,,,,,,,,,,,,,,,,,,,,,,,,,,,,,,,,,,,,,,,,,,,,,,,,,,,,,,,,,,,,,,,,,,,,,,,,,,,,,,,,,,,
,,,,,,,,,,,,,,,,,,,,,,,,,,,,,,,,,,,,,,,,,,,,,,,,,,,,,,,,,,,,,,,,,,,,,,,,,,,,,,,,,,,,,,,,,,,,,,,,,,,
,,,,,,,,,,,,,,,,,,,,,,,,,,,,,,,,,,,,,,,,,,,,,,,,,,,,,,,,,,,,,,,,,,,,,,,,,,,,,,,,,,,,,,,,,,,,,,,,,,,
,,,,,,,,,,,,,,,,,,,,,,,,,,,,,,,,,,,,,,,,,,,,,,,,,,,,,,,,,,,,,,,,,,,,,,,,,,,,,,,,,,,,,,,,,,,,,,,,,,,
,,,,,,,,,,,,,,,,,,,,,,,,,,,,,,,,,,,,,,,,,,,,,,,,,,,,,,,,,,,,,,,,,,,,,,,,,,,,,,,,,,,,,,,,,,,,,,,,,,,
,,,,,,,,,,,,,,,,,,,,,,,,,,,,,,,,,,,,,,,,,,,,,,,,,,,,,,,,,,,,,,,,,,,,,,,,,,,,,,,,,,,,,,,,,,,,,,,,,,,
,,,,,,,,,,,,,,,,,,,,,,,,,,,,,,,,,,,,,,,,,,,,,,,,,,,,,,,,,,,,,,,,,,,,,,,,,,,,,,,,,,,,,,,,,,,,,,,,,,,
,,,,,,,,,,,,,,,,,,,,,,,,,,,,,,,,,,,,,,,,,,,,,,,,,,,,,,,,,,,,,,,,,,,,,,,,,,,,,,,,,,,,,,,,,,,,,,,,,,,
,,,,,,,,,,,,,,,,,,,,,,,,,,,,,,,,,,,,,,,,,,,,,,,,,,,,,,,,,,,,,,,,,,,,,,,,,,,,,,,,,,,,,,,,,,,,,,,,,,,
,,,,,,,,,,,,,,,,,,,,,,,,,,,,,,,,,,,,,,,,,,,,,,,,,,,,,,,,,,,,,,,,,,,,,,,,,,,,,,,,,,,,,,,,,,,,,,,,,,,
MoveObject: type=2 stepAdvance=1 stepRecede=1 timeStopStart=0 timeStopEnd=0 posStart=770;1540 posEnd=770;1540 posCurrent=770;1540 step=1 time=0 phase=6399 channel=10 icon=16 
MoveObject: type=6 stepAdvance=1 stepRecede=1 timeStopStart=0 timeStopEnd=0 posStart=6146;648 posEnd=6146;648 posCurrent=6146;648 step=1 time=0 phase=6399 channel=10 icon=28 
MoveObject: type=16 stepAdvance=10 stepRecede=10 timeStopStart=0 timeStopEnd=0 posStart=2048;640 posEnd=2048;640 posCurrent=2048;640 step=1 time=0 phase=6399 channel=10 icon=77 
MoveObject: type=16 stepAdvance=10 stepRecede=10 timeStopStart=0 timeStopEnd=0 posStart=2112;640 posEnd=2112;640 posCurrent=2112;640 step=1 time=0 phase=6399 channel=10 icon=77 
MoveObject: type=6 stepAdvance=1 stepRecede=1 timeStopStart=0 timeStopEnd=0 posStart=1282;1032 posEnd=1282;1032 posCurrent=1282;1032 step=1 time=0 phase=6399 channel=10 icon=28 
MoveObject: type=16 stepAdvance=10 stepRecede=10 timeStopStart=0 timeStopEnd=0 posStart=1728;832 posEnd=1728;832 posCurrent=1728;832 step=1 time=0 phase=6399 channel=10 icon=77 
MoveObject: type=16 stepAdvance=10 stepRecede=10 timeStopStart=0 timeStopEnd=0 posStart=2304;448 posEnd=2304;448 posCurrent=2304;448 step=1 time=0 phase=6399 channel=10 icon=77 
MoveObject: type=16 stepAdvance=10 stepRecede=10 timeStopStart=0 timeStopEnd=0 posStart=1984;704 posEnd=1984;704 posCurrent=1984;704 step=1 time=0 phase=6399 channel=10 icon=77 
MoveObject: type=6 stepAdvance=1 stepRecede=1 timeStopStart=0 timeStopEnd=0 posStart=2882;648 posEnd=2882;648 posCurrent=2882;648 step=1 time=0 phase=6399 channel=10 icon=28 
MoveObject: type=16 stepAdvance=10 stepRecede=10 timeStopStart=0 timeStopEnd=0 posStart=2432;512 posEnd=2432;512 posCurrent=2432;512 step=1 time=0 phase=6399 channel=10 icon=77 
MoveObject: type=16 stepAdvance=10 stepRecede=10 timeStopStart=0 timeStopEnd=0 posStart=2176;640 posEnd=2176;640 posCurrent=2176;640 step=1 time=0 phase=6399 channel=10 icon=77 
MoveObject: type=7 stepAdvance=1 stepRecede=1 timeStopStart=0 timeStopEnd=0 posStart=2114;3652 posEnd=2114;3652 posCurrent=2114;3652 step=1 time=0 phase=6399 channel=10 icon=33 
MoveObject: type=2 stepAdvance=1 stepRecede=1 timeStopStart=0 timeStopEnd=0 posStart=5314;1028 posEnd=5314;1028 posCurrent=5314;1028 step=1 time=0 phase=6399 channel=10 icon=16 
MoveObject: type=2 stepAdvance=1 stepRecede=1 timeStopStart=0 timeStopEnd=0 posStart=5570;1028 posEnd=5570;1028 posCurrent=5570;1028 step=1 time=0 phase=6399 channel=10 icon=16 
MoveObject: type=16 stepAdvance=10 stepRecede=10 timeStopStart=0 timeStopEnd=0 posStart=2560;576 posEnd=2560;576 posCurrent=2560;576 step=1 time=0 phase=6399 channel=10 icon=77 
MoveObject: type=19 stepAdvance=1 stepRecede=1 timeStopStart=0 timeStopEnd=0 posStart=258;132 posEnd=258;132 posCurrent=258;132 step=1 time=0 phase=6399 channel=10 icon=89 
MoveObject: type=1 stepAdvance=10 stepRecede=10 timeStopStart=10 timeStopEnd=10 posStart=4288;6080 posEnd=4352;6080 posCurrent=4339;6080 step=2 time=8 phase=6399 channel=1 icon=215 
MoveObject: type=1 stepAdvance=10 stepRecede=10 timeStopStart=10 timeStopEnd=10 posStart=4224;6080 posEnd=4288;6080 posCurrent=4275;6080 step=2 time=8 phase=6399 channel=1 icon=215 
MoveObject: type=1 stepAdvance=20 stepRecede=20 timeStopStart=10 timeStopEnd=10 posStart=3968;5952 posEnd=3840;5952 posCurrent=3968;5952 step=4 time=20 phase=6399 channel=1 icon=215 
MoveObject: type=1 stepAdvance=20 stepRecede=20 timeStopStart=10 timeStopEnd=10 posStart=3904;5952 posEnd=3776;5952 posCurrent=3904;5952 step=4 time=20 phase=6399 channel=1 icon=215 
MoveObject: type=1 stepAdvance=20 stepRecede=20 timeStopStart=10 timeStopEnd=10 posStart=2624;5696 posEnd=2624;5568 posCurrent=2624;5696 step=4 time=20 phase=6399 channel=1 icon=230 
MoveObject: type=1 stepAdvance=15 stepRecede=66 timeStopStart=2 timeStopEnd=2 posStart=2240;5184 posEnd=2240;5376 posCurrent=2240;5208 step=4 time=58 phase=6399 channel=1 icon=230 
MoveObject: type=6 stepAdvance=1 stepRecede=1 timeStopStart=0 timeStopEnd=0 posStart=1282;4680 posEnd=1282;4680 posCurrent=1282;4680 step=1 time=0 phase=6399 channel=10 icon=28 
MoveObject: type=6 stepAdvance=1 stepRecede=1 timeStopStart=0 timeStopEnd=0 posStart=1794;4808 posEnd=1794;4808 posCurrent=1794;4808 step=1 time=0 phase=6399 channel=10 icon=28 
MoveObject: type=1 stepAdvance=30 stepRecede=30 timeStopStart=10 timeStopEnd=10 posStart=640;4608 posEnd=448;4608 posCurrent=615;4608 step=2 time=4 phase=6399 channel=1 icon=230 
MoveObject: type=1 stepAdvance=30 stepRecede=30 timeStopStart=10 timeStopEnd=10 posStart=320;4416 posEnd=320;4224 posCurrent=320;4391 step=2 time=4 phase=6399 channel=1 icon=230 
MoveObject: type=1 stepAdvance=40 stepRecede=40 timeStopStart=10 timeStopEnd=10 posStart=1280;3840 posEnd=1536;3840 posCurrent=1536;3840 step=3 time=3 phase=6399 channel=1 icon=230 
MoveObject: type=1 stepAdvance=30 stepRecede=30 timeStopStart=10 timeStopEnd=10 posStart=960;4032 posEnd=960;3840 posCurrent=960;4007 step=2 time=4 phase=6399 channel=1 icon=230 
MoveObject: type=6 stepAdvance=1 stepRecede=1 timeStopStart=0 timeStopEnd=0 posStart=1410;4168 posEnd=1410;4168 posCurrent=1410;4168 step=1 time=0 phase=6399 channel=10 icon=28 
MoveObject: type=6 stepAdvance=1 stepRecede=1 timeStopStart=0 timeStopEnd=0 posStart=1282;4168 posEnd=1282;4168 posCurrent=1282;4168 step=1 time=0 phase=6399 channel=10 icon=28 
MoveObject: type=6 stepAdvance=1 stepRecede=1 timeStopStart=0 timeStopEnd=0 posStart=1538;4168 posEnd=1538;4168 posCurrent=1538;4168 step=1 time=0 phase=6399 channel=10 icon=28 
MoveObject: type=16 stepAdvance=10 stepRecede=10 timeStopStart=0 timeStopEnd=0 posStart=2112;448 posEnd=2112;448 posCurrent=2112;448 step=1 time=0 phase=6399 channel=10 icon=77 
MoveObject: type=16 stepAdvance=10 stepRecede=10 timeStopStart=0 timeStopEnd=0 posStart=1728;640 posEnd=1728;640 posCurrent=1728;640 step=1 time=0 phase=6399 channel=10 icon=77 
MoveObject: type=16 stepAdvance=10 stepRecede=10 timeStopStart=0 timeStopEnd=0 posStart=1984;512 posEnd=1984;512 posCurrent=1984;512 step=1 time=0 phase=6399 channel=10 icon=77 
MoveObject: type=16 stepAdvance=10 stepRecede=10 timeStopStart=0 timeStopEnd=0 posStart=2368;640 posEnd=2368;640 posCurrent=2368;640 step=1 time=0 phase=6399 channel=10 icon=77 
MoveObject: type=16 stepAdvance=10 stepRecede=10 timeStopStart=0 timeStopEnd=0 posStart=2496;704 posEnd=2496;704 posCurrent=2496;704 step=1 time=0 phase=6399 channel=10 icon=77 
MoveObject: type=16 stepAdvance=10 stepRecede=10 timeStopStart=0 timeStopEnd=0 posStart=2304;384 posEnd=2304;384 posCurrent=2304;384 step=1 time=0 phase=6399 channel=10 icon=77 
MoveObject: type=1 stepAdvance=20 stepRecede=20 timeStopStart=10 timeStopEnd=10 posStart=2560;5696 posEnd=2560;5568 posCurrent=2560;5696 step=4 time=20 phase=6399 channel=1 icon=230 
MoveObject: type=1 stepAdvance=15 stepRecede=66 timeStopStart=2 timeStopEnd=2 posStart=2176;5184 posEnd=2176;5376 posCurrent=2176;5208 step=4 time=58 phase=6399 channel=1 icon=230 
MoveObject: type=1 stepAdvance=30 stepRecede=30 timeStopStart=10 timeStopEnd=10 posStart=704;4608 posEnd=512;4608 posCurrent=679;4608 step=2 time=4 phase=6399 channel=1 icon=230 
MoveObject: type=1 stepAdvance=30 stepRecede=30 timeStopStart=10 timeStopEnd=10 posStart=256;4416 posEnd=256;4224 posCurrent=256;4391 step=2 time=4 phase=6399 channel=1 icon=230 
MoveObject: type=3 stepAdvance=1 stepRecede=1 timeStopStart=0 timeStopEnd=0 posStart=3458;832 posEnd=3458;832 posCurrent=3458;832 step=1 time=0 phase=6399 channel=10 icon=52 
MoveObject: type=3 stepAdvance=1 stepRecede=1 timeStopStart=0 timeStopEnd=0 posStart=3970;832 posEnd=3970;832 posCurrent=3970;832 step=1 time=0 phase=6399 channel=10 icon=52 
MoveObject: type=2 stepAdvance=1 stepRecede=1 timeStopStart=0 timeStopEnd=0 posStart=834;1540 posEnd=834;1540 posCurrent=834;1540 step=1 time=0 phase=6399 channel=10 icon=16 
MoveObject: type=2 stepAdvance=1 stepRecede=1 timeStopStart=0 timeStopEnd=0 posStart=898;1540 posEnd=898;1540 posCurrent=898;1540 step=1 time=0 phase=6399 channel=10 icon=16 
MoveObject: type=2 stepAdvance=1 stepRecede=1 timeStopStart=0 timeStopEnd=0 posStart=962;1540 posEnd=962;1540 posCurrent=962;1540 step=1 time=0 phase=6399 channel=10 icon=16 
MoveObject: type=2 stepAdvance=1 stepRecede=1 timeStopStart=0 timeStopEnd=0 posStart=1026;1540 posEnd=1026;1540 posCurrent=1026;1540 step=1 time=0 phase=6399 channel=10 icon=16 
MoveObject: type=2 stepAdvance=1 stepRecede=1 timeStopStart=0 timeStopEnd=0 posStart=1090;1540 posEnd=1090;1540 posCurrent=1090;1540 step=1 time=0 phase=6399 channel=10 icon=16 
MoveObject: type=2 stepAdvance=1 stepRecede=1 timeStopStart=0 timeStopEnd=0 posStart=130;1156 posEnd=130;1156 posCurrent=130;1156 step=1 time=0 phase=6399 channel=10 icon=16 
MoveObject: type=2 stepAdvance=1 stepRecede=1 timeStopStart=0 timeStopEnd=0 posStart=642;772 posEnd=642;772 posCurrent=642;772 step=1 time=0 phase=6399 channel=10 icon=16 
MoveObject: type=2 stepAdvance=1 stepRecede=1 timeStopStart=0 timeStopEnd=0 posStart=642;516 posEnd=642;516 posCurrent=642;516 step=1 time=0 phase=6399 channel=10 icon=16 
MoveObject: type=2 stepAdvance=1 stepRecede=1 timeStopStart=0 timeStopEnd=0 posStart=130;1412 posEnd=130;1412 posCurrent=130;1412 step=1 time=0 phase=6399 channel=10 icon=16 
MoveObject: type=2 stepAdvance=1 stepRecede=1 timeStopStart=0 timeStopEnd=0 posStart=642;260 posEnd=642;260 posCurrent=642;260 step=1 time=0 phase=6399 channel=10 icon=16 
MoveObject: type=2 stepAdvance=1 stepRecede=1 timeStopStart=0 timeStopEnd=0 posStart=450;644 posEnd=450;644 posCurrent=450;644 step=1 time=0 phase=6399 channel=10 icon=16 
MoveObject: type=2 stepAdvance=1 stepRecede=1 timeStopStart=0 timeStopEnd=0 posStart=450;388 posEnd=450;388 posCurrent=450;388 step=1 time=0 phase=6399 channel=10 icon=16 
MoveObject: type=3 stepAdvance=1 stepRecede=1 timeStopStart=0 timeStopEnd=0 posStart=386;768 posEnd=386;768 posCurrent=386;768 step=1 time=0 phase=6399 channel=10 icon=52 
MoveObject: type=3 stepAdvance=1 stepRecede=1 timeStopStart=0 timeStopEnd=0 posStart=130;1024 posEnd=130;1024 posCurrent=130;1024 step=1 time=0 phase=6399 channel=10 icon=52 
MoveObject: type=3 stepAdvance=1 stepRecede=1 timeStopStart=0 timeStopEnd=0 posStart=450;512 posEnd=450;512 posCurrent=450;512 step=1 time=0 phase=6399 channel=10 icon=52 
MoveObject: type=3 stepAdvance=1 stepRecede=1 timeStopStart=0 timeStopEnd=0 posStart=642;128 posEnd=642;128 posCurrent=642;128 step=1 time=0 phase=6399 channel=10 icon=52 
MoveObject: type=1 stepAdvance=10 stepRecede=10 timeStopStart=10 timeStopEnd=10 posStart=1344;1344 posEnd=1280;1344 posCurrent=1293;1344 step=2 time=8 phase=6399 channel=1 icon=218 
