DescFile: posDecor=1610;2750 dimDecor=100;100 world=0 music=2 region=22 blupiPos=1922;3014 blupiDir=2 
Decor: 
,,,,,,,,,,,,,,,,,,,,,,,,,,,,,,,,,,,,,,,,,,,,,,,,,,,,,,,,,,,,,,,,,,,,,,,,,,,,,,,,,,,,,,,,,,,,,,,,,,,
,,,,,,,,,,,,,,,,,,,,,,,,,,,,,,,,,,,,,,,,,,,,,,,,,,,,,,,,,,,,,,,,,,,,,,,,,,,,,,,,,,,,,,,,,,,,,,,,,,,
,,,,,,,,,,,,,,,,,,,,,,,,,,,,,,,,,,,,,,,,,,,,,,,,,,,,,,,,,,,,,,,,,,,,,,,,,,,,,,,,,,,,,,,,,,,,,,,,,,,
,,,,,,,,,,,,,,,,,,,,,,,,,,,,,,,,,,,,,,,,,,,,,,,,,,,,,,,,,,,,,,,,,,,,,,,,,,,,,,,,,,,,,,,,,,,,,,,,,,,
,,,,,,,,,,,,,,,,,,,,,,,,,,,,,,,,,,,,,,,,,,,,,,,,,,,,,,,,,,,,,,,,,,,,,,,,,,,,,,,,,,,,,,,,,,,,,,,,,,,
,,,,,,,,,,,,,,,,,,,,,,,,,,,,,,,,,,,,,,,,,,,,,,,,,,,,,,,,,,,,,,,,,,,,,,,,,,,,,,,,,,,,,,,,,,,,,,,,,,,
,,,,,,,,,,,,,,,,,,,,,,,,,,,,,,,,,,,,,,,,,,,,,,,,,,,,,,,,,,,,,,,,,,,,,,,,,,,,,,,,,,,,,,,,,,,,,,,,,,,
,,,,,,,,,,,,,,,,,,,,,,,,,,,,,,,,,,,,,,,,,,,,,,,,,,,,,,,,,,,,,,,,,,,,,,,,,,,,,,,,,,,,,,,,,,,,,,,,,,,
,,,,,,,,,,,,,,,,,,,,,,,,,,,,,,,,,,,,,,,,,,,,,,,,,,,,,,,,,,,,,,,,,,,,,,,,,,,,,,,,,,,,,,,,,,,,,,,,,,,
,,,,,,,,,,,,,,,,,,,,,,,,,,,,,,,,,,,,,,,,,,,,,,,,,,,,,,,,,,,,,,,,,,,,,,,,,,,,,,,,,,,,,,,,,,,,,,,,,,,
,,,,,,,,,,,,,,,,,,,,,,,,,,,,,,,,,,,,,,,,,,,,,,,,,,,,,,,,,,,,,,,,,,,,,,,,,,,,,,,,,,,,,,,,,,,,,,,,,,,
,,,,,,,,,,,,,,,,,,,,,,,,,,,,,,,,,,,,,,,,,,,,,,,,,,,,,,,,,,,,,,,,,,,,,,,,,,,,,,,,,,,,,,,,,,,,,,,,,,,
,,,,,,,,,,,,,,,,,,,,,,,,,,,,,,,,,,,,,,,,,,,,,,,,,,,,,,,,,,,,,,,,,,,,,,,,,,,,,,,,,,,,,,,,,,,,,,,,,,,
,,,,,,,,,,,,,,,,,,,,,,,,,,,,,,,,,,,,,,,,,,,,,,,,,,,,,,,,,,,,,,,,,,,,,,,,,,,,,,,,,,,,,,,,,,,,,,,,,,,
,,,,,,,,,,,,,,,,,,,,,,,,,,,,,,,,,,,,,,,,,,,,,,,,,,,,,,,,,,,,,,,,,,,,,,,,,,,,,,,,,,,,,,,,,,,,,,,,,,,
,,,,,,,,,,,,,,,,,,,,,,,,,,,,,,,,,,,,,,,,,,,,,,,,,,,,,,,,,,,,,,,,,,,,,,,,,,,,,,,,,,,,,,,,,,,,,,,,,,,
,,,,,,,,,,,,,,,,,,,,,,,,,,,,,,,,,,,,,,,,,,,,,,,,,,,,,,,,,,,,,,,,,,,,,,,,,,,,,,,,,,,,,,,,,,,,,,,,,,,
,,,,,,,,,,,,,,,,,,,,,,,,,,,,,,,,,,,,,,,,,,,,,,,,,,,,,,,,,,,,,,,,,,,,,,,,,,,,,,,,,,,,,,,,,,,,,,,,,,,
,,,,,,,,,,,,,,,,,,,,,,,,,,,,,,,,,,,,,,,,,,,,,,,,,,,,,,,,,,,,,,,,,,,,,,,,,,,,,,,,,,,,,,,,,,,,,,,,,,,
,,,,,,,,,,,,,,,,,,,,,,,,,,,,,,,,,,,,,,,,,220,221,217,215,217,222,218,233,234,231,218,231,222,216,233,,,,,,,,,,,,,,,,,,,,,,,,,,,,,,,,,,,,,,,,,,,,
,,,,,,,,,,,,,,,,,,,,,,,,,,,,,,,,,,,,,,,,,219,219,220,215,222,215,233,233,216,218,216,221,230,230,217,,,,,,,,,,,,,,,,,,,,,,,,,,,,,,,,,,,,,,,,,,,,
,,,,,,,,,,,,,,,,,,,,,,,,,,,,,,,,,,,,,,,,,233,217,230,222,215,234,216,231,230,230,217,215,216,230,220,,,,,,,,,,,,,,,,,,,,,,,,,,,,,,,,,,,,,,,,,,,,
,,,,,,,,,,,,,,,,,,,,,,,,,,,,,,,,,,,,,,,,,217,222,217,215,231,219,217,234,231,218,234,230,233,217,215,,,,,,,,,,,,,,,,,,,,,,,,,,,,,,,,,,,,,,,,,,,,
,,,,,,,,,,,,,,,,,,,,,,,,,,,,,,,,,,,233,218,234,231,230,234,219,220,220,221,234,234,234,222,221,234,230,231,216,219,234,220,218,216,,,,,,,,,,,,,,,,,,,,,,,,,,,,,,,,,,,,,,,,,
,,,,,,,,,,,,,,,,,,,,,,,,,,,,,,,,,,,218,220,215,217,221,234,219,217,216,218,218,234,216,215,219,218,216,218,233,222,231,233,219,215,,,,,,,,,,,,,,,,,,,,,,,,,,,,,,,,,,,,,,,,,
,,,,,,,,,,,,,,,,,,,,,,,,,,,,,,,,,,,215,231,234,221,220,219,230,221,219,215,221,222,215,233,222,218,234,219,230,218,215,217,219,231,,,,,,,,,,,,,,,,,,,,,,,,,,,,,,,,,,,,,,,,,
,,,,,,,,,,,,,,,,,,,,,,,,,,,,,,,,,,,220,230,222,215,234,222,230,219,216,234,231,217,220,231,233,233,216,222,233,222,218,230,234,217,,,,,,,,,,,,,,,,,,,,,,,,,,,,,,,,,,,,,,,,,
,,,,,,,,,,,,,,,,,,,,,,,,,,,,,,,,,,,217,217,217,216,215,221,234,218,215,231,221,222,215,218,217,220,215,231,218,221,230,221,231,222,,,,,,,,,,,,,,,,,,,,,,,,,,,,,,,,,,,,,,,,,
,,,,,,,,,,,,,,,,,,,,,,,,,,,,,,,,,,,220,231,234,219,233,231,220,221,222,222,219,217,220,234,218,234,217,217,234,233,219,220,220,218,,,,,,,,,,,,,,,,,,,,,,,,,,,,,,,,,,,,,,,,,
,,,,,,,,,,,,,,,,,,,,,,,,,,,,,,,,,,,234,219,215,234,215,215,221,234,231,217,233,234,231,216,221,220,221,234,220,215,218,220,233,217,,,,,,,,,,,,,,,,,,,,,,,,,,,,,,,,,,,,,,,,,
,,,,,,,,,,,,,,,,,,,,,221,219,233,218,216,217,220,231,218,220,220,219,231,215,233,233,222,230,231,222,222,216,215,215,,,,231,221,234,230,219,217,230,215,230,215,216,,,,,,,,,,,,,,,,,,,,,,,,,,,,,,,,,,,,,,,,,
,,,,,,,,,,,,,,,,,,,,,234,231,219,217,216,220,231,217,221,230,222,233,218,234,234,221,216,218,220,230,216,219,230,221,,,,219,215,215,221,233,220,218,221,215,217,215,,,,,,,,,,,,,,,,,,,,,,,,,,,,,,,,,,,,,,,,,
,,,,,,,,,,,,,,,,,,,,,217,220,221,220,220,220,220,219,230,222,215,234,217,217,221,216,222,216,221,221,217,217,220,219,,,,230,233,230,222,230,220,218,219,220,230,221,,,,,,,,,,,,,,,,,,,,,,,,,,,,,,,,,,,,,,,,,
,,,,,,,,,,,,,,,,,,,,,221,218,230,221,221,230,216,218,216,230,220,215,221,222,221,231,219,234,217,217,230,218,234,221,231,235,219,230,222,220,219,221,216,220,216,234,231,217,,,,,,,,,,,,,,,,,,,,,,,,,,,,,,,,,,,,,,,,,
,,,,,,,,,,,,,,,,,,,,,217,222,217,219,217,230,216,234,221,219,221,216,216,230,216,218,220,221,234,230,219,216,217,230,219,236,234,215,218,217,217,215,215,217,216,215,233,217,,,,,,,,,,,,,,,,,,,,,,,,,,,,,,,,,,,,,,,,,
,,,,,,,,,,,,,,,,,,,,,233,217,215,234,220,215,216,231,219,230,234,234,217,220,234,221,218,219,215,221,221,219,216,221,234,,,,,68,215,216,216,234,230,220,233,221,,,,,,,,,,,,,,,,,,,,,,,,,,,,,,,,,,,,,,,,,
,,,,,,,,,,,,,,,,,,,,,233,230,222,221,233,230,219,216,218,222,217,220,219,218,221,231,215,234,217,216,231,222,231,231,216,231,216,231,235,230,221,217,215,233,222,216,217,216,,,,,,,,,,,,,,,,,,,,,,,,,,,,,,,,,,,,,,,,,
,,,,,,,,,,,,,,,,,,,,,215,220,219,215,222,217,220,215,219,221,215,230,215,219,230,221,218,234,218,217,221,,,,,68,217,,,,,68,230,234,221,221,217,221,,,,,,,,,,,,,,,,,,,,,,,,,,,,,,,,,,,,,,,,,
,,,,,,,,,,,,,,,,,,,,,233,219,234,220,219,215,231,218,230,230,231,217,221,231,216,217,220,215,215,230,233,236,216,215,235,220,222,218,215,230,235,222,215,234,222,221,222,220,,,,,,,,,,,,,,,,,,,,,,,,,,,,,,,,,,,,,,,,,
,,,,,,,,,,,,,,,,,,,,,220,218,216,222,222,216,231,219,219,222,217,217,222,217,220,219,218,222,231,215,218,,219,230,,,,,68,222,,231,222,215,230,221,216,217,,,,,,,,,,,,,,,,,,,,,,,,,,,,,,,,,,,,,,,,,
,,,,,,,,,,,,,,,,,,,,,220,222,219,234,231,222,218,233,233,218,234,216,218,222,217,215,216,219,220,215,222,235,234,231,220,233,230,422,215,215,236,221,216,219,219,215,216,234,,,,,,,,,,,,,,,,,,,,,,,,,,,,,,,,,,,,,,,,,
,,,,,,,,,,,,,,,,,,,,,215,220,230,221,231,230,230,231,230,230,231,218,234,222,221,217,233,230,221,219,234,,68,218,222,,,,,,,68,216,218,218,216,234,217,,,,,,,,,,,,,,,,,,,,,,,,,,,,,,,,,,,,,,,,,
,,,,,,,,,,,,,,,,,,,,,218,230,217,221,220,215,215,216,216,218,219,218,216,222,233,231,231,231,219,222,231,,68,218,215,222,235,217,220,236,231,220,230,216,220,230,222,218,,,,,,,,,,,,,,,,,,,,,,,,,,,,,,,,,,,,,,,,,
,,,,,,,,,,,,,,,,,,,,,231,222,220,231,222,233,233,217,221,215,216,219,219,233,220,215,217,231,218,219,231,,68,219,219,217,,220,221,,220,215,215,216,215,215,234,215,,,,,,,,,,,,,,,,,,,,,,,,,,,,,,,,,,,,,,,,,
,,,,,,,,,,,,,,,,,,,,,222,218,220,222,231,222,218,219,231,218,216,219,218,234,233,221,215,217,216,218,230,236,230,222,220,221,,217,222,,215,220,219,218,217,218,221,234,,,,,,,,,,,,,,,,,,,,,,,,,,,,,,,,,,,,,,,,,
,,,,,,,,,,,,,,,219,234,230,230,221,215,221,221,219,221,233,218,231,233,235,230,220,230,216,231,216,215,233,233,215,231,221,,68,220,231,215,,234,219,,215,220,216,221,215,216,234,219,,,,,,,,,,,,,,,,,,,,,,,,,,,,,,,,,,,,,,,,,
,,,,,,,,,,,,,,,217,222,230,221,217,230,219,230,230,233,230,218,220,236,236,215,220,222,234,220,230,216,234,231,220,230,220,,68,218,233,216,231,218,234,234,231,218,233,219,234,217,222,231,,,,,,,,,,,,,,,,,,,,,,,,,,,,,,,,,,,,,,,,,
,,,,,,,,,,,,,,,222,234,222,219,233,231,220,234,219,221,218,217,,,,218,230,218,217,219,221,217,218,217,215,230,230,,68,221,216,219,230,222,218,218,233,216,219,215,220,215,234,234,,,,,,,,,,,,,,,,,,,,,,,,,,,,,,,,,,,,,,,,,
,,,,,,,,,,,,,,,231,215,231,220,217,217,233,217,233,233,220,,,,,222,216,215,216,216,221,221,221,222,216,221,219,,68,218,220,222,,68,218,217,215,231,234,220,217,231,234,219,,,,,,,,,,,,,,,,,,,,,,,,,,,,,,,,,,,,,,,,,
,,,,,,,,,,,218,231,218,217,230,216,233,218,233,234,216,215,215,234,,,,,,219,222,218,216,217,216,231,234,233,234,233,221,,68,217,216,219,,68,221,222,218,222,234,233,217,234,221,231,,,,,,,,,,,,,,,,,,,,,,,,,,,,,,,,,,,,,,,,,
,,,,,,,,,,,222,222,220,217,231,218,220,218,215,218,218,234,222,,,,,,,222,233,230,217,234,234,216,230,217,221,234,233,,68,222,234,,,215,234,217,216,217,220,218,231,221,220,216,,,,,,,,,,,,,,,,,,,,,,,,,,,,,,,,,,,,,,,,,
,,,,,,,,,,,219,218,216,219,231,222,215,219,215,215,233,230,,,,,,,,234,222,221,217,217,217,233,218,233,233,231,216,235,217,218,,,,217,221,219,219,234,219,218,215,221,217,215,,,,,,,,,,,,,,,,,,,,,,,,,,,,,,,,,,,,,,,,,
,,,,,,,,215,220,215,215,220,219,220,221,231,230,231,220,234,218,,,,,,,,,217,234,233,218,219,220,219,218,218,230,218,235,235,230,235,235,235,235,215,222,234,230,221,222,215,230,216,231,234,,,,,,,,,,,,,,,,,,,,,,,,,,,,,,,,,,,,,,,,,
,,,,,,,,219,217,218,217,221,215,234,219,217,219,218,222,234,,,,,,,,,,218,230,217,217,220,215,222,217,220,222,,,,,,,,,216,230,217,230,221,216,220,217,230,221,231,,,,,,,,,,,,,,,,,,,,,,,,,,,,,,,,,,,,,,,,,
,,,,,,,,216,230,233,231,217,233,218,234,215,216,220,222,,,,,,,215,235,235,235,216,215,230,217,234,230,221,216,233,220,,,,,,,,,218,233,221,231,215,220,222,218,221,221,215,,,,,,,,,,,,,,,,,,,,,,,,,,,,,,,,,,,,,,,,,
,,,,,,,,222,218,222,234,233,234,216,215,231,218,234,,,,,,,,215,,,,217,220,221,234,217,233,215,218,222,218,231,236,236,234,236,236,236,236,216,215,230,234,222,231,219,217,221,230,217,,,,,,,,,,,,,,,,,,,,,,,,,,,,,,,,,,,,,,,,,
,,,,,,,,230,218,220,220,219,230,231,217,222,231,,,,,,215,235,235,215,235,235,235,231,230,233,218,219,220,216,217,233,217,230,219,236,222,218,,,,221,221,231,233,215,217,230,220,217,221,230,,,,,,,,,,,,,,,,,,,,,,,,,,,,,,,,,,,,,,,,,
,,,,,,,,217,222,215,222,221,215,220,215,221,,,,,,,,,,215,,,,233,221,215,222,218,231,222,222,231,222,231,219,,221,215,231,,,217,216,221,217,216,215,233,230,216,219,219,,,,,,,,,,,,,,,,,,,,,,,,,,,,,,,,,,,,,,,,,
,,,,,,,,215,217,231,219,222,216,219,217,,,,,,,,215,235,235,215,235,235,235,222,220,231,231,215,215,233,233,217,231,215,234,235,220,215,231,222,,68,216,220,219,222,216,218,216,218,218,231,,,,,,,,,,,,,,,,,,,,,,,,,,,,,,,,,,,,,,,,,
,,,,,,,,217,234,221,221,230,231,220,,,,,,,,,,,,215,,,,216,220,221,233,234,233,219,,,,,,,230,233,220,215,,68,234,219,216,217,231,216,231,222,220,220,,,,,,,,,,,,,,,,,,,,,,,,,,,,,,,,,,,,,,,,,
,,,,,,,,221,219,215,219,219,221,,,,,,,,235,235,235,235,235,215,235,235,235,233,218,218,234,234,220,221,235,217,230,216,215,235,233,217,221,231,234,233,233,230,222,222,233,221,218,231,219,221,,,,,,,,,,,,,,,,,,,,,,,,,,,,,,,,,,,,,,,,,
,,,,,,,,230,216,220,231,218,,,,,,,,,,,,,,215,,,,216,233,219,219,231,,,,233,216,217,220,,233,233,217,230,218,231,216,216,234,219,216,218,221,216,217,219,,,,,,,,,,,,,,,,,,,,,,,,,,,,,,,,,,,,,,,,,
,,,,,,,,222,230,215,220,,,,,,236,236,235,235,235,235,235,235,235,215,235,235,235,222,216,220,222,219,,,,233,233,221,217,,230,217,234,218,220,216,219,221,220,230,230,222,220,217,233,216,,,,,,,,,,,,,,,,,,,,,,,,,,,,,,,,,,,,,,,,,
,,,,,,,,220,222,230,231,216,,,,,,,,,,,,,,215,,,,222,231,217,219,222,,,,217,230,219,233,236,231,215,218,216,216,220,215,217,216,215,233,215,216,230,218,221,,,,,,,,,,,,,,,,,,,,,,,,,,,,,,,,,,,,,,,,,
,,,,,,,,230,219,221,231,233,222,,,,,,,,235,235,235,235,235,215,235,235,235,230,217,219,233,222,,,,219,218,218,220,,222,231,215,234,215,218,230,231,230,219,234,221,,,,,,,,,,,,,,,,,,,,,,,,,,,,,,,,,,,,,,,,,,,,,
,,,,,,,,222,220,217,222,217,222,216,,,,,,,,,,,,,,,,216,216,217,231,233,233,218,219,234,217,222,217,,231,218,222,221,215,219,231,220,216,219,215,234,,,,,,,,,,,,,,,,,,,,,,,,,,,,,,,,,,,,,,,,,,,,,
,,,,,,,,231,221,219,217,221,219,221,217,,,,,,,,235,235,235,235,235,235,235,221,230,219,215,216,231,215,219,233,218,221,231,,217,216,218,222,217,215,231,230,231,219,216,216,,,,,,,,,,,,,,,,,,,,,,,,,,,,,,,,,,,,,,,,,,,,,
,,,,,,,,220,220,217,234,230,215,220,217,234,,,,,,,,,,,,,,234,222,221,215,217,234,215,215,233,230,231,233,,219,233,233,219,222,217,216,217,218,222,219,234,,,,,,,,,,,,,,,,,,,,,,,,,,,,,,,,,,,,,,,,,,,,,
,,,,,,,,216,220,217,220,221,233,219,231,215,219,,,,,,,,,215,235,235,235,233,220,234,221,215,222,233,215,221,234,217,220,,218,221,230,233,218,219,222,215,234,220,233,217,,,,,,,,,,,,,,,,,,,,,,,,,,,,,,,,,,,,,,,,,,,,,
,,,,,,,,222,231,234,217,231,233,234,216,218,233,215,,,,,,,,,,,,233,221,215,215,215,219,218,220,230,233,215,234,236,219,215,215,221,220,233,217,218,219,216,216,230,,,,,,,,,,,,,,,,,,,,,,,,,,,,,,,,,,,,,,,,,,,,,
,,,,,,,,221,234,234,234,231,216,219,233,219,230,221,233,,,,,,,,,,,216,222,222,217,217,,,,,,,,,231,231,215,230,233,220,234,218,221,217,230,231,,,,,,,,,,,,,,,,,,,,,,,,,,,,,,,,,,,,,,,,,,,,,
,,,,,,,,222,218,217,221,230,230,222,230,234,218,215,217,218,,,,,,,,235,235,234,217,231,221,218,,,,,,,,,231,234,216,231,218,215,,,,,,,,,,,,,,,,,,,,,,,,,,,,,,,,,,,,,,,,,,,,,,,,,,,
,,,,,,,,233,217,233,220,217,234,218,221,231,219,216,230,221,234,,,,,,,235,235,219,222,231,222,221,,,,,,,,,68,234,217,230,222,234,,,,,,,,,,,,,,,,,,,,,,,,,,,,,,,,,,,,,,,,,,,,,,,,,,,
,,,,,,,,222,234,222,215,218,222,220,217,217,221,220,221,220,221,219,,,,,,,,233,234,217,222,231,,,,,,,,,233,230,234,222,215,222,,,,,,,,,,,,,,,,,,,,,,,,,,,,,,,,,,,,,,,,,,,,,,,,,,,
,,,,,,,,220,231,230,216,233,233,234,218,220,231,219,234,234,221,234,221,,,,,,,234,215,217,218,220,,,,,,,,,231,218,230,233,222,222,,,,,,,,,,,,,,,,,,,,,,,,,,,,,,,,,,,,,,,,,,,,,,,,,,,
,,,,,,,,222,216,220,230,234,230,219,215,216,217,218,219,219,220,233,221,216,,,,215,235,217,216,231,222,230,,,,,,,,,234,233,220,218,218,218,,,,,,,,,,,,,,,,,,,,,,,,,,,,,,,,,,,,,,,,,,,,,,,,,,,
,,,,,,,,234,219,231,234,221,216,217,216,233,222,233,216,216,230,233,220,222,221,,,,,233,220,234,230,220,,,,,,,,,231,230,216,221,215,230,,,,,,,,,,,,,,,,,,,,,,,,,,,,,,,,,,,,,,,,,,,,,,,,,,,
,,,,,,,,231,221,216,231,234,233,231,233,216,222,218,222,216,220,217,215,218,215,218,,,,217,221,234,219,220,,,,,,,,,68,216,233,219,216,220,,,,,,,,,,,,,,,,,,,,,,,,,,,,,,,,,,,,,,,,,,,,,,,,,,,
,,,,,,,,,,,,,,,230,233,219,222,231,218,222,230,219,216,217,221,220,235,235,220,233,230,220,219,,,,,,,,,215,219,220,234,215,222,,,,,,,,,,,,,,,,,,,,,,,,,,,,,,,,,,,,,,,,,,,,,,,,,,,
,,,,,,,,,,,,,,,230,220,222,221,217,233,222,222,216,220,218,219,234,231,236,222,222,222,231,234,,,,,,,,,218,219,231,217,217,218,,,,,,,,,,,,,,,,,,,,,,,,,,,,,,,,,,,,,,,,,,,,,,,,,,,
,,,,,,,,,,,,,,,219,234,219,221,234,215,233,215,217,233,233,218,231,233,235,235,230,215,234,218,230,230,216,217,222,219,219,236,220,233,233,218,231,216,,,,,,,,,,,,,,,,,,,,,,,,,,,,,,,,,,,,,,,,,,,,,,,,,,,
,,,,,,,,,,,,,,,230,230,215,230,217,216,230,218,231,220,216,216,219,222,231,236,236,236,236,236,234,220,217,218,219,217,234,,219,222,230,216,218,218,,,,,,,,,,,,,,,,,,,,,,,,,,,,,,,,,,,,,,,,,,,,,,,,,,,
,,,,,,,,,,,,,,,234,222,234,231,233,221,234,218,220,216,231,216,220,231,221,219,235,235,234,222,221,230,218,218,215,220,233,,221,216,230,220,221,230,,,,,,,,,,,,,,,,,,,,,,,,,,,,,,,,,,,,,,,,,,,,,,,,,,,
,,,,,,,,,,,,,,,215,222,233,216,217,233,215,222,231,215,221,217,220,221,221,218,220,236,236,220,233,220,220,218,220,220,217,,218,233,221,233,231,216,,,,,,,,,,,,,,,,,,,,,,,,,,,,,,,,,,,,,,,,,,,,,,,,,,,
,,,,,,,,,,,,,,,221,221,218,234,216,234,219,217,221,216,218,216,230,230,221,221,231,219,235,235,221,216,218,215,218,218,234,,233,221,233,217,220,220,,,,,,,,,,,,,,,,,,,,,,,,,,,,,,,,,,,,,,,,,,,,,,,,,,,
,,,,,,,,,,,,,,,231,219,233,231,217,234,231,233,218,222,219,221,233,220,216,220,231,221,218,236,220,217,222,233,233,217,218,,231,219,219,234,215,217,,,,,,,,,,,,,,,,,,,,,,,,,,,,,,,,,,,,,,,,,,,,,,,,,,,
,,,,,,,,,,,,,,,218,215,219,219,233,221,222,234,234,222,218,218,221,231,234,221,216,216,215,,217,215,234,221,234,220,231,236,216,217,219,222,218,233,,,,,,,,,,,,,,,,,,,,,,,,,,,,,,,,,,,,,,,,,,,,,,,,,,,
,,,,,,,,,,,,,,,,,,,,,,220,230,215,230,216,222,218,222,215,230,216,230,235,230,215,219,217,219,222,231,235,220,217,233,231,216,220,,,,,,,,,,,,,,,,,,,,,,,,,,,,,,,,,,,,,,,,,,,,,,,,,,,
,,,,,,,,,,,,,,,,,,,,,,221,217,221,216,218,230,231,231,221,215,218,230,,,,,,,,,,215,219,217,220,230,220,,,,,,,,,,,,,,,,,,,,,,,,,,,,,,,,,,,,,,,,,,,,,,,,,,,
,,,,,,,,,,,,,,,,,,,,,,215,215,215,230,217,231,219,221,234,222,233,218,,,,,,231,,,,221,231,216,216,215,220,,,,,,,,,,,,,,,,,,,,,,,,,,,,,,,,,,,,,,,,,,,,,,,,,,,
,,,,,,,,,,,,,,,,,,,,,,215,234,215,216,222,230,222,221,220,234,218,215,221,234,215,215,219,220,217,221,219,221,234,221,231,234,218,,,,,,,,,,,,,,,,,,,,,,,,,,,,,,,,,,,,,,,,,,,,,,,,,,,
,,,,,,,,,,,,,,,,,,,,,,220,220,230,231,220,218,231,219,215,220,220,216,231,215,218,231,220,222,216,231,218,221,219,221,218,234,215,,,,,,,,,,,,,,,,,,,,,,,,,,,,,,,,,,,,,,,,,,,,,,,,,,,
,,,,,,,,,,,,,,,,,,,,,,218,217,217,234,233,231,216,219,230,233,233,233,231,222,218,218,230,219,230,231,216,215,231,233,215,231,217,,,,,,,,,,,,,,,,,,,,,,,,,,,,,,,,,,,,,,,,,,,,,,,,,,,
,,,,,,,,,,,,,,,,,,,,,,234,222,222,216,231,219,222,231,218,221,233,216,217,219,231,231,230,220,216,220,230,234,234,230,218,219,234,,,,,,,,,,,,,,,,,,,,,,,,,,,,,,,,,,,,,,,,,,,,,,,,,,,
,,,,,,,,,,,,,,,,,,,,,,234,231,230,218,233,217,215,222,218,217,234,222,216,219,233,233,216,233,233,219,216,222,233,220,219,218,220,,,,,,,,,,,,,,,,,,,,,,,,,,,,,,,,,,,,,,,,,,,,,,,,,,,
,,,,,,,,,,,,,,,,,,,,,,217,233,222,233,221,233,215,217,216,233,217,220,215,215,231,218,233,217,219,216,222,222,218,221,231,234,221,,,,,,,,,,,,,,,,,,,,,,,,,,,,,,,,,,,,,,,,,,,,,,,,,,,
,,,,,,,,,,,,,,,,,,,,,,218,233,234,216,215,233,219,233,230,216,222,217,216,230,221,222,220,220,217,220,230,222,215,221,215,230,218,,,,,,,,,,,,,,,,,,,,,,,,,,,,,,,,,,,,,,,,,,,,,,,,,,,
,,,,,,,,,,,,,,,,,,,,,,,,,,,,,,,,,,,,,,,,,,,,,,,,,,,,,,,,,,,,,,,,,,,,,,,,,,,,,,,,,,,,,,,,,,,,,,,,,,,
,,,,,,,,,,,,,,,,,,,,,,,,,,,,,,,,,,,,,,,,,,,,,,,,,,,,,,,,,,,,,,,,,,,,,,,,,,,,,,,,,,,,,,,,,,,,,,,,,,,
,,,,,,,,,,,,,,,,,,,,,,,,,,,,,,,,,,,,,,,,,,,,,,,,,,,,,,,,,,,,,,,,,,,,,,,,,,,,,,,,,,,,,,,,,,,,,,,,,,,
BigDecor: 
,,,,,,,,,,,,,,,,,,,,,,,,,,,,,,,,,,,,,,,,,,,,,,,,,,,,,,,,,,,,,,,,,,,,,,,,,,,,,,,,,,,,,,,,,,,,,,,,,,,
,,,,,,,,,,,,,,,,,,,,,,,,,,,,,,,,,,,,,,,,,,,,,,,,,,,,,,,,,,,,,,,,,,,,,,,,,,,,,,,,,,,,,,,,,,,,,,,,,,,
,,,,,,,,,,,,,,,,,,,,,,,,,,,,,,,,,,,,,,,,,,,,,,,,,,,,,,,,,,,,,,,,,,,,,,,,,,,,,,,,,,,,,,,,,,,,,,,,,,,
,,,,,,,,,,,,,,,,,,,,,,,,,,,,,,,,,,,,,,,,,,,,,,,,,,,,,,,,,,,,,,,,,,,,,,,,,,,,,,,,,,,,,,,,,,,,,,,,,,,
,,,,,,,,,,,,,,,,,,,,,,,,,,,,,,,,,,,,,,,,,,,,,,,,,,,,,,,,,,,,,,,,,,,,,,,,,,,,,,,,,,,,,,,,,,,,,,,,,,,
,,,,,,,,,,,,,,,,,,,,,,,,,,,,,,,,,,,,,,,,,,,,,,,,,,,,,,,,,,,,,,,,,,,,,,,,,,,,,,,,,,,,,,,,,,,,,,,,,,,
,,,,,,,,,,,,,,,,,,,,,,,,,,,,,,,,,,,,,,,,,,,,,,,,,,,,,,,,,,,,,,,,,,,,,,,,,,,,,,,,,,,,,,,,,,,,,,,,,,,
,,,,,,,,,,,,,,,,,,,,,,,,,,,,,,,,,,,,,,,,,,,,,,,,,,,,,,,,,,,,,,,,,,,,,,,,,,,,,,,,,,,,,,,,,,,,,,,,,,,
,,,,,,,,,,,,,,,,,,,,,,,,,,,,,,,,,,,,,,,,,,,,,,,,,,,,,,,,,,,,,,,,,,,,,,,,,,,,,,,,,,,,,,,,,,,,,,,,,,,
,,,,,,,,,,,,,,,,,,,,,,,,,,,,,,,,,,,,,,,,,,,,,,,,,,,,,,,,,,,,,,,,,,,,,,,,,,,,,,,,,,,,,,,,,,,,,,,,,,,
,,,,,,,,,,,,,,,,,,,,,,,,,,,,,,,,,,,,,,,,,,,,,,,,,,,,,,,,,,,,,,,,,,,,,,,,,,,,,,,,,,,,,,,,,,,,,,,,,,,
,,,,,,,,,,,,,,,,,,,,,,,,,,,,,,,,,,,,,,,,,,,,,,,,,,,,,,,,,,,,,,,,,,,,,,,,,,,,,,,,,,,,,,,,,,,,,,,,,,,
,,,,,,,,,,,,,,,,,,,,,,,,,,,,,,,,,,,,,,,,,,,,,,,,,,,,,,,,,,,,,,,,,,,,,,,,,,,,,,,,,,,,,,,,,,,,,,,,,,,
,,,,,,,,,,,,,,,,,,,,,,,,,,,,,,,,,,,,,,,,,,,,,,,,,,,,,,,,,,,,,,,,,,,,,,,,,,,,,,,,,,,,,,,,,,,,,,,,,,,
,,,,,,,,,,,,,,,,,,,,,,,,,,,,,,,,,,,,,,,,,,,,,,,,,,,,,,,,,,,,,,,,,,,,,,,,,,,,,,,,,,,,,,,,,,,,,,,,,,,
,,,,,,,,,,,,,,,,,,,,,,,,,,,,,,,,,,,,,,,,,,,,,,,,,,,,,,,,,,,,,,,,,,,,,,,,,,,,,,,,,,,,,,,,,,,,,,,,,,,
,,,,,,,,,,,,,,,,,,,,,,,,,,,,,,,,,,,,,,,,,,,,,,,,,,,,,,,,,,,,,,,,,,,,,,,,,,,,,,,,,,,,,,,,,,,,,,,,,,,
,,,,,,,,,,,,,,,,,,,,,,,,,,,,,,,,,,,,,,,,,,,,,,,,,,,,,,,,,,,,,,,,,,,,,,,,,,,,,,,,,,,,,,,,,,,,,,,,,,,
,,,,,,,,,,,,,,,,,,,,,,,,,,,,,,,,,,,,,,,,,,,,,,,,,,,,,,,,,,,,,,,,,,,,,,,,,,,,,,,,,,,,,,,,,,,,,,,,,,,
,,,,,,,,,,,,,,,,,,,,,,,,,,,,,,,,,,,,,,,,,,,,,,,,,,,,,,,,,,,,,,,,,,,,,,,,,,,,,,,,,,,,,,,,,,,,,,,,,,,
,,,,,,,,,,,,,,,,,,,,,,,,,,,,,,,,,,,,,,,,,,,,,,,,,,,,,,,,,,,,,,,,,,,,,,,,,,,,,,,,,,,,,,,,,,,,,,,,,,,
,,,,,,,,,,,,,,,,,,,,,,,,,,,,,,,,,,,,,,,,,,,,,,,,,,,,,,,,,,,,,,,,,,,,,,,,,,,,,,,,,,,,,,,,,,,,,,,,,,,
,,,,,,,,,,,,,,,,,,,,,,,,,,,,,,,,,,,,,,,,,,,,,,,,,,,,,,,,,,,,,,,,,,,,,,,,,,,,,,,,,,,,,,,,,,,,,,,,,,,
,,,,,,,,,,,,,,,,,,,,,,,,,,,,,,,,,,,,,,,,,,,,,,,,,,,,,,,,,,,,,,,,,,,,,,,,,,,,,,,,,,,,,,,,,,,,,,,,,,,
,,,,,,,,,,,,,,,,,,,,,,,,,,,,,,,,,,,,,,,,,,,,,,,,,,,,,,,,,,,,,,,,,,,,,,,,,,,,,,,,,,,,,,,,,,,,,,,,,,,
,,,,,,,,,,,,,,,,,,,,,,,,,,,,,,,,,,,,,,,,,,,,,,,,,,,,,,,,,,,,,,,,,,,,,,,,,,,,,,,,,,,,,,,,,,,,,,,,,,,
,,,,,,,,,,,,,,,,,,,,,,,,,,,,,,,,,,,,,,,,,,,,,,,,,,,,,,,,,,,,,,,,,,,,,,,,,,,,,,,,,,,,,,,,,,,,,,,,,,,
,,,,,,,,,,,,,,,,,,,,,,,,,,,,,,,,,,,,,,,,,,,,,,,,,,,,,,,,,,,,,,,,,,,,,,,,,,,,,,,,,,,,,,,,,,,,,,,,,,,
,,,,,,,,,,,,,,,,,,,,,,,,,,,,,,,,,,,,,,,,,,,,,,,,,,,,,,,,,,,,,,,,,,,,,,,,,,,,,,,,,,,,,,,,,,,,,,,,,,,
,,,,,,,,,,,,,,,,,,,,,,,,,,,,,,,,,,,,,,,,,,,,,,,,,,,,,,,,,,,,,,,,,,,,,,,,,,,,,,,,,,,,,,,,,,,,,,,,,,,
,,,,,,,,,,,,,,,,,,,,,,,,,,,,,,,,,,,,,,,,,,,,,,,,,,,,,,,,,,,,,,,,,,,,,,,,,,,,,,,,,,,,,,,,,,,,,,,,,,,
,,,,,,,,,,,,,,,,,,,,,,,,,,,,,,,,,,,,,,,,,,,,,,45,,,,,,,,,,,,,,,,,,,,,,,,,,,,,,,,,,,,,,,,,,,,,,,,,,,,,
,,,,,,,,,,,,,,,,,,,,,,,,,,,,,,,,,,,,,,,,,,,,,,,,,,,,,,,,,,,,,,,,,,,,,,,,,,,,,,,,,,,,,,,,,,,,,,,,,,,
,,,,,,,,,,,,,,,,,,,,,,,,,,,,,,,,,,,,,,,,,,,,,,,,,,,,,,,,,,,,,,,,,,,,,,,,,,,,,,,,,,,,,,,,,,,,,,,,,,,
,,,,,,,,,,,,,,,,,,,,,,,,,,,,,,,,,,,,,,,,,,,,,,,,,,,,,,,,,,,,,,,,,,,,,,,,,,,,,,,,,,,,,,,,,,,,,,,,,,,
,,,,,,,,,,,,,,,,,,,,,,,,,,,,,,,,,,,,,,,,,,,,,,,,,,,,,,,,,,,,,,,,,,,,,,,,,,,,,,,,,,,,,,,,,,,,,,,,,,,
,,,,,,,,,,,,,,,,,,,,,,,,,,,,,,,,,,,,,,,,,,,,,,,,,,,,,,,,,,,,,,,,,,,,,,,,,,,,,,,,,,,,,,,,,,,,,,,,,,,
,,,,,,,,,,,,,,,,,,,,,,,,,,,,,,,,,,,,,,,,,,,,,,,,,,,,,,,,,,,,,,,,,,,,,,,,,,,,,,,,,,,,,,,,,,,,,,,,,,,
,,,,,,,,,,,,,,,,,,,,,,,,,,,,,,,,,,,,,,,,,,,,,,,,,,,,,,,,,,,,,,,,,,,,,,,,,,,,,,,,,,,,,,,,,,,,,,,,,,,
,,,,,,,,,,,,,,,,,,,,,,,,,,,,,,,,,,,,,,,,,,,,,,,,,,,,,,,,,,,,,,,,,,,,,,,,,,,,,,,,,,,,,,,,,,,,,,,,,,,
,,,,,,,,,,,,,,,,,,,,,,,,,,,,,,,,,,,,,,,,,,,,,,,,,,,,,,,,,,,,,,,,,,,,,,,,,,,,,,,,,,,,,,,,,,,,,,,,,,,
,,,,,,,,,,,,,,,,,,,,,,,,,,,,,,,,,,,,,,,,,,,,,,,,,,,,,,,,,,,,,,,,,,,,,,,,,,,,,,,,,,,,,,,,,,,,,,,,,,,
,,,,,,,,,,,,,,,,,,,,,,,,,,,,,,,,,,,,,,,,,,,,,,,,,,,,,,,,,,,,,,,,,,,,,,,,,,,,,,,,,,,,,,,,,,,,,,,,,,,
,,,,,,,,,,,,,,,,,,,,,,,,,,,,,,,,,,,,,,,,,,,,,,,,,,,,,,,,,,,,,,,,,,,,,,,,,,,,,,,,,,,,,,,,,,,,,,,,,,,
,,,,,,,,,,,,,,,,,,,,,,,,,,,,,,,,,,,,,,,,,,,,,,,,,,,,,,,,,,,,,,,,,,,,,,,,,,,,,,,,,,,,,,,,,,,,,,,,,,,
,,,,,,,,,,,,,,,,,,,,,,,,,,,,,,,,,,,,,,,,,,,,,,,,,,,,,,,,,,,,,,,,,,,,,,,,,,,,,,,,,,,,,,,,,,,,,,,,,,,
,,,,,,,,,,,,,,,,,,,,,,,,,,,,,,,,,,,,,,,,,,,,,,,,,,,,,,,,,,,,,,,,,,,,,,,,,,,,,,,,,,,,,,,,,,,,,,,,,,,
,,,,,,,,,,,,,,,,,,,,,,,,,,,,,,,,,,,,,,,,,,,,,,,,,,,,,,,,,,,,,,,,,,,,,,,,,,,,,,,,,,,,,,,,,,,,,,,,,,,
,,,,,,,,,,,,,,,,,,,,,,,,,,,,,,,,,,,,,,,,,,,,,,,,,,,,,,,,,,,,,,,,,,,,,,,,,,,,,,,,,,,,,,,,,,,,,,,,,,,
,,,,,,,,,,,,,,,,,,,,,,,,,,,,,,,,,,,,,,,,,,,,,,,,,,,,,,,,,,,,,,,,,,,,,,,,,,,,,,,,,,,,,,,,,,,,,,,,,,,
,,,,,,,,,,,,,,,,,,,,,,,,,,,,42,,,,,,,,,,,,,,,,,,,,,,,,,,,,,,,,,,,,,,,,,,,,,,,,,,,,,,,,,,,,,,,,,,,,,,,
,,,,,,,,,,,,,,,,,,,,,,,,,,,,,,,,,,,,,,,,,,,,,,,,,,,,,,,,,,,,,,,,,,,,,,,,,,,,,,,,,,,,,,,,,,,,,,,,,,,
,,,,,,,,,,,,,,,,,,,,,,,,,,,,40,,,,,,,,,,,,,,,,,,,,,,,,,,,,,,,,,,,,,,,,,,,,,,,,,,,,,,,,,,,,,,,,,,,,,,,
,,,,,,,,,,,,,,,,,,,,,,,,,,,,,,,,,,,,,,,,,,,,,,,,,,,,,,,,,,,,,,,,,,,,,,,,,,,,,,,,,,,,,,,,,,,,,,,,,,,
,,,,,,,,,,,,,,,,,,,,,,,,,,,,41,,,,,,,,,,,,,,,,,,,,,,,,,,,,,,,,,,,,,,,,,,,,,,,,,,,,,,,,,,,,,,,,,,,,,,,
,,,,,,,,,,,,,,,,,,,,,,,,,,,,,,,,,,,,,,,,,,,,,,,,,,,,,,,,,,,,,,,,,,,,,,,,,,,,,,,,,,,,,,,,,,,,,,,,,,,
,,,,,,,,,,,,,,,,,,,,,,,,,,,,39,,,,,,,,,,,,,,,,,,,,,,,,,,,,,,,,,,,,,,,,,,,,,,,,,,,,,,,,,,,,,,,,,,,,,,,
,,,,,,,,,,,,,,,,,,,,,,,,,,,,,,,,,,,,,,,,,,,,,,,,,,,,,,,,,,,,,,,,,,,,,,,,,,,,,,,,,,,,,,,,,,,,,,,,,,,
,,,,,,,,,,,,,,,,,,,,,,,,,,,,,,,,,,,,,,,,,,,,,,,,,,,,,,,,,,,,,,,,,,,,,,,,,,,,,,,,,,,,,,,,,,,,,,,,,,,
,,,,,,,,,,,,,,,,,,,,,,,,,,,,43,,,,,,,,,,,,,,,,,,,,,,,,,,,,,,,,,,,,,,,,,,,,,,,,,,,,,,,,,,,,,,,,,,,,,,,
,,,,,,,,,,,,,,,,,,,,,,,,,,,,,,,,,,,,,,,,,,,,,,,,,,,,,,,,,,,,,,,,,,,,,,,,,,,,,,,,,,,,,,,,,,,,,,,,,,,
,,,,,,,,,,,,,,,,,,,,,,,,,,,,,,,,,,,,36,,,,,,,,,,,,,,,,,,,,,,,,,,,,,,,,,,,,,,,,,,,,,,,,,,,,,,,,,,,,,,,
,,,,,,,,,,,,,,,,,,,,,,,,,,,,42,,,,,,,,37,,,,,,,,,,,,,,,,,,,,,,,,,,,,,,,,,,,,,,,,,,,,,,,,,,,,,,,,,,,,,,,
,,,,,,,,,,,,,,,,,,,,,,,,,,,,,,,,,,,,39,,,,,,,,,,,,,,,,,,,,,,,,,,,,,,,,,,,,,,,,,,,,,,,,,,,,,,,,,,,,,,,
,,,,,,,,,,,,,,,,,,,,,,,,,,,,41,,,,,,,,,,,,,,,,,,,,,,,,,,,,,,,,,,,,,,,,,,,,,,,,,,,,,,,,,,,,,,,,,,,,,,,
,,,,,,,,,,,,,,,,,,,,,,,,,,,,,,,,,,,,,,,,,,,,,,,,,,,,,,,,,,,,,,,,,,,,,,,,,,,,,,,,,,,,,,,,,,,,,,,,,,,
,,,,,,,,,,,,,,,,,,,,,,,,,,,,40,,,,,,,,,,,,,,,,,,,,,,,,,,,,,,,,,,,,,,,,,,,,,,,,,,,,,,,,,,,,,,,,,,,,,,,
,,,,,,,,,,,,,,,,,,,,,,,,,,,,,,,,,,,,,,,,,,,,,,,,,,,,,,,,,,,,,,,,,,,,,,,,,,,,,,,,,,,,,,,,,,,,,,,,,,,
,,,,,,,,,,,,,,,,,,,,,,,,,,,,,,,,,,,,,,,,,,,,,,,,,,,,,,,,,,,,,,,,,,,,,,,,,,,,,,,,,,,,,,,,,,,,,,,,,,,
,,,,,,,,,,,,,,,,,,,,,,,,,,,,39,,,,,,,,,,,,,,,,,,,,,,,,,,,,,,,,,,,,,,,,,,,,,,,,,,,,,,,,,,,,,,,,,,,,,,,
,,,,,,,,,,,,,,,,,,,,,,,,,,,,,,,,,,,,,,,,,42,,,,,,,,,,,,,,,,,,,,,,,,,,,,,,,,,,,,,,,,,,,,,,,,,,,,,,,,,,
,,,,,,,,,,,,,,,,,,,,,,,,,,,,,,,,,,,,,,,,,,,,,,,,,,,,,,,,,,,,,,,,,,,,,,,,,,,,,,,,,,,,,,,,,,,,,,,,,,,
,,,,,,,,,,,,,,,,,,,,,,,,,,,,,,,,,,,,,,,,,,,,,,,,,,,,,,,,,,,,,,,,,,,,,,,,,,,,,,,,,,,,,,,,,,,,,,,,,,,
,,,,,,,,,,,,,,,,,,,,,,,,,,,,,,,,,,,,,,,,,41,,,,,,,,,,,,,,,,,,,,,,,,,,,,,,,,,,,,,,,,,,,,,,,,,,,,,,,,,,
,,,,,,,,,,,,,,,,,,,,,,,,,,,,,,,,,,,,,,,,,44,,,,,,,,,,,,,,,,,,,,,,,,,,,,,,,,,,,,,,,,,,,,,,,,,,,,,,,,,,
,,,,,,,,,,,,,,,,,,,,,,,,,,,,,,,,,,,,,,,,,,,,,,,,,,,,,,,,,,,,,,,,,,,,,,,,,,,,,,,,,,,,,,,,,,,,,,,,,,,
,,,,,,,,,,,,,,,,,,,,,,,,,,,,,,,,,,,,,,,,,,,,,,,,,,,,,,,,,,,,,,,,,,,,,,,,,,,,,,,,,,,,,,,,,,,,,,,,,,,
,,,,,,,,,,,,,,,,,,,,,,,,,,,,,,,,,,,,,,,,,,,,,,,,,,,,,,,,,,,,,,,,,,,,,,,,,,,,,,,,,,,,,,,,,,,,,,,,,,,
,,,,,,,,,,,,,,,,,,,,,,,,,,,,,,,,,,,,,,,,,43,,,,,,,,,,,,,,,,,,,,,,,,,,,,,,,,,,,,,,,,,,,,,,,,,,,,,,,,,,
,,,,,,,,,,,,,,,,,,,,,,,,,,,,,,,,,,,,,,,,,,,,,,,,,,,,,,,,,,,,,,,,,,,,,,,,,,,,,,,,,,,,,,,,,,,,,,,,,,,
,,,,,,,,,,,,,,,,,,,,,,,,,,,,,,,,,,,,,,,,,,,,,,,,,,,,,,,,,,,,,,,,,,,,,,,,,,,,,,,,,,,,,,,,,,,,,,,,,,,
,,,,,,,,,,,,,,,,,,,,,,,,,,,,,,,,,,,,,,,,,,,,,,,,,,,,,,,,,,,,,,,,,,,,,,,,,,,,,,,,,,,,,,,,,,,,,,,,,,,
,,,,,,,,,,,,,,,,,,,,,,,,,,,,,,,,,,,,,,,,,,,,,,,,,,,,,,,,,,,,,,,,,,,,,,,,,,,,,,,,,,,,,,,,,,,,,,,,,,,
,,,,,,,,,,,,,,,,,,,,,,,,,,,,,,,,,,,,,,,,,,,,,,,,,,,,,,,,,,,,,,,,,,,,,,,,,,,,,,,,,,,,,,,,,,,,,,,,,,,
,,,,,,,,,,,,,,,,,,,,,,,,,,,,,,,,,,,,,,,,,,,,,,,,,,,,,,,,,,,,,,,,,,,,,,,,,,,,,,,,,,,,,,,,,,,,,,,,,,,
,,,,,,,,,,,,,,,,,,,,,,,,,,,,,,,,,,,,,,,,,,,,,,,,,,,,,,,,,,,,,,,,,,,,,,,,,,,,,,,,,,,,,,,,,,,,,,,,,,,
,,,,,,,,,,,,,,,,,,,,,,,,,,,,,,,,,,,,,,,,,,,,,,,,,,,,,,,,,,,,,,,,,,,,,,,,,,,,,,,,,,,,,,,,,,,,,,,,,,,
,,,,,,,,,,,,,,,,,,,,,,,,,,,,,,,,,,,,,,,,,,,,,,,,,,,,,,,,,,,,,,,,,,,,,,,,,,,,,,,,,,,,,,,,,,,,,,,,,,,
,,,,,,,,,,,,,,,,,,,,,,,,,,,,,,,,,,,,,,,,,,,,,,,,,,,,,,,,,,,,,,,,,,,,,,,,,,,,,,,,,,,,,,,,,,,,,,,,,,,
,,,,,,,,,,,,,,,,,,,,,,,,,,,,,,,,,,,,,,,,,,,,,,,,,,,,,,,,,,,,,,,,,,,,,,,,,,,,,,,,,,,,,,,,,,,,,,,,,,,
,,,,,,,,,,,,,,,,,,,,,,,,,,,,,,,,,,,,,,,,,,,,,,,,,,,,,,,,,,,,,,,,,,,,,,,,,,,,,,,,,,,,,,,,,,,,,,,,,,,
,,,,,,,,,,,,,,,,,,,,,,,,,,,,,,,,,,,,,,,,,,,,,,,,,,,,,,,,,,,,,,,,,,,,,,,,,,,,,,,,,,,,,,,,,,,,,,,,,,,
,,,,,,,,,,,,,,,,,,,,,,,,,,,,,,,,,,,,,,,,,,,,,,,,,,,,,,,,,,,,,,,,,,,,,,,,,,,,,,,,,,,,,,,,,,,,,,,,,,,
,,,,,,,,,,,,,,,,,,,,,,,,,,,,,,,,,,,,,,,,,,,,,,,,,,,,,,,,,,,,,,,,,,,,,,,,,,,,,,,,,,,,,,,,,,,,,,,,,,,
,,,,,,,,,,,,,,,,,,,,,,,,,,,,,,,,,,,,,,,,,,,,,,,,,,,,,,,,,,,,,,,,,,,,,,,,,,,,,,,,,,,,,,,,,,,,,,,,,,,
,,,,,,,,,,,,,,,,,,,,,,,,,,,,,,,,,,,,,,,,,,,,,,,,,,,,,,,,,,,,,,,,,,,,,,,,,,,,,,,,,,,,,,,,,,,,,,,,,,,
,,,,,,,,,,,,,,,,,,,,,,,,,,,,,,,,,,,,,,,,,,,,,,,,,,,,,,,,,,,,,,,,,,,,,,,,,,,,,,,,,,,,,,,,,,,,,,,,,,,
,,,,,,,,,,,,,,,,,,,,,,,,,,,,,,,,,,,,,,,,,,,,,,,,,,,,,,,,,,,,,,,,,,,,,,,,,,,,,,,,,,,,,,,,,,,,,,,,,,,
,,,,,,,,,,,,,,,,,,,,,,,,,,,,,,,,,,,,,,,,,,,,,,,,,,,,,,,,,,,,,,,,,,,,,,,,,,,,,,,,,,,,,,,,,,,,,,,,,,,
,,,,,,,,,,,,,,,,,,,,,,,,,,,,,,,,,,,,,,,,,,,,,,,,,,,,,,,,,,,,,,,,,,,,,,,,,,,,,,,,,,,,,,,,,,,,,,,,,,,
MoveObject: type=26 stepAdvance=1 stepRecede=1 timeStopStart=0 timeStopEnd=0 posStart=3650;3016 posEnd=3650;3016 posCurrent=3650;3016 step=1 time=0 phase=710 channel=10 icon=138 
MoveObject: type=2 stepAdvance=1 stepRecede=1 timeStopStart=0 timeStopEnd=0 posStart=4098;2692 posEnd=4098;2692 posCurrent=4098;2692 step=1 time=0 phase=710 channel=10 icon=15 
MoveObject: type=2 stepAdvance=1 stepRecede=1 timeStopStart=0 timeStopEnd=0 posStart=4162;2692 posEnd=4162;2692 posCurrent=4162;2692 step=1 time=0 phase=710 channel=10 icon=15 
MoveObject: type=2 stepAdvance=1 stepRecede=1 timeStopStart=0 timeStopEnd=0 posStart=4226;2692 posEnd=4226;2692 posCurrent=4226;2692 step=1 time=0 phase=710 channel=10 icon=15 
MoveObject: type=2 stepAdvance=1 stepRecede=1 timeStopStart=0 timeStopEnd=0 posStart=4290;2692 posEnd=4290;2692 posCurrent=4290;2692 step=1 time=0 phase=710 channel=10 icon=15 
MoveObject: type=2 stepAdvance=1 stepRecede=1 timeStopStart=0 timeStopEnd=0 posStart=4354;2692 posEnd=4354;2692 posCurrent=4354;2692 step=1 time=0 phase=710 channel=10 icon=15 
MoveObject: type=2 stepAdvance=1 stepRecede=1 timeStopStart=0 timeStopEnd=0 posStart=5186;2692 posEnd=5186;2692 posCurrent=5186;2692 step=1 time=0 phase=710 channel=10 icon=15 
MoveObject: type=2 stepAdvance=1 stepRecede=1 timeStopStart=0 timeStopEnd=0 posStart=5250;2692 posEnd=5250;2692 posCurrent=5250;2692 step=1 time=0 phase=710 channel=10 icon=15 
MoveObject: type=2 stepAdvance=1 stepRecede=1 timeStopStart=0 timeStopEnd=0 posStart=5314;2692 posEnd=5314;2692 posCurrent=5314;2692 step=1 time=0 phase=710 channel=10 icon=15 
MoveObject: type=2 stepAdvance=1 stepRecede=1 timeStopStart=0 timeStopEnd=0 posStart=5378;2692 posEnd=5378;2692 posCurrent=5378;2692 step=1 time=0 phase=710 channel=10 icon=15 
MoveObject: type=2 stepAdvance=1 stepRecede=1 timeStopStart=0 timeStopEnd=0 posStart=5442;2692 posEnd=5442;2692 posCurrent=5442;2692 step=1 time=0 phase=710 channel=10 icon=15 
MoveObject: type=1 stepAdvance=20 stepRecede=20 timeStopStart=10 timeStopEnd=10 posStart=5184;2176 posEnd=5184;2048 posCurrent=5184;2176 step=1 time=6 phase=710 channel=1 icon=218 
MoveObject: type=1 stepAdvance=60 stepRecede=60 timeStopStart=20 timeStopEnd=20 posStart=2240;3008 posEnd=2240;3200 posCurrent=2240;3113 step=2 time=33 phase=710 channel=1 icon=229 
MoveObject: type=1 stepAdvance=40 stepRecede=40 timeStopStart=10 timeStopEnd=10 posStart=2368;3072 posEnd=2368;3328 posCurrent=2368;3181 step=4 time=23 phase=710 channel=1 icon=229 
MoveObject: type=1 stepAdvance=60 stepRecede=60 timeStopStart=10 timeStopEnd=10 posStart=2624;3328 posEnd=2624;2944 posCurrent=2624;3270 step=4 time=51 phase=710 channel=1 icon=229 
MoveObject: type=1 stepAdvance=40 stepRecede=40 timeStopStart=10 timeStopEnd=10 posStart=2496;3136 posEnd=2496;2880 posCurrent=2496;3027 step=4 time=23 phase=710 channel=1 icon=229 
MoveObject: type=5 stepAdvance=1 stepRecede=1 timeStopStart=0 timeStopEnd=0 posStart=2882;3012 posEnd=2882;3012 posCurrent=2882;3012 step=1 time=0 phase=710 channel=10 icon=6 
MoveObject: type=5 stepAdvance=1 stepRecede=1 timeStopStart=0 timeStopEnd=0 posStart=2882;3204 posEnd=2882;3204 posCurrent=2882;3204 step=1 time=0 phase=710 channel=10 icon=6 
MoveObject: type=1 stepAdvance=18 stepRecede=18 timeStopStart=3 timeStopEnd=3 posStart=2368;2944 posEnd=2368;2752 posCurrent=2368;2774 step=2 time=16 phase=710 channel=1 icon=229 
MoveObject: type=1 stepAdvance=20 stepRecede=20 timeStopStart=10 timeStopEnd=10 posStart=2624;2752 posEnd=2752;2752 posCurrent=2624;2752 step=1 time=6 phase=710 channel=1 icon=229 
MoveObject: type=1 stepAdvance=20 stepRecede=20 timeStopStart=10 timeStopEnd=10 posStart=3008;2752 posEnd=2880;2752 posCurrent=3008;2752 step=1 time=6 phase=710 channel=1 icon=229 
MoveObject: type=1 stepAdvance=20 stepRecede=20 timeStopStart=10 timeStopEnd=10 posStart=3072;2752 posEnd=3200;2752 posCurrent=3072;2752 step=1 time=6 phase=710 channel=1 icon=229 
MoveObject: type=6 stepAdvance=1 stepRecede=1 timeStopStart=0 timeStopEnd=0 posStart=3202;3016 posEnd=3202;3016 posCurrent=3202;3016 step=1 time=0 phase=710 channel=10 icon=22 
MoveObject: type=1 stepAdvance=20 stepRecede=20 timeStopStart=20 timeStopEnd=20 posStart=5632;2624 posEnd=5568;2624 posCurrent=5578;2624 step=2 time=17 phase=710 channel=1 icon=229 
MoveObject: type=1 stepAdvance=20 stepRecede=20 timeStopStart=20 timeStopEnd=20 posStart=5632;2368 posEnd=5568;2368 posCurrent=5578;2368 step=2 time=17 phase=710 channel=1 icon=229 
MoveObject: type=1 stepAdvance=20 stepRecede=20 timeStopStart=10 timeStopEnd=10 posStart=5184;1984 posEnd=5184;1856 posCurrent=5184;1984 step=1 time=6 phase=710 channel=1 icon=218 
MoveObject: type=1 stepAdvance=10 stepRecede=10 timeStopStart=10 timeStopEnd=10 posStart=4672;1728 posEnd=4608;1728 posCurrent=4672;1728 step=1 time=6 phase=710 channel=1 icon=215 
MoveObject: type=1 stepAdvance=10 stepRecede=10 timeStopStart=10 timeStopEnd=10 posStart=4480;1728 posEnd=4544;1728 posCurrent=4480;1728 step=1 time=6 phase=710 channel=1 icon=215 
MoveObject: type=5 stepAdvance=1 stepRecede=1 timeStopStart=0 timeStopEnd=0 posStart=3970;2692 posEnd=3970;2692 posCurrent=3970;2692 step=1 time=0 phase=710 channel=10 icon=6 
MoveObject: type=1 stepAdvance=20 stepRecede=20 timeStopStart=20 timeStopEnd=20 posStart=3392;2752 posEnd=3456;2752 posCurrent=3446;2752 step=2 time=17 phase=710 channel=1 icon=229 
MoveObject: type=24 stepAdvance=1 stepRecede=1 timeStopStart=0 timeStopEnd=0 posStart=3906;2373 posEnd=3906;2373 posCurrent=3906;2373 step=1 time=0 phase=710 channel=10 icon=131 
MoveObject: type=24 stepAdvance=1 stepRecede=1 timeStopStart=0 timeStopEnd=0 posStart=3970;2373 posEnd=3970;2373 posCurrent=3970;2373 step=1 time=0 phase=710 channel=10 icon=131 
MoveObject: type=24 stepAdvance=1 stepRecede=1 timeStopStart=0 timeStopEnd=0 posStart=4034;2373 posEnd=4034;2373 posCurrent=4034;2373 step=1 time=0 phase=710 channel=10 icon=131 
MoveObject: type=24 stepAdvance=1 stepRecede=1 timeStopStart=0 timeStopEnd=0 posStart=4098;2373 posEnd=4098;2373 posCurrent=4098;2373 step=1 time=0 phase=710 channel=10 icon=131 
MoveObject: type=1 stepAdvance=20 stepRecede=20 timeStopStart=10 timeStopEnd=10 posStart=4224;1600 posEnd=4224;1472 posCurrent=4224;1600 step=1 time=6 phase=710 channel=1 icon=215 
MoveObject: type=1 stepAdvance=20 stepRecede=20 timeStopStart=10 timeStopEnd=10 posStart=4096;1344 posEnd=4096;1472 posCurrent=4096;1344 step=1 time=6 phase=710 channel=1 icon=215 
MoveObject: type=1 stepAdvance=20 stepRecede=20 timeStopStart=10 timeStopEnd=10 posStart=3968;1344 posEnd=3968;1216 posCurrent=3968;1344 step=1 time=6 phase=710 channel=1 icon=215 
MoveObject: type=7 stepAdvance=1 stepRecede=1 timeStopStart=0 timeStopEnd=0 posStart=3970;1028 posEnd=3970;1028 posCurrent=3970;1028 step=1 time=0 phase=710 channel=10 icon=33 
MoveObject: type=1 stepAdvance=20 stepRecede=20 timeStopStart=10 timeStopEnd=10 posStart=3840;1344 posEnd=3840;1472 posCurrent=3840;1344 step=1 time=6 phase=710 channel=1 icon=215 
MoveObject: type=5 stepAdvance=1 stepRecede=1 timeStopStart=0 timeStopEnd=0 posStart=3586;1412 posEnd=3586;1412 posCurrent=3586;1412 step=1 time=0 phase=710 channel=10 icon=6 
MoveObject: type=6 stepAdvance=1 stepRecede=1 timeStopStart=0 timeStopEnd=0 posStart=2946;1864 posEnd=2946;1864 posCurrent=2946;1864 step=1 time=0 phase=710 channel=10 icon=22 
MoveObject: type=4 stepAdvance=60 stepRecede=60 timeStopStart=20 timeStopEnd=20 posStart=4864;1856 posEnd=4736;1856 posCurrent=4794;1856 step=2 time=33 phase=710 channel=10 icon=66 
MoveObject: type=4 stepAdvance=90 stepRecede=90 timeStopStart=20 timeStopEnd=20 posStart=3008;1856 posEnd=3200;1856 posCurrent=3044;1856 step=2 time=17 phase=710 channel=10 icon=58 
MoveObject: type=6 stepAdvance=1 stepRecede=1 timeStopStart=0 timeStopEnd=0 posStart=2882;1864 posEnd=2882;1864 posCurrent=2882;1864 step=1 time=0 phase=710 channel=10 icon=22 
