DescFile: posDecor=0;4720 dimDecor=100;100 world=0 music=3 region=1 blupiPos=322;5062 blupiDir=2 
Decor: 
,,,,,,,,,,,,,,,,,,,,,,,,,,,,,,,,,,,,,,,,,,,,,,,,,,,,,,,,,,,,,,,80,79,78,78,79,78,84,80,78,82,82,81,84,78,82,81,81,84,84,78,78,84,83,,,,,,,,,,,,,,
,,,,,,,,,,,,,,,,,,,,,,,,,,,,,,,,,,,,,,,,,,,,,,,,,,,,,,,,,,,,,,,80,81,80,82,80,81,83,80,83,81,82,82,82,81,79,82,80,79,83,78,82,79,82,,,,,,,,,,,,,,
,,,,,,,,,,,,,,,,,,,,,,,82,84,83,80,80,79,79,79,79,79,80,81,79,82,78,84,,,,,,,,,,,,,,,,,,,,,,,,,83,84,80,83,80,83,80,80,81,84,80,79,83,83,78,78,79,84,83,80,84,82,81,,,,,,,,,,,,,,
,,,,,,,,,,,,,,,,,,,,,,,81,79,79,79,80,83,83,82,82,83,82,84,82,81,84,82,,,,,,,,,,,,,,,,,,,,,,,,,83,81,80,79,80,84,84,81,82,80,81,84,80,83,83,78,80,83,79,84,79,80,78,,,,,,,,,,,,,,
,,,,,,,,,,,,,,,,,,,,,,,80,81,78,82,78,84,82,83,78,81,80,81,79,81,82,79,,,,,,,,,,,,,,,,,,,,,,,,,81,79,81,79,78,84,82,80,81,84,81,80,82,81,83,84,80,78,80,82,82,79,81,,,,,,,,,,,,,,
,,,,,,,,,,,,,,,,,,,,,,,80,79,84,82,82,81,81,79,78,79,81,79,81,82,80,79,,,,,,,,,,,,,,,,,,,,,,,,,78,81,83,81,63,63,63,63,63,63,63,63,63,63,63,63,63,78,80,82,81,80,81,,,,,,,,,,,,,,
,,,,,,,,,,,,,,,,,,,,,,,78,83,81,81,80,78,82,83,78,79,80,78,84,79,79,84,,,,,,,,,,,,,,,,,,,,,,,,,79,83,84,83,,,,,,,,,,,,,,83,80,79,80,82,78,,,,,,,,,,,,,,
,,,,,,,,,,,,,,,,,,,,,,,78,83,83,79,84,82,82,84,82,80,79,79,83,81,80,80,,,,,,,,,,,,,,,,,,,,,,,,,81,83,83,79,,,,,,,,,,64,,,,84,78,81,82,80,82,,,,,,,,,,,,,,
,,,,,,,,,,,,,,,,,,,,,,,81,80,80,81,81,83,83,79,83,78,83,79,82,82,80,83,,,,,,,,,,,,,,,,,,,,,,,,,83,78,78,83,,,,,,,,,,78,201,201,201,80,78,82,79,81,78,,,,,,,,,,,,,,
,,,,,,,,,,,,,,,,,,,,,,,83,78,79,84,79,84,78,79,81,80,78,84,80,78,84,84,,,,,,,,,,,,,,,,,,,,,,,,,80,83,82,83,,,,,,,,,,63,64,,,79,79,79,83,81,81,,,,,,,,,,,,,,
,,,,,,,,,,,,,,,,,,,,,,,79,82,82,80,79,79,79,80,82,78,82,83,83,80,78,84,,,,,,,,,,,,,,,,,,,,,,,,,84,84,83,79,,,,,,,201,201,201,201,84,201,201,81,78,83,84,82,83,,,,,,,,,,,,,,
,,,,,,,,,,,,,,,,,,,,,,,84,81,79,83,81,81,79,82,79,80,79,79,79,81,81,81,,,,,,,,,,,,,,,,,,,,,,,,,81,78,80,83,,,,,,,,,,,63,,,81,83,80,82,78,84,,,,,,,,,,,,,,
,,,,,,,,,,,,,,,,,,,,,,,78,79,79,79,83,80,83,84,82,79,83,79,79,81,79,80,,,,,,,,,,,,,,,,,,,,,,,,,83,83,78,78,,,,,,,64,,,,64,,,84,84,81,79,84,80,,,,,,,,,,,,,,
,,,,,,,,,,,,,,,,,,,,,,,84,80,78,83,80,81,79,82,79,81,78,83,78,78,80,84,,,,,,,,,,,,,,,,,,,,,,,,,79,80,79,79,,,,,,,78,201,201,201,84,201,201,84,80,84,81,80,81,,,,,,,,,,,,,,
,,,,,,,,,,,,,,,,,,,,,,,80,84,81,83,83,83,78,80,83,81,81,81,83,81,79,81,,,,,,,,,,,,,,,,,,,,,,,,,78,83,84,78,,,,,,64,63,,,,63,64,,81,81,81,81,78,79,,,,,,,,,,,,,,
,,,,,,,,,,,,,,,,,,,,,,,80,82,83,84,80,84,78,81,81,79,79,80,84,81,81,84,,,,,,,,,,,,,,,,,,,,,,,,,82,79,79,81,,,,,,84,201,201,201,201,201,84,201,80,82,78,78,79,78,,,,,,,,,,,,,,
,,,,,,,,,,,,,,,,,,,,,,,80,82,82,78,78,78,79,81,84,81,79,81,79,79,81,81,,,,,,,,,,,,,,,,,,,,,,,,,80,80,81,81,,,,,,64,,,,,,63,,84,82,80,80,78,82,,,,,,,,,,,,,,
,,,,,,,,,,,,,,,,,,,,,,,78,83,82,83,80,84,80,84,80,83,81,82,84,78,78,84,,,,,,,,,,,,,,,,,,,,,,,,,81,78,81,84,,,,,,84,201,201,201,201,201,201,201,78,84,82,82,80,81,,,,,,,,,,,,,,
,,,,,,,,,,,,,,,,,,,,,,,78,82,84,84,83,83,79,83,78,83,83,81,80,84,84,78,,,,,,,,,,,,,,,,,,,,,,,,,83,81,80,81,,,,,,63,,,,,,,,79,78,82,78,82,78,,,,,,,,,,,,,,
,,,,,,,,,,,,,,,,,,,,,,,81,82,80,84,83,79,201,201,201,82,79,79,82,79,82,83,,,,,,,,,,,,,,,,,,,,,,,,,80,80,78,84,64,64,64,,89,64,64,64,64,64,64,64,64,82,81,83,79,79,81,,,,,,,,,,,,,,
,,,,,,,,,,,,,,,,,,,,,,,82,80,82,79,79,83,,,,81,78,84,79,83,80,82,,,,,,,,,,,,,,,,,,,,,,,,,84,84,79,80,82,80,79,201,83,78,84,78,84,78,81,78,80,78,82,84,78,79,82,,,,,,,,,,,,,,
,,,,,,,,,,,,,,,,,,,,,,,78,80,79,81,81,81,201,201,201,78,83,80,84,80,83,80,,,,,,,,,,,,,,,,,,,,,,,,,78,79,83,78,79,82,83,201,79,81,83,84,80,82,82,83,80,79,80,80,83,80,80,,,,,,,,,,,,,,
,,,,,,,,,,,,,,,,,,,,,,,81,81,83,80,80,83,,,,78,79,83,81,83,80,83,,,,,,,,,,,,,,,,,,,,,,,,,80,82,81,84,84,82,81,201,80,83,80,79,79,80,82,79,84,78,82,78,79,78,78,,,,,,,,,,,,,,
,,,,,,,,,,,,,,,,,,,,,,,80,82,83,79,82,82,,,,78,82,80,81,80,84,83,,,,,,,,,,,,,,,,,,,,,,,,,83,82,79,84,82,87,63,,79,82,82,81,79,84,82,80,80,84,83,82,79,84,78,,,,,,,,,,,,,,
,,,,,,,,,,,,,,,,,,,,,,,82,83,83,81,78,83,,,,78,84,82,78,78,80,83,,,,,,,,,,,,,,,,,,,,,,,,,84,78,81,78,78,,,,78,83,81,80,78,82,81,82,81,83,81,82,82,82,80,,,,,,,,,,,,,,
,,,,,,,,,,,,,,,,,,,,,,,79,82,78,84,81,83,,,,78,84,81,81,81,78,78,,,,,,,,,,,,,,,,,,,,,,,,,82,81,78,79,82,,,,82,84,79,78,82,78,79,81,84,80,81,80,79,78,79,,,,,,,,,,,,,,
,,,,,,,,,,,,,,,,,,,,,,,81,79,81,82,78,82,,,,78,78,81,78,84,81,78,,,,,,,,,,,,,,,,,,,,,,,,,82,83,83,78,79,89,64,,80,82,79,83,80,81,80,80,84,78,83,84,78,80,78,,,,,,,,,,,,,,
,,,,,,,,,,,,,,,,,,,,,,,82,82,80,81,84,82,,,,81,80,82,79,81,83,80,,,,,,,,,,,,,,,,,,,,,,,,,81,81,79,81,80,84,80,201,79,81,81,83,82,82,80,78,83,81,,,,,,,,,,,,,,,,,,,
,,,,,,,,,,,,,,,,,,,,,,,81,80,81,84,78,78,,,,83,82,79,83,80,80,81,,,,,,,,,,,,,,,,,,,,,,,,,81,78,84,78,82,81,82,201,79,79,78,80,80,78,79,84,83,79,,,,,,,,,,,,,,,,,,,
,,,,,,,,,,,,,,,,,,,,,,,84,78,84,79,79,82,,,,82,83,83,78,80,79,79,,,,,,,,,,,,,,,,,,,,,,,,,82,83,83,81,81,78,82,201,84,80,78,79,78,83,82,82,80,84,,,,,,,,,,,,,,,,,,,
,,,,,,,,,,,,,,,,,,,,,,,84,78,80,78,80,80,,,,79,80,82,82,78,84,79,,,,,,,,,,,,,,,,,,,,,,,,,82,82,84,80,80,84,201,201,87,201,,68,81,84,79,79,82,82,,,,,,,,,,,,,,,,,,,
,,,,,,,,,,,,,,,,,,,,,,,83,80,80,83,83,82,,,,84,82,81,83,80,81,83,,,,,,,,,,,,,,,,,,,,,,,,,80,84,84,80,80,83,201,,,201,,68,80,82,78,82,84,79,,,,,,,,,,,,,,,,,,,
,,,,,,,,,,,,,,,,,,,,,,,84,78,81,84,82,80,,,,78,78,83,79,83,84,80,,,,,,,,,,,,,,,,,,,,,,,,,78,82,81,82,81,83,201,,,78,,68,79,82,84,84,84,,,,,,,,,,,,,,,,,,,,
,,,,,,,,,,,,,,,,,,,,,,,81,82,81,80,82,83,,,,79,82,80,80,83,78,82,,,,,,,,,,,,,,,,,,,,,,,,,84,81,79,78,78,80,201,,,201,,68,84,81,84,78,80,,,,,,,,,,,,,,,,,,,,
,,,,,,,,,,,,,,,,,,,,,,,84,80,82,82,83,82,,,,79,80,78,81,81,84,78,,,,,,,,,,,,,,,,,,,,,,,,,84,83,82,80,83,80,201,,,201,,68,81,84,84,79,82,,,,,,,,,,,,,,,,,,,,
,,,,,,,,,,,,,,,,,,,,,,,80,82,81,80,81,84,,,,82,78,81,81,78,79,79,,,,,,,,,,,,,,,,,,,,,,,,,83,81,83,79,79,82,201,,,201,,68,81,79,79,84,80,,,,,,,,,,,,,,,,,,,,
,,,,,,,,,,,,,,,,,,,,,,,84,78,82,80,80,83,,,,82,82,78,84,80,82,78,,,,,,,,,,,,,,,,,,,,,,,,,83,83,79,81,84,79,201,,,201,,68,80,78,80,81,82,,,,,,,,,,,,,,,,,,,,
,,,,,,,,,,,,,,,,,,,,,,79,84,83,81,80,80,79,,,,79,82,82,80,81,81,81,82,79,80,82,78,83,,,,,,,,,,,,,,,,,,,79,78,78,78,82,78,201,,,201,,68,84,82,80,78,78,,,,,,,,,,,,,,,,,,,,
,,,,,,,,,,,,,,,,,,,,,,79,80,81,79,83,80,78,,,,81,79,78,80,82,84,82,82,83,83,79,80,83,,,,,,,,,,,,,,,,,,,84,81,81,83,80,82,201,,,201,,68,81,84,79,83,79,,,,,,,,,,,,,,,,,,,,
,,,,,,,,,,,,,,,,,,,,,,83,84,84,80,78,81,79,,,,81,84,78,78,82,82,81,78,80,84,83,80,78,,,,,,,,,,,,,,,,,,,81,82,80,81,84,78,201,,,201,,68,84,82,81,84,83,,,,,,,,,,,,,,,,,,,,
,,,,,,,,,,,,,,,,,,,,,,78,79,81,84,82,81,83,,,,84,84,78,84,80,81,82,81,81,83,83,80,84,,,,,,,,,,,,,,,,,,,81,79,78,82,84,78,201,,,201,,68,78,83,80,84,81,,,,,,,,,,,,,,,,,,,,
,,,,,,,,,,,,,,,,,,,,,,80,80,84,84,82,78,78,,,,80,79,84,82,84,83,79,79,79,79,82,79,84,,,,,,,,,,,,,,,,,,,81,81,81,84,79,80,201,,,201,,68,79,82,79,78,80,,,,,,,,,,,,,,,,,,,,
,,,,,,,,,,,,,,,,,,,,,,83,81,84,81,78,83,82,,,,78,84,81,78,78,78,84,84,81,84,83,84,80,,,,,,,,,,,,,,,,,,,81,83,82,79,83,82,201,,,201,,68,84,80,83,81,79,82,84,78,79,80,84,,,,,,,,,,,,,,
,,,,,,,,,,,,,,,,,,,,,,82,82,79,78,82,80,84,,,,79,81,82,78,82,82,79,78,79,83,80,79,78,,,,,,,,,,,,,,,,,,,79,79,84,79,79,81,201,,,78,,68,84,81,83,78,82,79,78,83,80,82,78,,,,,,,,,,,,,,
,,,,,,,,,,,,,,,,,,,,,,78,83,80,81,80,80,81,,,,83,79,83,81,84,82,81,83,79,79,79,80,78,,,,,,,,,,,,,,,,,,,79,78,79,84,81,80,201,,,201,,68,79,81,80,79,83,82,84,82,81,80,80,,,,,,,,,,,,,,
,,,,,,,,,,,,,,,,,,,,,,78,82,80,79,83,79,79,,,,78,63,63,63,80,83,78,78,80,84,78,81,79,80,81,80,80,78,81,84,82,82,83,84,84,78,80,84,83,82,82,84,78,82,83,80,81,201,201,89,201,,68,83,78,84,83,79,82,81,81,83,81,80,,,,,,,,,,,,,,
,,,,,,,,,,,,,,,,,,,,,,80,84,82,78,83,80,79,,,56,3,,,,63,78,80,83,81,79,84,83,82,81,79,79,82,79,80,80,81,82,79,80,84,78,80,84,81,82,78,81,81,79,82,82,83,83,201,78,84,83,80,84,79,80,80,80,79,80,84,83,81,84,,,,,,,,,,,,,,
,,,,,,,,,,,,,,,,,,,,,,84,78,81,80,81,82,84,,,,201,201,3,59,,215,83,78,82,81,80,80,84,81,83,79,78,84,84,78,82,82,79,79,82,80,82,80,81,83,81,80,80,82,82,82,81,80,201,83,79,84,80,84,83,81,83,82,82,82,83,84,83,81,,,,,,,,,,,,,,
,,,,,,,,,,,,,,,,,,,,,,83,79,80,81,82,78,78,89,64,56,3,,,,64,79,80,83,80,83,82,79,84,78,80,84,81,84,78,83,78,78,79,80,84,84,83,84,82,80,79,81,78,80,78,82,78,81,201,84,84,80,83,83,79,63,63,79,78,81,80,81,79,80,,,,,,,,,,,,,,
,,,,,,,,,,,,,,,,,,,,,,80,84,84,79,79,81,80,83,82,201,84,64,64,64,83,78,83,83,82,82,84,81,83,82,80,80,78,82,82,81,84,78,83,79,82,79,81,82,80,81,78,80,79,83,81,84,80,63,,201,63,63,63,63,63,,,81,79,82,78,84,81,84,,,,,,,,,,,,,,
,,,,,,,,,,,,,,,,,,,,,,81,78,84,81,81,80,81,83,82,201,78,81,83,84,79,78,82,78,81,83,80,80,78,83,80,80,84,84,79,78,82,81,83,84,84,78,81,78,84,83,83,81,79,78,84,82,82,,,201,,,,,,,,83,82,78,80,81,80,83,,,,,,,,,,,,,,
,,,,,,,,,,,,,,,,,,,,,,78,78,80,84,80,78,84,82,201,,201,81,78,82,79,83,84,84,83,84,80,80,80,82,82,82,78,83,80,84,79,201,201,201,81,78,84,83,83,78,80,79,80,78,79,78,84,,,201,,,,,,,,81,78,80,79,80,80,78,,,,,,,,,,,,,,
,,,,,,,,,,,,,,,,,,,,,,82,80,78,83,80,78,78,79,79,433,79,82,82,79,82,78,80,83,84,81,78,78,78,81,83,63,63,63,80,78,81,,,201,63,63,82,84,81,82,84,84,81,78,83,79,81,,,201,,,,,,,,79,83,82,78,80,82,83,,,,,,,,,,,,,,
,,,,,,,,,,,,,,,,,,,,,,84,78,82,79,80,80,78,84,201,,201,79,82,84,78,84,78,81,84,80,84,78,80,84,81,,,,201,201,84,200,78,82,84,200,79,82,79,80,84,83,81,82,84,84,79,,,201,,,,,,,,81,83,84,80,79,79,84,,,,,,,,,,,,,,
,,,,,,,,,,,,,,,,,,,,,,82,81,84,80,81,82,82,84,83,201,82,84,84,79,84,63,63,63,63,201,201,201,201,81,82,,,,201,201,201,64,82,82,82,,78,78,79,84,81,82,78,79,80,78,81,64,,201,64,64,64,64,64,,,79,81,80,82,80,78,84,,,,,,,,,,,,,,
,,,,,,,,,,,,,,,,,,,,,,83,79,82,83,79,79,79,79,79,201,80,82,80,83,81,,,,,201,201,201,,63,83,,64,,201,201,84,82,82,82,81,200,79,79,84,83,82,80,79,80,81,82,84,80,201,80,79,84,78,81,79,64,64,84,83,80,80,84,78,78,,,,,,,,,,,,,,
,,,,,,,,,,,,,,,,,,,,,,83,79,78,83,83,84,79,81,79,201,84,83,82,80,83,,,,,80,201,84,,,201,201,84,201,83,83,83,81,63,63,201,,82,84,83,83,81,82,83,78,80,79,81,81,201,79,82,82,84,78,82,81,81,82,81,81,84,79,83,81,,,,,,,,,,,,,,
,,,,,,,,,,,,,,,,,,,,,,83,81,79,79,84,83,87,63,63,,83,79,80,84,84,,64,,,201,201,84,64,64,83,,63,,82,82,83,84,,,84,201,84,78,83,83,79,79,79,79,84,82,83,84,201,84,83,82,81,80,80,82,79,80,78,82,84,80,82,84,,,,,,,,,,,,,,
,,,,,,,,,,,,,,,,,,,,,,80,79,84,82,79,80,,,,,201,63,84,63,201,200,84,,64,201,84,79,80,78,81,,,,201,201,82,201,64,64,84,,63,63,201,63,63,63,80,84,63,63,63,63,,63,63,68,80,81,78,83,82,80,80,80,84,80,80,84,,,,,,,,,,,,,,
,,,,,,,,,,,,,,,,,,,,,,84,84,81,78,79,82,,,,,201,,201,,84,,,,83,80,82,80,79,79,81,,,,201,201,201,201,84,78,84,,,,78,,,,201,201,,,,,,,,68,80,81,80,79,83,83,83,84,80,84,78,78,,,,,,,,,,,,,,
,,,,,,,,,,,,,,,,,,,,,,84,78,79,82,81,82,,,,,201,64,84,64,201,200,84,,63,201,84,81,84,81,83,,,,201,201,82,201,63,63,84,,64,64,201,64,64,64,81,78,64,64,64,64,64,64,64,68,81,83,78,80,81,,,,,,,,,,,,,,,,,,,,,
,,,,,,,,,,,,,,,,,,,,,,79,81,80,83,81,82,89,64,64,,84,80,80,78,80,,63,,,201,201,84,63,63,79,,64,,82,82,81,78,,,84,201,83,78,83,80,78,80,78,84,84,83,81,79,82,80,81,78,81,82,83,79,81,,,,,,,,,,,,,,,,,,,,,
,,,,,,,,,,,,,,,,,,,,,,83,79,79,84,83,80,80,83,79,201,80,83,80,80,83,,,,,81,201,84,,,201,201,84,201,79,81,83,79,64,64,201,,81,78,78,81,83,79,80,81,80,81,84,84,78,79,82,80,80,82,79,79,84,,,,,,,,,,,,,,,,,,,,,
,,,,,,,,,,,,,,,,,,,,,,81,80,82,78,84,80,80,79,84,201,82,84,80,78,78,,,,,201,201,201,,64,81,,63,,201,201,83,80,81,82,82,200,79,82,80,78,78,79,83,80,79,82,79,84,84,83,81,78,80,83,78,78,78,,,,,,,,,,,,,,,,,,,,,
,,,,,,,,,,,,,,,,,,,,,,81,80,82,84,78,80,84,79,79,201,82,79,82,83,80,64,64,64,64,201,201,201,201,82,80,,,,201,201,201,63,84,81,79,,82,80,83,79,84,83,81,78,79,78,82,82,80,80,78,84,82,81,79,82,83,,,,,,,,,,,,,,,,,,,,,
,,,,,,,,,,,,,,,,,,,,,,80,82,82,84,83,80,81,80,201,,201,81,81,84,80,80,83,83,84,79,81,80,79,83,79,,,,201,201,81,200,81,83,80,200,83,84,81,79,78,78,84,83,84,83,79,78,82,84,82,83,80,81,78,82,81,,,,,,,,,,,,,,,,,,,,,
,,,,,,,,,,,,,,,,,,,,,,82,84,83,79,80,81,78,79,82,434,83,84,81,82,83,84,81,78,80,80,80,84,84,84,78,64,64,64,81,79,81,,63,201,64,64,78,79,81,81,82,84,78,80,81,79,81,79,84,80,84,81,84,79,79,79,79,,,,,,,,,,,,,,,,,,,,,
,,,,,,,,,,,,,,,,,,,,,,82,81,80,83,83,83,80,78,201,,201,83,82,80,83,79,80,80,84,79,78,78,84,82,82,78,84,79,79,78,78,201,201,201,79,78,82,78,78,80,78,63,84,79,83,82,80,82,84,81,78,79,83,81,84,82,80,,,,,,,,,,,,,,,,,,,,,
,,,,,,,,,,,,,,,,,,,,,,84,79,83,78,83,81,82,83,79,201,79,80,78,80,83,81,78,83,79,82,82,78,80,78,83,83,83,84,81,82,84,79,78,79,78,79,84,80,84,,201,,80,82,82,81,81,83,82,79,84,79,83,83,81,82,78,,,,,,,,,,,,,,,,,,,,,
,,,,,,,,,,,,,,,,,,,,,,84,78,81,84,78,78,78,81,80,201,83,78,83,83,81,84,79,81,81,81,79,79,83,80,63,78,78,79,78,82,83,84,81,78,83,82,81,84,80,86,84,64,82,80,82,83,78,80,80,82,82,82,82,81,82,82,81,,,,,,,,,,,,,,,,,,,,,
,,,,,,,,,,,,,,,,,,,,,,79,82,83,78,84,82,79,78,82,201,81,79,83,80,80,81,83,82,82,79,78,84,84,78,,201,63,78,81,82,83,78,82,81,84,81,79,83,81,200,82,80,79,81,80,83,82,81,82,83,80,84,84,78,84,,,,,,,,,,,,,,,,,,,,,,,
,,,,,,,,,,,,,,,,,,,,,,78,84,82,78,83,78,82,82,78,317,84,79,82,82,81,80,78,83,80,81,78,83,82,80,64,84,200,79,79,79,84,78,79,81,88,63,201,201,201,,79,82,81,84,80,80,84,79,79,82,80,84,83,78,82,,,,,,,,,,,,,,,,,,,,,,,
,,,,,,,,,,,,,,,,,,,,,,80,82,84,81,78,84,78,84,87,,63,63,84,79,84,81,82,84,79,81,78,83,83,79,82,78,,84,84,78,83,78,81,87,,,79,78,79,200,83,80,80,82,84,82,78,79,83,83,79,81,83,82,80,,,,,,,,,,,,,,,,,,,,,,,
,,,,,,,,,,,,,,,,,,,,,,78,81,84,84,83,78,81,79,,,,,68,82,79,82,82,81,83,78,82,79,79,83,78,82,200,80,81,83,78,81,79,,,,79,83,81,,63,63,63,63,63,63,63,82,83,82,84,84,81,78,84,,,,,,,,,,,,,,,,,,,,,,,
,,,,,,,,,,,,,,,,,,,,,,81,83,79,81,80,79,80,79,,,,,68,82,79,83,78,78,78,78,79,,,,,,,82,79,79,83,83,80,,,,82,80,83,,,,,,,64,,80,82,79,79,81,80,81,80,,,,,,,,,,,,,,,,,,,,,,,
,,,,,,,,,,,,,,,,,,,,,,79,83,82,80,84,84,79,83,89,,,,84,83,84,84,82,78,81,78,81,200,200,78,84,83,200,84,79,83,81,83,82,,,,78,79,82,,,,,64,,84,200,81,78,84,80,79,83,83,82,,,,,,,,,,,,,,,,,,,,,,,
,,,,,,,,,,,,,,,,,,,,,,83,83,82,79,80,83,81,82,84,90,,,68,84,84,84,84,80,81,84,,,,84,79,79,,84,80,82,84,78,84,,,,82,78,81,,,,,79,200,200,200,84,80,79,84,84,79,82,84,,,,,,,,,,,,,,,,,,,,,,,
,,,,,,,,,,,,,,,,,,,,,,82,81,80,78,84,78,78,80,84,82,,,68,82,82,83,84,82,79,81,,,,84,83,79,,,68,78,82,83,83,,,,84,82,80,,,,,63,,84,200,78,84,84,80,83,79,78,81,,,,,,,,,,,,,,,,,,,,,,,
,,,,,,,,,,,,,,,,,,,,,,78,82,81,78,78,78,82,79,84,81,,,68,79,82,82,82,79,83,80,78,200,200,80,81,80,,,84,80,80,83,78,,,,78,81,82,,,,,,,63,,78,84,81,82,83,81,84,80,,,,,,,,,,,,,,,,,,,,,,,
,,,,,,,,,,,,,,,,,,,,,,84,78,82,82,84,80,78,83,84,84,,,84,79,79,83,83,82,84,81,,,,84,82,78,89,,,68,83,81,78,,,,81,79,83,64,64,64,64,64,64,64,,82,80,81,82,80,82,80,79,,,,,,,,,,,,,,,,,,,,,,,
,,,,,,,,,,,,,,,,,,,,,,82,83,82,78,83,79,80,78,84,80,,,,68,83,80,84,83,80,81,,,,79,82,81,83,,,84,78,81,81,,,,81,82,79,81,82,80,79,78,80,81,200,79,80,83,84,80,78,82,84,,,,,,,,,,,,,,,,,,,,,,,
,,,,,,,,,,,,,,,,,,,,,,82,82,83,81,80,78,78,78,201,201,,,,84,79,79,81,80,82,83,79,200,200,80,78,82,82,89,,,68,82,82,,,,81,84,79,84,78,84,80,78,82,78,200,80,81,78,78,82,80,82,81,,,,,,,,,,,,,,,,,,,,,,,
,,,,,,,,,,,,,,,,,,,,,,79,81,81,80,78,201,201,201,201,84,,,,,68,79,83,81,81,78,,,,81,84,82,78,83,,,84,81,79,,,,84,82,82,78,78,83,81,79,79,80,,80,80,81,84,78,78,83,83,,,,,,,,,,,,,,,,,,,,,,,
,,,,,,,,,,,,,,,,,,,,,,83,81,80,79,84,201,81,84,78,83,89,,,,84,84,82,84,82,82,,,,83,84,82,78,81,89,,,68,78,,,,82,81,82,79,83,82,78,84,82,84,,82,84,80,80,81,78,81,80,,,,,,,,,,,,,,,,,,,,,,,
,,,,,,,,,,,,,,,,,,,,,,81,81,82,80,78,,84,83,84,79,79,89,64,64,,68,79,78,84,81,84,200,200,83,81,82,78,82,79,,,84,84,,,,82,82,84,78,82,79,84,78,79,78,,79,83,81,83,79,84,84,79,,,,,,,,,,,,,,,,,,,,,,,
,,,,,,,,,,,,,,,,,,,,,,83,83,79,79,81,,,68,78,83,78,79,79,79,200,79,79,79,87,63,63,,,81,80,82,80,83,83,89,,78,82,,,64,82,81,79,82,80,79,81,79,79,80,200,79,81,78,79,82,83,80,83,,,,,,,,,,,,,,,,,,,,,,,
,,,,,,,,,,,,,,,,,,,,,,79,78,80,78,80,,,84,84,84,78,79,82,79,317,84,81,82,,,,,,79,84,84,79,78,79,81,201,201,201,201,201,84,81,78,82,84,80,83,80,84,82,81,200,80,79,82,80,78,80,82,81,,,,,,,,,,,,,,,,,,,,,,,
,,,,,,,,,,,,,,,,,,,,,,80,78,78,78,79,,,,68,83,82,81,80,81,317,84,79,82,201,201,201,201,201,83,80,81,82,83,79,79,83,83,83,84,84,80,79,81,79,79,82,84,78,80,83,88,,63,80,80,84,83,80,81,81,,,,,,,,,,,,,,,,,,,,,,,
,,,,,,,,,,,,,,,,,,,,,,80,80,79,78,82,,,,84,82,81,78,78,84,317,84,80,87,,,,,,83,83,82,79,79,79,84,84,81,80,80,81,81,78,83,84,84,78,81,78,83,84,,,,81,82,82,81,83,81,80,,,,,,,,,,,,,,,,,,,,,,,
,,,,,,,,,,,,,,,,,,,,,,80,79,80,83,82,89,,,,68,81,80,79,88,,63,63,,,,,,,78,79,83,84,84,79,83,78,79,79,83,84,83,79,80,81,78,84,84,83,84,80,,,,80,81,79,79,80,83,84,,,,,,,,,,,,,,,,,,,,,,,
,,,,,,,,,,,,,,,,,,,,,,78,83,82,81,78,82,,,,84,79,79,88,,,,,,,,,,,79,78,82,80,78,81,82,82,78,78,81,82,78,79,82,79,80,78,82,78,83,82,90,64,64,84,81,81,81,83,82,83,,,,,,,,,,,,,,,,,,,,,,,
,,,,,,,,,,,,,,,,,,,,,,82,82,83,79,84,78,89,,,,68,84,,,,,,,,,,,,80,82,84,84,79,80,79,80,81,78,84,84,80,83,81,83,81,83,82,79,84,83,82,84,81,79,83,84,83,79,81,78,,,,,,,,,,,,,,,,,,,,,,,
,,,,,,,,,,,,,,,,,,,,,,81,82,84,78,79,83,80,,,,84,79,90,,,,,,,,,,,79,82,80,81,81,79,82,80,84,84,80,78,80,80,80,82,84,78,80,79,79,79,82,79,82,83,80,84,81,78,84,78,,,,,,,,,,,,,,,,,,,,,,,
,,,,,,,,,,,,,,,,,,,,,,83,81,82,79,84,79,79,89,,,,68,83,90,64,64,64,,,,,,,81,84,84,84,79,81,81,78,82,84,78,82,83,84,79,81,84,82,78,84,80,83,78,83,83,82,83,83,84,79,84,81,,,,,,,,,,,,,,,,,,,,,,,
,,,,,,,,,,,,,,,,,,,,,,81,80,80,80,83,80,78,84,,,,84,83,80,84,81,84,89,,,,,,78,82,82,81,79,80,79,83,82,84,78,78,80,80,79,79,83,79,79,80,83,81,82,80,83,84,80,78,81,84,84,81,,,,,,,,,,,,,,,,,,,,,,,
,,,,,,,,,,,,,,,,,,,,,,82,84,82,81,83,81,83,84,89,,,,68,78,81,84,81,84,201,201,201,201,201,84,78,84,79,79,80,83,80,81,81,83,84,81,82,80,82,79,80,78,81,84,81,79,81,84,81,83,79,78,83,80,82,,,,,,,,,,,,,,,,,,,,,,,
,,,,,,,,,,,,,,,,,,,,,,80,83,83,79,84,83,82,82,83,,,,84,78,82,81,84,78,,,,,,78,79,79,80,78,83,79,81,80,79,79,80,84,81,79,83,78,84,82,78,83,81,81,82,79,82,78,79,80,80,84,84,,,,,,,,,,,,,,,,,,,,,,,
,,,,,,,,,,,,,,,,,,,,,,79,82,82,79,79,80,78,82,79,89,,,,84,79,83,82,80,89,,,,,81,80,84,79,80,82,81,78,79,83,83,81,84,83,79,79,83,78,81,80,83,81,81,82,82,84,81,82,83,82,84,80,,,,,,,,,,,,,,,,,,,,,,,
,,,,,,,,,,,,,,,,,,,,,,81,80,78,83,84,81,78,79,79,81,89,,,,201,201,201,201,201,201,201,201,200,79,79,84,79,81,84,82,81,79,84,81,81,78,79,83,82,83,82,84,82,78,78,80,84,78,82,81,83,82,78,79,84,,,,,,,,,,,,,,,,,,,,,,,
,,,,,,,,,,,,,,,,,,,,,,82,79,83,80,80,79,78,84,79,78,80,82,81,83,79,81,80,83,82,81,79,78,78,84,82,78,83,79,82,78,83,79,84,82,79,82,79,80,84,84,82,83,84,83,82,83,81,81,80,82,78,81,79,82,84,,,,,,,,,,,,,,,,,,,,,,,
BigDecor: 
,,,,,,,,,,,,,,,,,,,,,,,,,,,,,,,,,,,,,,,,,,,,,,,,,,,,,,,,,,,,,,,,,,,,,,,,,,,,,,,,,,,,,,,,,,,,,,,,,,,
,,,,,,,,,,,,,,,,,,,,,,,,,,,,,,,,,,,,,,,,,,,,,,,,,,,,,,,,,,,,,,,,,,,,,,,,,,,,,,,,,,,,,,,,,,,,,,,,,,,
,,,,,,,,,,,,,,,,,,,,,,,,,,,,,,,,,,,,,,,,,,,,,,,,,,,,,,,,,,,,,,,,,,,,,,,,,,,,,,,,,,,,,,,,,,,,,,,,,,,
,,,,,,,,,,,,,,,,,,,,,,,,,,,,,,,,,,,,,,,,,,,,,,,,,,,,,,,,,,,,,,,,,,,,,,,,,,,,,,,,,,,,,,,,,,,,,,,,,,,
,,,,,,,,,,,,,,,,,,,,,,,,,,,,,,,,,,,,,,,,,,,,,,,,,,,,,,,,,,,,,,,,,,,,,,,,,,,,,,,,,,,,,,,,,,,,,,,,,,,
,,,,,,,,,,,,,,,,,,,,,,,,,,,,,,,,,,,,,,,,,,,,,,,,,,,,,,,,,,,,,,,,,,,,,,,,,,,,,,,,,,,,,,,,,,,,,,,,,,,
,,,,,,,,,,,,,,,,,,,,,,,,,,,,,,,,,,,,,,,,,,,,,,,,,,,,,,,,,,,,,,,,,,,,,,,,,,,,,,30,,,,,,,,,,,,,,,,,,,,,
,,,,,,,,,,,,,,,,,,,,,,,,,,,,,,,,,,,,,,,,,,,,,,,,,,,,,,,,,,,,,,,,,,,,,,,,,,,,,,,,,,,,,,,,,,,,,,,,,,,
,,,,,,,,,,,,,,,,,,,,,,,,,,,,,,,,,,,,,,,,,,,,,,,,,,,,,,,,,,,,,,,,,,,,,,,,,,,,,,,,,,,,,,,,,,,,,,,,,,,
,,,,,,,,,,,,,,,,,,,,,,,,,,,,,,,,,,,,,,,,,,,,,,,,,,,,,,,,,,,,,,,,,,,,,,,,,,,,,,,,,,,,,,,,,,,,,,,,,,,
,,,,,,,,,,,,,,,,,,,,,,,,,,,,,,,,,,,,,,,,,,,,,,,,,,,,,,,,,,,,,,,,,,,,,,,,,,,,,,,,,,,,,,,,,,,,,,,,,,,
,,,,,,,,,,,,,,,,,,,,,,,,,,,,,,,,,,,,,,,,,,,,,,,,,,,,,,,,,,,,,,,,,,,,,,,,,,,,,,30,,,,,,,,,,,,,,,,,,,,,
,,,,,,,,,,,,,,,,,,,,,,,,,,,,,,,,,,,,,,,,,,,,,,,,,,,,,,,,,,,,,,,,,,,,,,,,,,,,,,,,,,,,,,,,,,,,,,,,,,,
,,,,,,,,,,,,,,,,,,,,,,,,,,,,,,,,,,,,,,,,,,,,,,,,,,,,,,,,,,,,,,,,,,,,,,,,,,,,,,,,,,,,,,,,,,,,,,,,,,,
,,,,,,,,,,,,,,,,,,,,,,,,,,,,,,,,,,,,,,,,,,,,,,,,,,,,,,,,,,,,,,,,,,,,,,,,,,,,,,,,,,,,,,,,,,,,,,,,,,,
,,,,,,,,,,,,,,,,,,,,,,,,,,,,,,,,,,,,,,,,,,,,,,,,,,,,,,,,,,,,,,,,,,,,,,,,,,,,,,,,,,,,,,,,,,,,,,,,,,,
,,,,,,,,,,,,,,,,,,,,,,,,,,,,,,,,,,,,,,,,,,,,,,,,,,,,,,,,,,,,,,,,,,,,,,,,,,,,,,,,,,,,,,,,,,,,,,,,,,,
,,,,,,,,,,,,,,,,,,,,,,,,,,,,,,,,,,,,,,,,,,,,,,,,,,,,,,,,,,,,,,,,,,,,,,,,,,,,,,,,,,,,,,,,,,,,,,,,,,,
,,,,,,,,,,,,,,,,,,,,,,,,,,,,,,,,,,,,,,,,,,,,,,,,,,,,,,,,,,,,,,,,,,,,,,,,,,,,,,30,,,,,,,,,,,,,,,,,,,,,
,,,,,,,,,,,,,,,,,,,,,,,,,,,,,,,,,,,,,,,,,,,,,,,,,,,,,,,,,,,,,,,,,,,,,,,,,,,,,,,,,,,,,,,,,,,,,,,,,,,
,,,,,,,,,,,,,,,,,,,,,,,,,,,,,,,,,,,,,,,,,,,,,,,,,,,,,,,,,,,,,,,,,,,,,,,,,,,,,,,,,,,,,,,,,,,,,,,,,,,
,,,,,,,,,,,,,,,,,,,,,,,,,,,,,,,,,,,,,,,,,,,,,,,,,,,,,,,,,,,,,,,,,,,,,,,,,,,,,,,,,,,,,,,,,,,,,,,,,,,
,,,,,,,,,,,,,,,,,,,,,,,,,,,,,,30,,,,,,,,,,,,,,,,,,,,,,,,,,,,,,,,,,,,,,,,,,,,,,,,,,,,,,,,,,,,,,,,,,,,,
,,,,,,,,,,,,,,,,,,,,,,,,,,,,,,,,,,,,,,,,,,,,,,,,,,,,,,,,,,,,,,,,,,,,,,,,,,,,,,,,,,,,,,,,,,,,,,,,,,,
,,,,,,,,,,,,,,,,,,,,,,,,,,,,,,30,,,,,,,,,,,,,,,,,,,,,,,,,,,,,,,,,,,,,,,,,,,,,,,,,,,,,,,,,,,,,,,,,,,,,
,,,,,,,,,,,,,,,,,,,,,,,,,,,,,,,,,,,,,,,,,,,,,,,,,,,,,,,,,,,,,,,,,,,,,,,,,,,,,,,,,,,,,,,,,,,,,,,,,,,
,,,,,,,,,,,,,,,,,,,,,,,,,,,,,,30,,,,,,,,,,,,,,,,,,,,,,,,,,,,,,,,,,,,,,,,,,,,,,,,,,,,,,,,,,,,,,,,,,,,,
,,,,,,,,,,,,,,,,,,,,,,,,,,,,,,,,,,,,,,,,,,,,,,,,,,,,,,,,,,,,,,,,,,,,,,,,,,,,,,,,,,,,,,,,,,,,,,,,,,,
,,,,,,,,,,,,,,,,,,,,,,,,,,,,,,30,,,,,,,,,,,,,,,,,,,,,,,,,,,,,,,,,,,,,,,,,,,,,,,,,,,,,,,,,,,,,,,,,,,,,
,,,,,,,,,,,,,,,,,,,,,,,,,,,,,,,,,,,,,,,,,,,,,,,,,,,,,,,,,,,,,,,,,,,,,,,,,,,,,,,,,,,,,,,,,,,,,,,,,,,
,,,,,,,,,,,,,,,,,,,,,,,,,,,,,,30,,,,,,,,,,,,,,,,,,,,,,,,,,,,,,,,,,,,,,,,,,,,,,,,,,,,,,,,,,,,,,,,,,,,,
,,,,,,,,,,,,,,,,,,,,,,,,,,,,,,,,,,,,,,,,,,,,,,,,,,,,,,,,,,,,,,,,,,,,,,,,,,,,,,,,,,,,,,,,,,,,,,,,,,,
,,,,,,,,,,,,,,,,,,,,,,,,,,,,,,30,,,,,,,,,,,,,,,,,,,,,,,,,,,,,,,,,,,,,,,,,,,,,,,,,,,,,,,,,,,,,,,,,,,,,
,,,,,,,,,,,,,,,,,,,,,,,,,,,,,,,,,,,,,,,,,,,,,,,,,,,,,,,,,,,,,,,,,,,,,,,,,,,,,,,,,,,,,,,,,,,,,,,,,,,
,,,,,,,,,,,,,,,,,,,,,,,,,,,,,,30,,,,,,,,,,,,,,,,,,,,,,,,,,,,,,,,,,,,,,,,,,,,,,,,,,,,,,,,,,,,,,,,,,,,,
,,,,,,,,,,,,,,,,,,,,,,,,,,,,,,,,,,,,,,,,,,,,,,,,,,,,,,,,,,,,,,,,,,,,,,,,,,,,,,,,,,,,,,,,,,,,,,,,,,,
,,,,,,,,,,,,,,,,,,,,,,,,,,,,,,30,,,,,,,,,,,,,,,,,,,,,,,,,,,,,,,,,,,,,,,,,,,,,,,,,,,,,,,,,,,,,,,,,,,,,
,,,,,,,,,,,,,,,,,,,,,,,,,,,,,,,,,,,,,,,,,,,,,,,,,,,,,,,,,,,,,,,,,,,,,,,,,,,,,,,,,,,,,,,,,,,,,,,,,,,
,,,,,,,,,,,,,,,,,,,,,,,,,,,,,,30,,,,,,,,,,,,,,,,,,,,,,,,,,,,,,,,,,,,,,,,,,,,,,,,,,,,,,,,,,,,,,,,,,,,,
,,,,,,,,,,,,,,,,,,,,,,,,,,,,,,,,,,,,,,,,,,,,,,,,,,,,,,,,,,,,,,,,,,,,,,,,,,,,,,,,,,,,,,,,,,,,,,,,,,,
,,,,,,,,,,,,,,,,,,,,,,,,,,,,,,30,,,,,,,,,,,,,,,,,,,,,,,,,,,,,,,,,,,,,,,,,,,,,,,,,,,,,,,,,,,,,,,,,,,,,
,,,,,,,,,,,,,,,,,,,,,,,,,,,,,,,,,,,,,,,,,,,,,,,,,,,,,,,,,,,,,,,,,,,,,,,,,,,,,,,,,,,,,,,,,,,,,,,,,,,
,,,,,,,,,,,,,,,,,,,,,,,,,,,,,,30,,,,,,,,,,,,,,,,,,,,,,,,,,,,,,,,,,,,,,,,,,,,,,,,,,,,,,,,,,,,,,,,,,,,,
,,,,,,,,,,,,,,,,,,,,,,,,,,,,,,,,,,,,,,,,,,,,,,,,,,,,,,,,,,,,,,,,,,,,,,,,,,,,,,,,,,,,,,,,,,,,,,,,,,,
,,,,,,,,,,,,,,,,,,,,,,,,,,,,,,30,,,,,,,,,,,,,,,,,,,,,,,,,,,,,,,,,,,,,,,,,,,,,,,,,,,,,,,,,,,,,,,,,,,,,
,,,,,,,,,,,,,,,,,,,,,,,,,,,,,,,,,,,,,,,,,,,,,,,,,,,,,,,,,,,,,,,,,,,,,,,,,,,,,,,,,,,,,,,,,,,,,,,,,,,
,,,,,,,,,,,,,,,,,,,,,,,,,,,,,,,,,,,,,,,,,,,,,,,,,,,,,,,,,,,,,,,,,,,,,,,,,,,,,,,,,,,,,,,,,,,,,,,,,,,
,,,,,,,,,,,,,,,,,,,,,,,,,,,,,,,,,,,,,,,,,,,,,,,,,,,,,,,,,,,,,,,,,,,,,,,,,,,,,,,,,,,,,,,,,,,,,,,,,,,
,,,,,,,,,,,,,,,,,,,,,,,,,,,,,,,,,,,,,,,,,,,,,,,,,,,,,,,,,,,,,,,,,,,,,,,,,,,,,,,,,,,,,,,,,,,,,,,,,,,
,,,,,,,,,,,,,,,,,,,,,,,,,,,,,,,,,,,,,,,,,,,,,,,,,,,,,,,,,,,,,,,,,,,,,,,,,,,,,,,,,,,,,,,,,,,,,,,,,,,
,,,,,,,,,,,,,,,,,,,,,,,,,,,,,,,,,,,,,,,,,,,,,,,,,,,,,,,,,,,,,,,,,,,,,,,,,,,,,,,,,,,,,,,,,,,,,,,,,,,
,,,,,,,,,,,,,,,,,,,,,,,,,,,,,,,,,,,,,,,,,,,,,,,,,,,,,,,,,,,,,,,,,,,,,,,,,,,,,,,,,,,,,,,,,,,,,,,,,,,
,,,,,,,,,,,,,,,,,,,,,,,,,,,,,,,,,,,,,,,,,,,,,,,,30,,,,,,,,,,,,,,,,,,,,,,,,,,,,,,,,,,,,,,,,,,,,,,,,,,,
,,,,,,,,,,,,,,,,,,,,,,,,,,,,,,,,,,,,,,,,,,,,,,,,,,,,,,,,,,,,,,,,,,,,,,,,,,,,,,,,,,,,,,,,,,,,,,,,,,,
,,,,,,,,,,,,,,,,,,,,,,,,,,,,,,,,,,,,,,,,,,,,,,,,,,,,,,,,,,,,,,,,,,,,,,,,,,,,,,,,,,,,,,,,,,,,,,,,,,,
,,,,,,,,,,,,,,,,,,,,,,,,,,,,,,,,,,,,,,,,,,,,,,,,,,,,,,,,,,,,,,,,,,,,,,,,,,,,,,,,,,,,,,,,,,,,,,,,,,,
,,,,,,,,,,,,,,,,,,,,,,,,,,,,,,,,,,,,,,,,,,,,,,,,,,,,,,,,,,,,,,,,,,,,,,,,,,,,,,,,,,,,,,,,,,,,,,,,,,,
,,,,,,,,,,,,,,,,,,,,,,,,,,,,,,,,,,,,,,,,,,,,,,,,,,,,,,,,,,,,,,,,,,,,,,,,,,,,,,,,,,,,,,,,,,,,,,,,,,,
,,,,,,,,,,,,,,,,,,,,,,,,,,,,,,,,,,,,,,,,,,,,,,,,,,,,,,,,,,,,,,,,,,,,,,,,,,,,,,,,,,,,,,,,,,,,,,,,,,,
,,,,,,,,,,,,,,,,,,,,,,,,,,,,,,,,,,,,,,,,,,,,,,,,,,,,,,,,,,,,,,,,,,,,,,,,,,,,,,,,,,,,,,,,,,,,,,,,,,,
,,,,,,,,,,,,,,,,,,,,,,,,,,,,,,,,,,,,,,,,,,,,,,,,,,,,,,,,,,,,,,,,,,,,,,,,,,,,,,,,,,,,,,,,,,,,,,,,,,,
,,,,,,,,,,,,,,,,,,,,,,,,,,,,,,,,,,,,,,,,,,,,,,,,,,,,,,,,,,,,,,,,,,,,,,,,,,,,,,,,,,,,,,,,,,,,,,,,,,,
,,,,,,,,,,,,,,,,,,,,,,,,,,,,,,,,,,,,,,,,,,,,,,,,,,,,,,,,,,,,,,,,,,,,,,,,,,,,,,,,,,,,,,,,,,,,,,,,,,,
,,,,,,,,,,,,,,,,,,,,,,,,,,,,,,,,,,,,,,,,,,,,,,,,,,,,,,,,,,,,,,,,,,,,,,,,,,,,,,,,,,,,,,,,,,,,,,,,,,,
,,,,,,,,,,,,,,,,,,,,,,,,,,,,,,,,,,,,,,,,,,,,,,,,,,,,,,,,,,,,,,,,,,,,,,,,,,,,,,,,,,,,,,,,,,,,,,,,,,,
,,,,,,,,,,,,,,,,,,,,,,,,,,,,,,,,,,,,,,,,,,,,,,,,30,,,,,,,,,,,,,,,,,,,,,,,,,,,,,,,,,,,,,,,,,,,,,,,,,,,
,,,,,,,,,,,,,,,,,,,,,,,,,,,,,,,,,,,,,,,,,,,,,,,,,,,,,,,,,,,,,,,,,,,,,,,,,,,,,,,,,,,,,,,,,,,,,,,,,,,
,,,,,,,,,,,,,,,,,,,,,,,,,,,,,,,,,,,,,,,,,,,,,,,,,,,,,,,,,,,,,,,,,,,,,,,,,,,,,,,,,,,,,,,,,,,,,,,,,,,
,,,,,,,,,,,,,,,,,,,,,,,,,,,,,,,,,,,,,,,,,,,,,,,,,,,,,,,,,,,,,,,,,,,,,,,,,,,,,,,,,,,,,,,,,,,,,,,,,,,
,,,,,,,,,,,,,,,,,,,,,,,,,,,,,,,,,,,,,,,,,,,,,,,,,,,,,,,,,,,,,,,,,,,,,,,,,,,,,,,,,,,,,,,,,,,,,,,,,,,
,,,,,,,,,,,,,,,,,,,,,,,,,,,,,,,,,,,,,,,,,,,,,,,,,,,,,,,,,,,,,,,,,,,,,,,,,,,,,,,,,,,,,,,,,,,,,,,,,,,
,,,,,,,,,,,,,,,,,,,,,,,,,,,,,,,,,,,,,,,,,,,,,,,,,,,,,,,,,,,,,,,,,,,,,,,,,,,,,,,,,,,,,,,,,,,,,,,,,,,
,,,,,,,,,,,,,,,,,,,,,,,,,,,,,,,,,,,,,,,,,,,,,,,,,,,,,,,,,,,,,,,,,,,,,,,,,,,,,,,,,,,,,,,,,,,,,,,,,,,
,,,,,,,,,,,,,,,,,,,,,,,,,,,,,,,,,,,,,,,,,,,,,,,,,,,,,,,,,,,,,,,,,,,30,,,,,,,,,,,,,,,,,,,,,,,,,,,,,,,,
,,,,,,,,,,,,,,,,,,,,,,,,,,,,,,,,,,,,,,,,,,,,,,,,,,,,,,,,,,,,,,,,,,,,,,,,,,,,,,,,,,,,,,,,,,,,,,,,,,,
,,,,,,,,,,,,,,,,,,,,,,,,,,,,,,,,,,,,,,,,,,,,,,,,,,,,,,,,,,,,,,,,,,,,,,,,,,,,,,,,,,,,,,,,,,,,,,,,,,,
,,,,,,,,,,,,,,,,,,,,,,,,,,,,,,,,,,,,,,,,,,,,,,,,,,,,,,,,,,,,,,,,,,,,,,,,,,,,,,,,,,,,,,,,,,,,,,,,,,,
,,,,,,,,,,,,,,,,,,,,,,,,,,,,,,,,,,,,,,,,,,,,,,,,,,,,,,,,,,,,,,,,,,,,,,,,,,,,,,,,,,,,,,,,,,,,,,,,,,,
,,,,,,,,,,,,,,,,,,,,,,,,,,,,,,,,,,,,,,,,,,,,,,,,,,,,,,,,,28,,,,,,,,,,30,,,,,,,,,,,,,,,,,,,,,,,,,,,,,,,,
,,,,,,,,,,,,,,,,,,,,,,,,,,,,,,,,,,,,,,,,,,,,,,,,,,,,,,,,,,,,,,,,,,,,,,,,,,,,,,,,,,,,,,,,,,,,,,,,,,,
,,,,,,,,,,,,,,,,,,,,,,,,,,,,,,,,,,,,,,,,,,,,,,,,,,,,,,,,,,,,,,,,,,,,,,,,,,,,,,,,,,,,,,,,,,,,,,,,,,,
,,,,,,,,,,,,,,,,,,,,,,,,,,,,,,,,,,,,,,,,,,,,,,,,,,,,,,,,,28,,,,,,,,,,,,,,,,,,,,,,,,,,,,,,,,,,,,,,,,,,
,,,,,,,,,,,,,,,,,,,,,,,,,,,,,,,,,,,,,,,,,,,,,,,,,,,,,,,,,,,,,,,,,,,,,,,,,,,,,,,,,,,,,,,,,,,,,,,,,,,
,,,,,,,,,,,,,,,,,,,,,,,,,,,,,,,,,,,,,,,,,,,,,,,,,,,,,,,,,,,,,,,,,,,,,,,,,,,,,,,,,,,,,,,,,,,,,,,,,,,
,,,,,,,,,,,,,,,,,,,,,,,,,,,,,,,,,,,,,,,,,,,,,,,,,,,,,,,,,28,,,,,,,,,,,,,,,,,,,,,,,,,,,,,,,,,,,,,,,,,,
,,,,,,,,,,,,,,,,,,,,,,,,,,,,,,,,,,,,,,,,,,,,,,,,,,,,,,,,,,,,,,,,,,,,,,,,,,,,,,,,,,,,,,,,,,,,,,,,,,,
,,,,,,,,,,,,,,,,,,,,,,,,,,,,,,,,,,,,,,,,,,,,,,,,,,,,,,,,,,,,,,,,,,,,,,,,,,,,,,,,,,,,,,,,,,,,,,,,,,,
,,,,,,,,,,,,,,,,,,,,,,,,,,,,,,,,,,,,,,,,,,,,,,,,,,,,,,,,,,,,,,,,,,,,,,,,,,,,,,,,,,,,,,,,,,,,,,,,,,,
,,,,,,,,,,,,,,,,,,,,,,,,,,,,,,,,,,,,,,,,,,,,,,,,,,,,,,,,,,,,,,,,,,,,29,,,,,,,,,,,,,,,,,,,,,,,,,,,,,,,
,,,,,,,,,,,,,,,,,,,,,,,,,,,,,,,,,,,,,,,,,,,,,,,,,,,,,,,,,,,,,,,,,,,,,,,,,,,,,,,,,,,,,,,,,,,,,,,,,,,
,,,,,,,,,,,,,,,,,,,,,,,,,,,,,,,,,,,,,,,,,,,,,,,,,,,,,,,,,,,,,,,,,,,,,,,,,,,,,,,,,,,,,,,,,,,,,,,,,,,
,,,,,,,,,,,,,,,,,,,,,,,,,,,,,,,,,,,,,,,,,,,,,,,,,,,,,,,,,,,,,,,,,,,,,,,,,,,,,,,,,,,,,,,,,,,,,,,,,,,
,,,,,,,,,,,,,,,,,,,,,,,,,,,,,,,,,,,,,,,,,,,,,,,,,,,,,,,,,,,,,,,,,,,,,,,,,,,,,,,,,,,,,,,,,,,,,,,,,,,
,,,,,,,,,,,,,,,,,,,,,,,,,,,,,,,,,,,,,,,,,,,,,,,,,,,,,,,,,,,,,,,,,,,,,,,,,,,,,,,,,,,,,,,,,,,,,,,,,,,
,,,,,,,,,,,,,,,,,,,,,,,,,,,,,,,,,,,,,,,,,,,,,,,,,,,,,,,,,,,,,,,,,,,,,,,,,,,,,,,,,,,,,,,,,,,,,,,,,,,
,,,,,,,,,,,,,,,,,,,,,,,,,,,,,,,,,,,,,,,,,,,,,,,,,,,,,,,,,,,,,,,,,,,,,,,,,,,,,,,,,,,,,,,,,,,,,,,,,,,
,,,,,,,,,,,,,,,,,,,,,,,,,,,,,,,,,,,,,,,,,,,,,,,,,,,,,,,,,,,,,,,,,,,,,,,,,,,,,,,,,,,,,,,,,,,,,,,,,,,
,,,,,,,,,,,,,,,,,,,,,,,,,,,,,,,,,,,,,,,,,,,,,,,,,,,,,,,,,,,,,,,,,,,,,,,,,,,,,,,,,,,,,,,,,,,,,,,,,,,
,,,,,,,,,,,,,,,,,,,,,,,,,,,,,,,,,,,,,,,,,,,,,,,,,,,,,,,,,,,,,,,,,,,,,,,,,,,,,,,,,,,,,,,,,,,,,,,,,,,
,,,,,,,,,,,,,,,,,,,,,,,,,,,,,,,,,,,,,,,,,,,,,,,,,,,,,,,,,,,,,,,,,,,,,,,,,,,,,,,,,,,,,,,,,,,,,,,,,,,
MoveObject: type=96 stepAdvance=1 stepRecede=1 timeStopStart=0 timeStopEnd=0 posStart=576;4800 posEnd=576;4800 posCurrent=576;4800 step=1 time=0 phase=1788 channel=10 icon=262 
MoveObject: type=96 stepAdvance=1 stepRecede=1 timeStopStart=0 timeStopEnd=0 posStart=704;4608 posEnd=704;4608 posCurrent=704;4608 step=1 time=0 phase=1788 channel=10 icon=262 
MoveObject: type=96 stepAdvance=1 stepRecede=1 timeStopStart=0 timeStopEnd=0 posStart=832;4416 posEnd=832;4416 posCurrent=832;4416 step=1 time=0 phase=1788 channel=10 icon=262 
MoveObject: type=1 stepAdvance=10 stepRecede=10 timeStopStart=10 timeStopEnd=10 posStart=640;4736 posEnd=640;4672 posCurrent=640;4672 step=3 time=6 phase=1788 channel=1 icon=78 
MoveObject: type=96 stepAdvance=1 stepRecede=1 timeStopStart=0 timeStopEnd=0 posStart=2112;4416 posEnd=2112;4416 posCurrent=2112;4416 step=1 time=0 phase=1788 channel=10 icon=262 
MoveObject: type=96 stepAdvance=1 stepRecede=1 timeStopStart=0 timeStopEnd=0 posStart=2240;4416 posEnd=2240;4416 posCurrent=2240;4416 step=1 time=0 phase=1788 channel=10 icon=262 
MoveObject: type=96 stepAdvance=1 stepRecede=1 timeStopStart=0 timeStopEnd=0 posStart=2368;4416 posEnd=2368;4416 posCurrent=2368;4416 step=1 time=0 phase=1788 channel=10 icon=262 
MoveObject: type=96 stepAdvance=1 stepRecede=1 timeStopStart=0 timeStopEnd=0 posStart=2496;4416 posEnd=2496;4416 posCurrent=2496;4416 step=1 time=0 phase=1788 channel=10 icon=262 
MoveObject: type=96 stepAdvance=1 stepRecede=1 timeStopStart=0 timeStopEnd=0 posStart=2624;4416 posEnd=2624;4416 posCurrent=2624;4416 step=1 time=0 phase=1788 channel=10 icon=262 
MoveObject: type=3 stepAdvance=1 stepRecede=1 timeStopStart=0 timeStopEnd=0 posStart=3138;4416 posEnd=3138;4416 posCurrent=3138;4416 step=1 time=0 phase=1788 channel=10 icon=50 
MoveObject: type=3 stepAdvance=1 stepRecede=1 timeStopStart=0 timeStopEnd=0 posStart=3202;4416 posEnd=3202;4416 posCurrent=3202;4416 step=1 time=0 phase=1788 channel=10 icon=50 
MoveObject: type=3 stepAdvance=1 stepRecede=1 timeStopStart=0 timeStopEnd=0 posStart=3266;4416 posEnd=3266;4416 posCurrent=3266;4416 step=1 time=0 phase=1788 channel=10 icon=50 
MoveObject: type=3 stepAdvance=1 stepRecede=1 timeStopStart=0 timeStopEnd=0 posStart=3330;4416 posEnd=3330;4416 posCurrent=3330;4416 step=1 time=0 phase=1788 channel=10 icon=50 
MoveObject: type=3 stepAdvance=1 stepRecede=1 timeStopStart=0 timeStopEnd=0 posStart=3394;4416 posEnd=3394;4416 posCurrent=3394;4416 step=1 time=0 phase=1788 channel=10 icon=50 
MoveObject: type=3 stepAdvance=1 stepRecede=1 timeStopStart=0 timeStopEnd=0 posStart=3458;4416 posEnd=3458;4416 posCurrent=3458;4416 step=1 time=0 phase=1788 channel=10 icon=50 
MoveObject: type=3 stepAdvance=1 stepRecede=1 timeStopStart=0 timeStopEnd=0 posStart=3778;3904 posEnd=3778;3904 posCurrent=3778;3904 step=1 time=0 phase=1788 channel=10 icon=50 
MoveObject: type=3 stepAdvance=1 stepRecede=1 timeStopStart=0 timeStopEnd=0 posStart=3714;4224 posEnd=3714;4224 posCurrent=3714;4224 step=1 time=0 phase=1788 channel=10 icon=50 
MoveObject: type=3 stepAdvance=1 stepRecede=1 timeStopStart=0 timeStopEnd=0 posStart=3842;4224 posEnd=3842;4224 posCurrent=3842;4224 step=1 time=0 phase=1788 channel=10 icon=50 
MoveObject: type=44 stepAdvance=12 stepRecede=12 timeStopStart=4 timeStopEnd=4 posStart=3712;3968 posEnd=3840;3968 posCurrent=3830;3968 step=4 time=1 phase=1788 channel=10 icon=196 
MoveObject: type=5 stepAdvance=1 stepRecede=1 timeStopStart=0 timeStopEnd=0 posStart=3714;2116 posEnd=3714;2116 posCurrent=3714;2116 step=1 time=0 phase=1788 channel=10 icon=1 
MoveObject: type=2 stepAdvance=1 stepRecede=1 timeStopStart=0 timeStopEnd=0 posStart=3778;3780 posEnd=3778;3780 posCurrent=3778;3780 step=1 time=0 phase=1788 channel=10 icon=14 
MoveObject: type=5 stepAdvance=1 stepRecede=1 timeStopStart=0 timeStopEnd=0 posStart=3842;2116 posEnd=3842;2116 posCurrent=3842;2116 step=1 time=0 phase=1788 channel=10 icon=1 
MoveObject: type=30 stepAdvance=1 stepRecede=1 timeStopStart=0 timeStopEnd=0 posStart=3010;2310 posEnd=3010;2310 posCurrent=3010;2310 step=1 time=0 phase=1788 channel=10 icon=178 
MoveObject: type=96 stepAdvance=1 stepRecede=1 timeStopStart=0 timeStopEnd=0 posStart=4224;3072 posEnd=4224;3072 posCurrent=4224;3072 step=1 time=0 phase=1788 channel=10 icon=262 
MoveObject: type=96 stepAdvance=1 stepRecede=1 timeStopStart=0 timeStopEnd=0 posStart=3328;3072 posEnd=3328;3072 posCurrent=3328;3072 step=1 time=0 phase=1788 channel=10 icon=262 
MoveObject: type=96 stepAdvance=1 stepRecede=1 timeStopStart=0 timeStopEnd=0 posStart=3584;2880 posEnd=3584;2880 posCurrent=3584;2880 step=1 time=0 phase=1788 channel=10 icon=262 
MoveObject: type=96 stepAdvance=1 stepRecede=1 timeStopStart=0 timeStopEnd=0 posStart=3968;2880 posEnd=3968;2880 posCurrent=3968;2880 step=1 time=0 phase=1788 channel=10 icon=262 
MoveObject: type=96 stepAdvance=1 stepRecede=1 timeStopStart=0 timeStopEnd=0 posStart=3456;3072 posEnd=3456;3072 posCurrent=3456;3072 step=1 time=0 phase=1788 channel=10 icon=262 
MoveObject: type=96 stepAdvance=1 stepRecede=1 timeStopStart=0 timeStopEnd=0 posStart=3776;3072 posEnd=3776;3072 posCurrent=3776;3072 step=1 time=0 phase=1788 channel=10 icon=262 
MoveObject: type=96 stepAdvance=1 stepRecede=1 timeStopStart=0 timeStopEnd=0 posStart=4096;3072 posEnd=4096;3072 posCurrent=4096;3072 step=1 time=0 phase=1788 channel=10 icon=262 
MoveObject: type=96 stepAdvance=1 stepRecede=1 timeStopStart=0 timeStopEnd=0 posStart=3584;2368 posEnd=3584;2368 posCurrent=3584;2368 step=1 time=0 phase=1788 channel=10 icon=262 
MoveObject: type=96 stepAdvance=1 stepRecede=1 timeStopStart=0 timeStopEnd=0 posStart=3968;2368 posEnd=3968;2368 posCurrent=3968;2368 step=1 time=0 phase=1788 channel=10 icon=262 
MoveObject: type=96 stepAdvance=1 stepRecede=1 timeStopStart=0 timeStopEnd=0 posStart=4032;2368 posEnd=4032;2368 posCurrent=4032;2368 step=1 time=0 phase=1788 channel=10 icon=262 
MoveObject: type=96 stepAdvance=1 stepRecede=1 timeStopStart=0 timeStopEnd=0 posStart=4096;2368 posEnd=4096;2368 posCurrent=4096;2368 step=1 time=0 phase=1788 channel=10 icon=262 
MoveObject: type=96 stepAdvance=1 stepRecede=1 timeStopStart=0 timeStopEnd=0 posStart=3456;2368 posEnd=3456;2368 posCurrent=3456;2368 step=1 time=0 phase=1788 channel=10 icon=262 
MoveObject: type=96 stepAdvance=1 stepRecede=1 timeStopStart=0 timeStopEnd=0 posStart=3520;2368 posEnd=3520;2368 posCurrent=3520;2368 step=1 time=0 phase=1788 channel=10 icon=262 
MoveObject: type=96 stepAdvance=1 stepRecede=1 timeStopStart=0 timeStopEnd=0 posStart=3648;2368 posEnd=3648;2368 posCurrent=3648;2368 step=1 time=0 phase=1788 channel=10 icon=262 
MoveObject: type=1 stepAdvance=42 stepRecede=42 timeStopStart=3 timeStopEnd=3 posStart=6272;2752 posEnd=6272;2304 posCurrent=6272;2752 step=1 time=2 phase=1788 channel=1 icon=81 
MoveObject: type=96 stepAdvance=1 stepRecede=1 timeStopStart=0 timeStopEnd=0 posStart=3904;2368 posEnd=3904;2368 posCurrent=3904;2368 step=1 time=0 phase=1788 channel=10 icon=262 
MoveObject: type=96 stepAdvance=1 stepRecede=1 timeStopStart=0 timeStopEnd=0 posStart=3712;1856 posEnd=3712;1856 posCurrent=3712;1856 step=1 time=0 phase=1788 channel=10 icon=262 
MoveObject: type=96 stepAdvance=1 stepRecede=1 timeStopStart=0 timeStopEnd=0 posStart=3776;1856 posEnd=3776;1856 posCurrent=3776;1856 step=1 time=0 phase=1788 channel=10 icon=262 
MoveObject: type=96 stepAdvance=1 stepRecede=1 timeStopStart=0 timeStopEnd=0 posStart=3840;1856 posEnd=3840;1856 posCurrent=3840;1856 step=1 time=0 phase=1788 channel=10 icon=262 
MoveObject: type=96 stepAdvance=1 stepRecede=1 timeStopStart=0 timeStopEnd=0 posStart=5696;2496 posEnd=5696;2496 posCurrent=5696;2496 step=1 time=0 phase=1788 channel=10 icon=262 
MoveObject: type=96 stepAdvance=1 stepRecede=1 timeStopStart=0 timeStopEnd=0 posStart=5696;2560 posEnd=5696;2560 posCurrent=5696;2560 step=1 time=0 phase=1788 channel=10 icon=262 
MoveObject: type=96 stepAdvance=1 stepRecede=1 timeStopStart=0 timeStopEnd=0 posStart=5696;2624 posEnd=5696;2624 posCurrent=5696;2624 step=1 time=0 phase=1788 channel=10 icon=262 
MoveObject: type=96 stepAdvance=1 stepRecede=1 timeStopStart=0 timeStopEnd=0 posStart=5696;2688 posEnd=5696;2688 posCurrent=5696;2688 step=1 time=0 phase=1788 channel=10 icon=262 
MoveObject: type=96 stepAdvance=1 stepRecede=1 timeStopStart=0 timeStopEnd=0 posStart=5952;2496 posEnd=5952;2496 posCurrent=5952;2496 step=1 time=0 phase=1788 channel=10 icon=262 
MoveObject: type=96 stepAdvance=1 stepRecede=1 timeStopStart=0 timeStopEnd=0 posStart=5952;2560 posEnd=5952;2560 posCurrent=5952;2560 step=1 time=0 phase=1788 channel=10 icon=262 
MoveObject: type=96 stepAdvance=1 stepRecede=1 timeStopStart=0 timeStopEnd=0 posStart=5952;2624 posEnd=5952;2624 posCurrent=5952;2624 step=1 time=0 phase=1788 channel=10 icon=262 
MoveObject: type=96 stepAdvance=1 stepRecede=1 timeStopStart=0 timeStopEnd=0 posStart=5952;2688 posEnd=5952;2688 posCurrent=5952;2688 step=1 time=0 phase=1788 channel=10 icon=262 
MoveObject: type=96 stepAdvance=1 stepRecede=1 timeStopStart=0 timeStopEnd=0 posStart=5312;3648 posEnd=5312;3648 posCurrent=5312;3648 step=1 time=0 phase=1788 channel=10 icon=262 
MoveObject: type=96 stepAdvance=1 stepRecede=1 timeStopStart=0 timeStopEnd=0 posStart=5120;3648 posEnd=5120;3648 posCurrent=5120;3648 step=1 time=0 phase=1788 channel=10 icon=262 
MoveObject: type=96 stepAdvance=1 stepRecede=1 timeStopStart=0 timeStopEnd=0 posStart=4928;3648 posEnd=4928;3648 posCurrent=4928;3648 step=1 time=0 phase=1788 channel=10 icon=262 
MoveObject: type=2 stepAdvance=1 stepRecede=1 timeStopStart=0 timeStopEnd=0 posStart=4802;3652 posEnd=4802;3652 posCurrent=4802;3652 step=1 time=0 phase=1788 channel=10 icon=14 
MoveObject: type=2 stepAdvance=1 stepRecede=1 timeStopStart=0 timeStopEnd=0 posStart=4674;3652 posEnd=4674;3652 posCurrent=4674;3652 step=1 time=0 phase=1788 channel=10 icon=14 
MoveObject: type=96 stepAdvance=1 stepRecede=1 timeStopStart=0 timeStopEnd=0 posStart=4800;4160 posEnd=4800;4160 posCurrent=4800;4160 step=1 time=0 phase=1788 channel=10 icon=262 
MoveObject: type=96 stepAdvance=1 stepRecede=1 timeStopStart=0 timeStopEnd=0 posStart=4800;4096 posEnd=4800;4096 posCurrent=4800;4096 step=1 time=0 phase=1788 channel=10 icon=262 
MoveObject: type=96 stepAdvance=1 stepRecede=1 timeStopStart=0 timeStopEnd=0 posStart=4928;4160 posEnd=4928;4160 posCurrent=4928;4160 step=1 time=0 phase=1788 channel=10 icon=262 
MoveObject: type=96 stepAdvance=1 stepRecede=1 timeStopStart=0 timeStopEnd=0 posStart=4928;4096 posEnd=4928;4096 posCurrent=4928;4096 step=1 time=0 phase=1788 channel=10 icon=262 
MoveObject: type=96 stepAdvance=1 stepRecede=1 timeStopStart=0 timeStopEnd=0 posStart=4800;4032 posEnd=4800;4032 posCurrent=4800;4032 step=1 time=0 phase=1788 channel=10 icon=262 
MoveObject: type=96 stepAdvance=1 stepRecede=1 timeStopStart=0 timeStopEnd=0 posStart=4864;4032 posEnd=4864;4032 posCurrent=4864;4032 step=1 time=0 phase=1788 channel=10 icon=262 
MoveObject: type=96 stepAdvance=1 stepRecede=1 timeStopStart=0 timeStopEnd=0 posStart=4928;4032 posEnd=4928;4032 posCurrent=4928;4032 step=1 time=0 phase=1788 channel=10 icon=262 
MoveObject: type=96 stepAdvance=1 stepRecede=1 timeStopStart=0 timeStopEnd=0 posStart=4736;4032 posEnd=4736;4032 posCurrent=4736;4032 step=1 time=0 phase=1788 channel=10 icon=262 
MoveObject: type=96 stepAdvance=1 stepRecede=1 timeStopStart=0 timeStopEnd=0 posStart=4736;4096 posEnd=4736;4096 posCurrent=4736;4096 step=1 time=0 phase=1788 channel=10 icon=262 
MoveObject: type=96 stepAdvance=1 stepRecede=1 timeStopStart=0 timeStopEnd=0 posStart=4736;4160 posEnd=4736;4160 posCurrent=4736;4160 step=1 time=0 phase=1788 channel=10 icon=262 
MoveObject: type=96 stepAdvance=1 stepRecede=1 timeStopStart=0 timeStopEnd=0 posStart=4736;4224 posEnd=4736;4224 posCurrent=4736;4224 step=1 time=0 phase=1788 channel=10 icon=262 
MoveObject: type=96 stepAdvance=1 stepRecede=1 timeStopStart=0 timeStopEnd=0 posStart=4800;4224 posEnd=4800;4224 posCurrent=4800;4224 step=1 time=0 phase=1788 channel=10 icon=262 
MoveObject: type=96 stepAdvance=1 stepRecede=1 timeStopStart=0 timeStopEnd=0 posStart=4864;4224 posEnd=4864;4224 posCurrent=4864;4224 step=1 time=0 phase=1788 channel=10 icon=262 
MoveObject: type=96 stepAdvance=1 stepRecede=1 timeStopStart=0 timeStopEnd=0 posStart=4928;4224 posEnd=4928;4224 posCurrent=4928;4224 step=1 time=0 phase=1788 channel=10 icon=262 
MoveObject: type=96 stepAdvance=1 stepRecede=1 timeStopStart=0 timeStopEnd=0 posStart=4992;4224 posEnd=4992;4224 posCurrent=4992;4224 step=1 time=0 phase=1788 channel=10 icon=262 
MoveObject: type=96 stepAdvance=1 stepRecede=1 timeStopStart=0 timeStopEnd=0 posStart=4992;4160 posEnd=4992;4160 posCurrent=4992;4160 step=1 time=0 phase=1788 channel=10 icon=262 
MoveObject: type=96 stepAdvance=1 stepRecede=1 timeStopStart=0 timeStopEnd=0 posStart=4992;4096 posEnd=4992;4096 posCurrent=4992;4096 step=1 time=0 phase=1788 channel=10 icon=262 
MoveObject: type=96 stepAdvance=1 stepRecede=1 timeStopStart=0 timeStopEnd=0 posStart=4992;4032 posEnd=4992;4032 posCurrent=4992;4032 step=1 time=0 phase=1788 channel=10 icon=262 
MoveObject: type=16 stepAdvance=20 stepRecede=20 timeStopStart=0 timeStopEnd=0 posStart=1536;4352 posEnd=1536;4480 posCurrent=1536;4448 step=4 time=5 phase=1788 channel=10 icon=74 
MoveObject: type=16 stepAdvance=20 stepRecede=20 timeStopStart=0 timeStopEnd=0 posStart=1600;4480 posEnd=1600;4352 posCurrent=1600;4384 step=4 time=5 phase=1788 channel=10 icon=74 
MoveObject: type=1 stepAdvance=24 stepRecede=24 timeStopStart=3 timeStopEnd=3 posStart=2112;4608 posEnd=2368;4608 posCurrent=2208;4608 step=4 time=15 phase=1788 channel=1 icon=79 
MoveObject: type=1 stepAdvance=24 stepRecede=24 timeStopStart=3 timeStopEnd=3 posStart=2688;4608 posEnd=2432;4608 posCurrent=2592;4608 step=4 time=15 phase=1788 channel=1 icon=79 
MoveObject: type=44 stepAdvance=6 stepRecede=6 timeStopStart=4 timeStopEnd=4 posStart=3136;4864 posEnd=3200;4864 posCurrent=3200;4864 step=3 time=0 phase=1788 channel=10 icon=207 
MoveObject: type=44 stepAdvance=6 stepRecede=6 timeStopStart=4 timeStopEnd=4 posStart=3264;4864 posEnd=3328;4864 posCurrent=3328;4864 step=3 time=0 phase=1788 channel=10 icon=207 
MoveObject: type=44 stepAdvance=6 stepRecede=6 timeStopStart=4 timeStopEnd=4 posStart=3392;4864 posEnd=3456;4864 posCurrent=3456;4864 step=3 time=0 phase=1788 channel=10 icon=207 
MoveObject: type=44 stepAdvance=6 stepRecede=6 timeStopStart=4 timeStopEnd=4 posStart=3200;4928 posEnd=3264;4928 posCurrent=3264;4928 step=3 time=0 phase=1788 channel=10 icon=207 
MoveObject: type=44 stepAdvance=6 stepRecede=6 timeStopStart=4 timeStopEnd=4 posStart=3328;4928 posEnd=3392;4928 posCurrent=3392;4928 step=3 time=0 phase=1788 channel=10 icon=207 
MoveObject: type=1 stepAdvance=18 stepRecede=18 timeStopStart=3 timeStopEnd=3 posStart=3200;4544 posEnd=3392;4544 posCurrent=3254;4544 step=4 time=13 phase=1788 channel=1 icon=79 
MoveObject: type=44 stepAdvance=6 stepRecede=6 timeStopStart=4 timeStopEnd=4 posStart=3072;4928 posEnd=3136;4928 posCurrent=3136;4928 step=3 time=0 phase=1788 channel=10 icon=207 
MoveObject: type=44 stepAdvance=6 stepRecede=6 timeStopStart=4 timeStopEnd=4 posStart=3456;4928 posEnd=3520;4928 posCurrent=3520;4928 step=3 time=0 phase=1788 channel=10 icon=207 
MoveObject: type=44 stepAdvance=12 stepRecede=12 timeStopStart=4 timeStopEnd=4 posStart=3712;4544 posEnd=3840;4544 posCurrent=3830;4544 step=4 time=1 phase=1788 channel=10 icon=196 
MoveObject: type=5 stepAdvance=1 stepRecede=1 timeStopStart=0 timeStopEnd=0 posStart=3522;2884 posEnd=3522;2884 posCurrent=3522;2884 step=1 time=0 phase=1788 channel=10 icon=1 
MoveObject: type=5 stepAdvance=1 stepRecede=1 timeStopStart=0 timeStopEnd=0 posStart=3650;2884 posEnd=3650;2884 posCurrent=3650;2884 step=1 time=0 phase=1788 channel=10 icon=1 
MoveObject: type=5 stepAdvance=1 stepRecede=1 timeStopStart=0 timeStopEnd=0 posStart=3906;2884 posEnd=3906;2884 posCurrent=3906;2884 step=1 time=0 phase=1788 channel=10 icon=1 
MoveObject: type=5 stepAdvance=1 stepRecede=1 timeStopStart=0 timeStopEnd=0 posStart=4034;2884 posEnd=4034;2884 posCurrent=4034;2884 step=1 time=0 phase=1788 channel=10 icon=1 
MoveObject: type=5 stepAdvance=1 stepRecede=1 timeStopStart=0 timeStopEnd=0 posStart=3586;2564 posEnd=3586;2564 posCurrent=3586;2564 step=1 time=0 phase=1788 channel=10 icon=1 
MoveObject: type=5 stepAdvance=1 stepRecede=1 timeStopStart=0 timeStopEnd=0 posStart=3970;2564 posEnd=3970;2564 posCurrent=3970;2564 step=1 time=0 phase=1788 channel=10 icon=1 
MoveObject: type=5 stepAdvance=1 stepRecede=1 timeStopStart=0 timeStopEnd=0 posStart=3778;2500 posEnd=3778;2500 posCurrent=3778;2500 step=1 time=0 phase=1788 channel=10 icon=1 
MoveObject: type=5 stepAdvance=1 stepRecede=1 timeStopStart=0 timeStopEnd=0 posStart=3330;3140 posEnd=3330;3140 posCurrent=3330;3140 step=1 time=0 phase=1788 channel=10 icon=1 
MoveObject: type=5 stepAdvance=1 stepRecede=1 timeStopStart=0 timeStopEnd=0 posStart=4226;3140 posEnd=4226;3140 posCurrent=4226;3140 step=1 time=0 phase=1788 channel=10 icon=1 
MoveObject: type=5 stepAdvance=1 stepRecede=1 timeStopStart=0 timeStopEnd=0 posStart=3586;3140 posEnd=3586;3140 posCurrent=3586;3140 step=1 time=0 phase=1788 channel=10 icon=1 
MoveObject: type=5 stepAdvance=1 stepRecede=1 timeStopStart=0 timeStopEnd=0 posStart=3970;3140 posEnd=3970;3140 posCurrent=3970;3140 step=1 time=0 phase=1788 channel=10 icon=1 
MoveObject: type=44 stepAdvance=12 stepRecede=12 timeStopStart=4 timeStopEnd=4 posStart=3840;4608 posEnd=3712;4608 posCurrent=3722;4608 step=4 time=1 phase=1788 channel=10 icon=200 
MoveObject: type=5 stepAdvance=1 stepRecede=1 timeStopStart=0 timeStopEnd=0 posStart=5698;2820 posEnd=5698;2820 posCurrent=5698;2820 step=1 time=0 phase=1788 channel=10 icon=1 
MoveObject: type=5 stepAdvance=1 stepRecede=1 timeStopStart=0 timeStopEnd=0 posStart=6018;2820 posEnd=6018;2820 posCurrent=6018;2820 step=1 time=0 phase=1788 channel=10 icon=1 
MoveObject: type=16 stepAdvance=20 stepRecede=20 timeStopStart=0 timeStopEnd=0 posStart=4864;2688 posEnd=4864;2816 posCurrent=4864;2784 step=4 time=5 phase=1788 channel=10 icon=74 
MoveObject: type=5 stepAdvance=1 stepRecede=1 timeStopStart=0 timeStopEnd=0 posStart=5634;2820 posEnd=5634;2820 posCurrent=5634;2820 step=1 time=0 phase=1788 channel=10 icon=1 
MoveObject: type=16 stepAdvance=20 stepRecede=20 timeStopStart=0 timeStopEnd=0 posStart=4928;2816 posEnd=4928;2688 posCurrent=4928;2720 step=4 time=5 phase=1788 channel=10 icon=74 
MoveObject: type=96 stepAdvance=1 stepRecede=1 timeStopStart=0 timeStopEnd=0 posStart=2816;1920 posEnd=2816;1920 posCurrent=2816;1920 step=1 time=0 phase=1788 channel=10 icon=262 
MoveObject: type=16 stepAdvance=20 stepRecede=20 timeStopStart=0 timeStopEnd=0 posStart=5056;2688 posEnd=5056;2816 posCurrent=5056;2784 step=4 time=5 phase=1788 channel=10 icon=74 
MoveObject: type=16 stepAdvance=20 stepRecede=20 timeStopStart=0 timeStopEnd=0 posStart=5120;2816 posEnd=5120;2688 posCurrent=5120;2720 step=4 time=5 phase=1788 channel=10 icon=74 
MoveObject: type=16 stepAdvance=20 stepRecede=20 timeStopStart=0 timeStopEnd=0 posStart=5248;2688 posEnd=5248;2816 posCurrent=5248;2784 step=4 time=5 phase=1788 channel=10 icon=74 
MoveObject: type=16 stepAdvance=20 stepRecede=20 timeStopStart=0 timeStopEnd=0 posStart=5312;2816 posEnd=5312;2688 posCurrent=5312;2720 step=4 time=5 phase=1788 channel=10 icon=74 
MoveObject: type=7 stepAdvance=1 stepRecede=1 timeStopStart=0 timeStopEnd=0 posStart=4866;4100 posEnd=4866;4100 posCurrent=4866;4100 step=1 time=0 phase=1788 channel=10 icon=32 
MoveObject: type=5 stepAdvance=1 stepRecede=1 timeStopStart=0 timeStopEnd=0 posStart=5762;2820 posEnd=5762;2820 posCurrent=5762;2820 step=1 time=0 phase=1788 channel=10 icon=1 
MoveObject: type=5 stepAdvance=1 stepRecede=1 timeStopStart=0 timeStopEnd=0 posStart=5954;2820 posEnd=5954;2820 posCurrent=5954;2820 step=1 time=0 phase=1788 channel=10 icon=1 
MoveObject: type=5 stepAdvance=1 stepRecede=1 timeStopStart=0 timeStopEnd=0 posStart=5890;2820 posEnd=5890;2820 posCurrent=5890;2820 step=1 time=0 phase=1788 channel=10 icon=1 
MoveObject: type=5 stepAdvance=1 stepRecede=1 timeStopStart=0 timeStopEnd=0 posStart=5826;2820 posEnd=5826;2820 posCurrent=5826;2820 step=1 time=0 phase=1788 channel=10 icon=1 
MoveObject: type=96 stepAdvance=1 stepRecede=1 timeStopStart=0 timeStopEnd=0 posStart=2688;1920 posEnd=2688;1920 posCurrent=2688;1920 step=1 time=0 phase=1788 channel=10 icon=262 
MoveObject: type=96 stepAdvance=1 stepRecede=1 timeStopStart=0 timeStopEnd=0 posStart=2432;1920 posEnd=2432;1920 posCurrent=2432;1920 step=1 time=0 phase=1788 channel=10 icon=262 
MoveObject: type=96 stepAdvance=1 stepRecede=1 timeStopStart=0 timeStopEnd=0 posStart=2560;1920 posEnd=2560;1920 posCurrent=2560;1920 step=1 time=0 phase=1788 channel=10 icon=262 
MoveObject: type=96 stepAdvance=1 stepRecede=1 timeStopStart=0 timeStopEnd=0 posStart=2304;1920 posEnd=2304;1920 posCurrent=2304;1920 step=1 time=0 phase=1788 channel=10 icon=262 
MoveObject: type=96 stepAdvance=1 stepRecede=1 timeStopStart=0 timeStopEnd=0 posStart=2176;1920 posEnd=2176;1920 posCurrent=2176;1920 step=1 time=0 phase=1788 channel=10 icon=262 
MoveObject: type=96 stepAdvance=1 stepRecede=1 timeStopStart=0 timeStopEnd=0 posStart=2048;1920 posEnd=2048;1920 posCurrent=2048;1920 step=1 time=0 phase=1788 channel=10 icon=262 
MoveObject: type=96 stepAdvance=1 stepRecede=1 timeStopStart=0 timeStopEnd=0 posStart=1920;1920 posEnd=1920;1920 posCurrent=1920;1920 step=1 time=0 phase=1788 channel=10 icon=262 
MoveObject: type=96 stepAdvance=1 stepRecede=1 timeStopStart=0 timeStopEnd=0 posStart=1792;1920 posEnd=1792;1920 posCurrent=1792;1920 step=1 time=0 phase=1788 channel=10 icon=262 
MoveObject: type=96 stepAdvance=1 stepRecede=1 timeStopStart=0 timeStopEnd=0 posStart=1664;1920 posEnd=1664;1920 posCurrent=1664;1920 step=1 time=0 phase=1788 channel=10 icon=262 
MoveObject: type=96 stepAdvance=1 stepRecede=1 timeStopStart=0 timeStopEnd=0 posStart=1536;1920 posEnd=1536;1920 posCurrent=1536;1920 step=1 time=0 phase=1788 channel=10 icon=262 
MoveObject: type=96 stepAdvance=1 stepRecede=1 timeStopStart=0 timeStopEnd=0 posStart=896;4864 posEnd=896;4864 posCurrent=896;4864 step=1 time=0 phase=1788 channel=10 icon=262 
MoveObject: type=5 stepAdvance=1 stepRecede=1 timeStopStart=0 timeStopEnd=0 posStart=1282;1988 posEnd=1282;1988 posCurrent=1282;1988 step=1 time=0 phase=1788 channel=10 icon=1 
MoveObject: type=6 stepAdvance=1 stepRecede=1 timeStopStart=0 timeStopEnd=0 posStart=5570;4424 posEnd=5570;4424 posCurrent=5570;4424 step=1 time=0 phase=1788 channel=10 icon=27 
MoveObject: type=6 stepAdvance=1 stepRecede=1 timeStopStart=0 timeStopEnd=0 posStart=5634;4424 posEnd=5634;4424 posCurrent=5634;4424 step=1 time=0 phase=1788 channel=10 icon=27 
MoveObject: type=6 stepAdvance=1 stepRecede=1 timeStopStart=0 timeStopEnd=0 posStart=5698;4424 posEnd=5698;4424 posCurrent=5698;4424 step=1 time=0 phase=1788 channel=10 icon=27 
MoveObject: type=6 stepAdvance=1 stepRecede=1 timeStopStart=0 timeStopEnd=0 posStart=5762;4424 posEnd=5762;4424 posCurrent=5762;4424 step=1 time=0 phase=1788 channel=10 icon=27 
MoveObject: type=6 stepAdvance=1 stepRecede=1 timeStopStart=0 timeStopEnd=0 posStart=4098;3400 posEnd=4098;3400 posCurrent=4098;3400 step=1 time=0 phase=1788 channel=10 icon=27 
MoveObject: type=6 stepAdvance=1 stepRecede=1 timeStopStart=0 timeStopEnd=0 posStart=3458;3400 posEnd=3458;3400 posCurrent=3458;3400 step=1 time=0 phase=1788 channel=10 icon=27 
MoveObject: type=6 stepAdvance=1 stepRecede=1 timeStopStart=0 timeStopEnd=0 posStart=3266;2056 posEnd=3266;2056 posCurrent=3266;2056 step=1 time=0 phase=1788 channel=10 icon=27 
MoveObject: type=6 stepAdvance=1 stepRecede=1 timeStopStart=0 timeStopEnd=0 posStart=3394;2056 posEnd=3394;2056 posCurrent=3394;2056 step=1 time=0 phase=1788 channel=10 icon=27 
MoveObject: type=6 stepAdvance=1 stepRecede=1 timeStopStart=0 timeStopEnd=0 posStart=4162;2056 posEnd=4162;2056 posCurrent=4162;2056 step=1 time=0 phase=1788 channel=10 icon=27 
MoveObject: type=6 stepAdvance=1 stepRecede=1 timeStopStart=0 timeStopEnd=0 posStart=4290;2056 posEnd=4290;2056 posCurrent=4290;2056 step=1 time=0 phase=1788 channel=10 icon=27 
MoveObject: type=6 stepAdvance=1 stepRecede=1 timeStopStart=0 timeStopEnd=0 posStart=5378;1736 posEnd=5378;1736 posCurrent=5378;1736 step=1 time=0 phase=1788 channel=10 icon=27 
MoveObject: type=6 stepAdvance=1 stepRecede=1 timeStopStart=0 timeStopEnd=0 posStart=6210;2184 posEnd=6210;2184 posCurrent=6210;2184 step=1 time=0 phase=1788 channel=10 icon=27 
MoveObject: type=6 stepAdvance=1 stepRecede=1 timeStopStart=0 timeStopEnd=0 posStart=4418;2952 posEnd=4418;2952 posCurrent=4418;2952 step=1 time=0 phase=1788 channel=10 icon=27 
MoveObject: type=6 stepAdvance=1 stepRecede=1 timeStopStart=0 timeStopEnd=0 posStart=4546;2952 posEnd=4546;2952 posCurrent=4546;2952 step=1 time=0 phase=1788 channel=10 icon=27 
MoveObject: type=6 stepAdvance=1 stepRecede=1 timeStopStart=0 timeStopEnd=0 posStart=4354;4040 posEnd=4354;4040 posCurrent=4354;4040 step=1 time=0 phase=1788 channel=10 icon=27 
MoveObject: type=6 stepAdvance=1 stepRecede=1 timeStopStart=0 timeStopEnd=0 posStart=4290;4040 posEnd=4290;4040 posCurrent=4290;4040 step=1 time=0 phase=1788 channel=10 icon=27 
MoveObject: type=6 stepAdvance=1 stepRecede=1 timeStopStart=0 timeStopEnd=0 posStart=4418;4040 posEnd=4418;4040 posCurrent=4418;4040 step=1 time=0 phase=1788 channel=10 icon=27 
