DescFile: posDecor=1500;4120 dimDecor=100;100 world=0 music=10 region=24 blupiPos=1794;4358 blupiDir=2 
Decor: 
,,,,,,,,,,,,,,,,,,,,,,,,,,,,,,,,,,,,,,,,,,,,,,,,,,,,,,261,261,261,261,261,261,261,261,261,261,261,261,261,261,261,261,261,261,261,261,261,261,284,301,301,301,284,284,301,301,301,284,301,284,284,284,301,301,301,301,301,301,284,284,301,284
,,,,,,,,,,,,,,,,,,,,,,,,,,,,,,,,,,,,,,,,,,,,,,,,,,,,,,261,261,261,261,261,261,261,261,261,261,261,261,261,261,261,261,261,261,261,261,261,261,284,301,301,284,284,284,284,301,284,284,284,301,301,301,301,301,284,301,284,284,301,301,301,301
,,,,,,,,,,,,,,,,,,,,,,,,,,,,,,,,,,,,,,,,,,,,,,,,,,,,,,261,261,261,261,261,261,261,261,261,261,261,261,261,261,261,261,261,261,261,261,261,261,301,301,301,284,284,301,284,301,301,284,301,301,301,301,284,301,284,301,284,284,301,284,284,284
,,,,,,,,,,,,,,,,,,,,,,,,,,,,,,,,,,,,,,,,,,,,,,,,,,,,,,261,261,261,261,261,261,261,261,261,261,261,261,261,261,261,261,261,261,261,261,261,261,284,284,284,284,284,284,284,284,284,284,284,284,284,284,284,284,301,301,301,301,301,284,284,284
,,,,,,,,,,,,,,,,,,,,,,,,,,,,,,,,,,,,,,,,,,,,,,,,,,,,,,261,261,261,261,261,261,261,261,261,261,261,261,261,261,261,261,261,261,261,261,261,261,284,301,301,301,284,301,301,301,284,301,284,301,284,301,284,301,284,284,284,301,284,284,301,301
,,,,,,,,,,,,,,,,,,,,,,,,,,,,,,,,,,,,,,,,,,,,,,,,,,,,,,261,261,261,261,261,261,261,261,261,261,261,261,261,261,261,261,261,261,261,261,261,261,284,301,301,284,284,284,301,301,284,301,301,301,301,284,301,284,284,301,301,301,284,284,284,284
,,,,,,,,,,,,,,,,,,,,,,,,,,,,,,,,,,,,,,,,,,,,,,,,,,,,,,261,261,261,261,261,261,261,261,261,261,261,261,261,261,261,261,261,261,261,261,261,261,284,301,301,301,284,284,284,301,284,301,284,284,301,284,284,284,284,284,284,301,284,301,301,284
,,,,,,,,,,,,,,,,,,,,,,,,,,,,,,,,,,,,,,,,,,,,,,,,,,,,,,261,261,261,261,261,261,261,261,261,261,261,261,261,261,261,261,261,261,261,261,261,261,284,301,284,301,301,301,301,284,284,284,301,301,301,284,284,284,301,301,301,301,284,301,284,301
,,,,,,,,,,,,,,,,,,,,,,,,,,,,,,,,,,,,,,,,,,,,,,,,,,,,,,261,261,261,261,261,261,261,261,261,261,261,261,261,261,261,261,261,261,261,261,261,261,301,284,284,284,301,284,301,301,284,301,284,301,284,284,301,301,301,284,284,301,284,284,284,301
,,,,,,,,,,,,,,,,,,,,,,,,,,,,,,,,,,,,,,,,,,,,,,,,,,,,,,261,261,261,261,261,261,261,261,261,261,261,261,261,261,261,261,261,261,261,261,261,261,284,301,284,284,284,284,301,301,301,284,284,301,284,301,284,284,284,301,284,301,284,284,301,301
,,,,,,,,,,,,,,,,,,,,,,,,,,,,,,,,,,,,,,,,,,,,,,,,,,,,,,261,261,261,261,261,261,261,261,261,261,261,261,261,261,261,261,261,261,261,261,261,261,301,284,284,284,301,301,284,301,301,284,301,301,301,284,301,284,301,284,284,301,284,301,301,284
,,,,,,,,,,,,,,,,,,,,,,,,,,,,,,,,,,,,,,,,,,,,,,,,,,,,,,261,261,261,261,261,261,261,261,261,261,261,261,261,261,261,261,261,261,261,261,261,261,284,284,284,284,284,301,284,284,284,284,301,301,284,284,284,284,301,301,284,301,284,301,284,301
,,,,,,,,,,,,,,,,,,,,,,,,,,,,,,,,,,,,,,,,,,,,,,,,,,,,,,261,261,261,261,261,261,261,261,261,261,261,261,261,261,261,261,261,261,261,261,261,261,301,284,301,301,284,284,301,284,284,284,301,284,301,284,301,301,301,284,301,284,301,301,284,284
,,,,,,,,,,,,,,,,,,,,,,,,,,,,,,,,,,,,,,,,,,,,,,,,,,,,,,261,261,261,261,261,261,261,261,261,261,261,261,261,261,261,261,261,261,261,261,261,261,284,284,284,301,301,301,301,284,284,301,284,284,301,301,301,284,284,301,301,301,301,301,301,301
,,,,,,,,,,,,,,,,,,,,,,,,,,,,,,,,,,,,,,,,,,,,,,,,,,,,,,261,261,261,261,261,261,261,261,261,261,261,261,261,261,261,261,261,261,261,261,261,261,284,284,284,301,284,301,301,284,301,301,301,284,301,301,284,284,301,284,301,284,301,301,284,301
,,,,,,,,,,,,,,,,,,,,,,,,,,,,,,,,,,,,,,,,,,,,,,,,,,,,,,261,261,261,261,261,261,261,261,261,261,261,261,261,261,261,261,261,261,261,261,261,261,301,284,284,284,301,284,284,284,284,301,284,284,284,301,284,301,284,284,284,284,301,301,284,284
,,,,,,,,,,,,,,,,,,,,,,,,,,,,,,,,,,,,,,,,,,,,,,,,,,,,,,261,261,261,261,261,261,261,261,261,261,261,261,261,261,261,261,261,261,261,261,261,261,284,284,301,301,301,301,284,301,284,284,301,301,284,301,301,284,284,301,284,284,301,301,301,284
,,,,,,,,,,,,,,,,,,,,,,,,,,,,,,,,,,,,,,,,,,,,,,,,,,,,,,261,261,261,261,261,261,261,261,261,261,261,261,261,261,261,261,261,261,261,261,261,261,284,284,284,284,301,301,284,284,301,284,301,301,301,301,284,301,284,284,284,301,301,301,301,284
,,,,,,,,,,,,,,,,,,,,,,,,,,,,,,,,,,,,,,,,,,,,,,,,,,,,,,261,261,261,261,261,261,261,261,261,261,261,261,261,261,261,261,261,261,261,261,261,261,301,301,301,284,284,284,284,284,284,284,284,301,284,301,301,284,301,284,284,284,301,284,284,284
,,,,,,,,,,,,,,,,,,,,,,,,,,,,,,,,,,,,,,,,,,,,,,,,,,,,,,261,261,261,261,261,261,261,261,261,261,261,261,261,261,261,261,261,261,261,261,261,261,284,284,284,301,301,284,301,284,284,301,301,284,284,284,301,301,301,284,301,301,301,301,301,301
,,,,,,,,,,,,,,,,,,,,,,,,,,,,,,,,,,,,,,,,,,,,,,,,,,,,,,261,261,261,261,261,261,261,261,261,261,261,261,261,261,261,261,261,261,261,261,261,261,284,301,301,301,284,284,284,284,301,284,284,301,284,301,284,301,284,284,301,301,301,301,284,284
,,,,,,,,,,,,,,,,,,,,,,,,,,,,,,,,,,,,,,,,,,,,,,,,,,,,,,261,261,261,261,261,261,261,261,261,261,261,261,261,261,261,261,261,261,261,261,261,261,301,284,284,301,284,301,284,284,284,301,301,301,284,301,301,301,301,301,284,301,284,301,284,284
,,,,,,,,,,,,,,,,,,,,,,,,,,,,,,,,,,,,,,,,,,,,,,,,,,,,,,261,261,261,261,261,261,261,261,261,261,261,261,261,261,261,261,261,261,261,261,261,261,301,284,284,284,284,284,284,301,301,301,301,301,301,301,301,301,301,284,284,301,284,301,284,301
,,,,,,,,,,,,,,,,,,,,,,,,,,,,,,,,,,,,,,,,,,,,,,,,,,,,,,261,261,261,261,261,261,261,261,261,261,261,261,261,261,261,261,261,261,261,261,261,261,284,284,301,284,284,301,301,301,301,284,284,284,284,284,301,284,301,301,301,291,290,293,301,301
,,,,,,,,,,,,,,,,,,,,,,,,,,,,,,,,,,,,,,,,,,,,,,,,,,,,,,261,261,261,261,261,261,261,261,261,261,261,261,261,261,261,261,261,261,261,261,261,261,284,284,301,301,301,284,301,284,284,284,284,301,284,301,301,301,295,301,301,300,284,300,284,284
,,,,,,,,,,,,,,,,,,,,,,,,,,,,,,,,,,,,,,,,,,,,,,,,,,,,,,261,261,261,261,261,261,261,261,261,261,261,261,261,263,77,261,261,261,261,261,261,261,284,301,301,301,301,284,301,301,301,301,284,284,284,284,284,284,302,287,290,294,284,302,293,284
,,,,,,,,,,,,,,,,,,,,,,,,,,,,,,,,,,,,,,,,,,,,,,,,,,,,,,261,261,261,261,261,261,261,261,261,261,261,261,263,,,261,261,261,261,261,261,261,284,284,284,284,301,301,284,301,284,284,301,301,284,299,284,301,285,294,284,284,284,292,286,301
,,,,,,,,,,,,,,,,,,,,,,,,,,,,,,,196,262,262,262,262,262,262,262,262,262,262,262,262,262,262,262,262,262,262,262,262,262,262,261,261,261,261,261,261,261,261,261,261,261,261,401,,,261,261,261,261,261,261,261,301,301,284,301,301,301,301,301,284,301,284,301,299,284,284,284,300,301,284,284,284,301,289,284
,,,,,,,,,,,,,,,,,,,,,,,,,,,,,196,262,261,261,261,261,261,261,261,261,261,261,261,261,261,261,261,261,261,261,261,261,261,261,261,261,261,261,261,261,261,261,261,261,261,261,261,,,,261,261,261,261,261,261,261,284,284,301,284,284,284,301,301,284,284,301,301,284,284,284,301,302,287,287,287,293,284,300,284
,,,,,,,,,,,,,,,,,,,,,,,,,,,,,194,261,261,261,261,261,261,261,261,261,261,261,261,261,261,261,261,261,261,261,261,261,261,261,261,261,261,261,261,261,261,261,261,261,261,261,261,,,,261,261,261,261,261,261,261,284,284,284,301,301,301,301,301,301,284,301,284,284,301,284,284,285,,,,286,301,300,301
,,,,,,,,,,,,,,,,,,,,,,,,,,,,,193,261,261,261,261,261,261,261,261,261,261,261,261,261,261,261,261,261,261,261,261,261,261,261,261,261,261,261,261,261,261,261,261,261,261,261,261,262,402,,261,261,261,261,261,261,261,284,284,284,301,284,301,301,284,284,284,301,301,284,301,301,284,302,,,231,236,301,289,284
,,,,,,,,,,,,,,,,,,,,,,,,,196,262,262,262,261,261,190,261,261,261,261,261,261,261,261,261,261,261,261,261,261,261,261,261,261,261,261,261,261,261,261,261,261,261,261,261,261,261,261,261,261,261,262,77,261,261,261,261,261,261,261,284,284,284,301,284,284,301,284,284,284,284,284,301,284,301,284,302,,,,303,284,289,284
,,,,,,,,,,,,,,,,,,,,,,,,,197,263,263,263,263,263,198,261,261,261,261,261,261,261,261,261,261,261,261,261,261,261,261,261,261,261,261,261,261,261,261,261,261,261,261,261,261,261,261,261,261,261,261,77,261,261,261,261,261,261,261,284,284,301,301,284,301,301,301,284,284,284,301,301,301,284,301,292,288,,288,294,301,300,301
,,,,,,,,,,,,,,,,,,,,,,,,,,,,,,,,193,261,261,261,261,261,261,261,261,261,261,261,261,261,261,261,261,261,261,261,261,261,261,261,261,261,261,261,261,261,261,261,261,261,261,65,,261,261,261,261,261,261,261,261,261,261,261,261,261,261,261,261,301,284,301,284,301,284,284,301,284,289,301,284,291,294,301
,,,,,,,,,,,,,,,,,,,,,,,,,,,,,,,,195,261,261,261,261,261,261,261,261,261,261,261,261,261,261,261,261,261,261,261,261,261,261,263,263,261,261,263,261,261,263,261,263,263,261,,142,261,261,261,261,261,261,261,261,261,261,261,261,261,261,261,261,284,301,301,284,284,301,284,284,284,300,301,301,300,301,284
,,,,,,,,,,,,,,,,,,,,,,,,,,,,,,196,262,261,261,261,261,261,261,261,261,261,261,261,261,261,261,261,261,261,261,261,261,261,261,261,,139,261,65,,261,65,,261,,,201,,67,261,261,261,261,261,261,261,261,261,261,261,261,261,261,261,261,284,284,284,284,284,301,301,299,301,289,284,284,300,284,301
,,,,,,,,,,,,,,,,,,,,,,,,,,,,,,194,261,261,261,261,261,261,261,261,261,261,261,261,263,261,263,263,263,261,261,261,261,261,261,261,,67,261,,,201,,139,261,430,140,261,,,261,261,261,261,261,261,261,261,261,261,261,261,261,261,261,261,284,301,301,284,284,301,301,301,284,300,284,301,289,301,284
,,,,,,,,,,,,,,,,,,,,,,,,,,,,,,197,261,261,189,261,261,261,261,261,261,261,261,261,76,261,76,76,76,261,261,261,261,261,261,261,,,201,,140,261,62,,201,,142,261,,,261,261,261,261,261,261,261,261,261,261,261,261,261,261,261,261,301,284,301,301,284,301,284,301,301,300,301,301,292,293,301
,,,,,,,,,,,,,,,,,,,,,,,,,,,,,,,195,261,261,261,261,261,261,261,261,261,261,65,,261,62,,,261,261,261,261,261,261,261,426,141,261,,139,261,66,,261,,139,261,66,61,261,261,261,261,261,261,261,263,263,261,261,261,261,261,261,261,284,301,284,284,291,298,301,301,301,289,301,301,284,300,284
,,,,,,,,,,,,,,,,,,,,,,,,,,,,,,,193,261,261,261,261,261,261,261,261,263,65,,,201,,142,376,263,263,263,263,263,263,261,62,,263,262,262,261,261,262,261,262,262,261,261,199,261,261,261,261,261,261,65,,,261,261,261,261,261,261,261,301,284,301,301,300,301,284,299,284,302,293,284,284,300,284
,,,,,,,,,,,,,,,,,,,,,,,,,,,,,,,201,201,201,201,201,201,201,201,201,,,140,200,201,,,,,,,,,,201,,,,261,261,261,261,261,261,261,261,261,261,77,261,261,261,261,261,261,62,,,261,261,261,261,261,261,261,301,299,284,301,296,301,284,301,297,288,286,284,301,300,301
,,,,,,,,,,,,,,,,,,,,,,,,,,,,,,,193,261,261,261,261,261,261,261,261,262,66,,,201,,139,376,262,262,262,262,262,262,261,262,262,262,261,261,261,261,261,261,261,261,261,261,,198,261,261,261,261,261,,,61,261,263,263,263,263,263,261,301,284,284,301,284,301,284,284,301,284,300,284,291,286,301
,,,,,,,,,,,,,,,,,,,,,,,,,,,,,,,194,261,261,261,261,261,261,261,261,261,261,66,,261,,,61,261,261,261,261,261,261,261,261,261,261,261,261,261,261,261,261,261,261,261,261,,198,198,261,261,261,261,,,,201,,,,,,201,290,290,290,290,290,290,290,290,290,290,288,290,,303,284
,,,,,,,,,,,,,,,,,,,,,,,,,,,,,,,197,261,261,261,261,261,261,261,261,261,261,261,76,261,76,76,76,261,261,261,261,261,261,261,261,261,261,261,261,261,261,261,261,261,261,261,261,77,261,198,198,261,261,261,66,,,261,262,262,262,262,262,261,284,284,301,284,284,301,301,284,301,301,301,301,285,286,301
,,,,,,,,,,,,,,,,,,,,,,,,,,,,,,,,194,261,261,261,261,261,261,261,261,261,261,262,261,262,262,262,261,261,261,261,261,261,261,261,261,261,261,261,261,261,261,261,261,261,261,261,199,261,261,198,198,261,261,261,283,,261,261,261,261,261,261,261,301,284,295,301,299,284,295,284,284,284,301,301,292,303,284
,,,,,,,,,,,,,,,,,,,,,,,,,,,,,,,,193,261,261,261,261,261,261,261,261,261,261,261,261,261,261,261,261,261,261,261,261,261,261,261,261,261,261,261,261,261,261,261,261,261,261,261,262,261,261,261,198,198,261,261,,,261,261,261,261,261,261,261,284,297,303,301,301,297,,293,301,284,301,284,301,300,301
,,,,,,,,,,,,,,,,,,,,,,,,,,,,,196,188,198,198,198,261,261,261,261,261,261,261,261,261,261,261,261,261,261,261,261,261,261,261,261,261,261,261,261,261,261,261,261,261,261,261,261,261,261,261,261,261,261,261,198,198,261,,,261,261,261,261,261,261,261,284,284,296,301,284,284,292,294,301,301,284,284,291,303,301
,,,,,,,,,,,,,,,,,,,,,,,,,,,,,194,190,261,261,198,198,261,261,261,261,261,261,261,261,261,261,261,261,261,261,261,261,261,261,261,261,261,261,261,261,261,261,261,261,261,261,261,261,261,261,261,261,261,261,261,66,201,,,261,261,261,261,261,261,261,284,301,301,284,284,301,301,301,284,284,299,284,285,294,301
,,,,,,,,,,,,,,,,,,,,,,,,,,,,,195,186,261,261,261,198,261,261,261,261,261,261,261,261,261,261,261,261,261,261,261,261,261,261,261,261,261,261,261,261,261,261,261,261,261,261,261,261,261,261,261,261,261,261,261,261,261,283,,261,261,261,261,261,261,261,301,301,301,301,295,284,301,301,301,284,284,284,300,284,284
,,,,,,,,,,,,,,,,,,,,,,,,,,,,,197,187,263,261,261,198,261,261,261,261,261,261,261,261,261,261,261,261,261,261,261,261,261,261,261,261,261,261,261,261,261,261,261,261,261,261,261,261,261,261,261,261,261,261,261,261,263,,,261,261,261,261,301,284,284,284,284,301,284,300,284,301,284,301,301,284,284,302,293,301
,,,,,,,,,,,,,,,,,,,,,,,,,,,,,,,,197,261,198,261,261,261,261,261,261,261,261,261,261,261,261,261,261,261,261,261,261,261,261,261,261,261,261,261,261,261,261,261,261,261,261,261,261,261,261,261,261,261,261,,,,261,261,261,261,301,284,284,284,284,284,284,300,284,291,298,284,291,287,287,288,303,301
,,,,,,,,,,,,,,,,,,,,,,,,,,,,,,,,,197,198,186,261,261,261,186,261,261,261,261,284,284,301,301,301,284,301,284,301,284,284,284,301,284,301,284,284,284,284,301,284,284,261,261,261,261,261,261,261,261,261,62,,,261,261,261,261,301,284,284,301,301,299,284,285,290,286,301,284,292,,294,284,300,284
,,,,,,,,,,,,,,,,,,,,,,,,,,,,,,,,,,,197,263,188,198,187,261,261,186,261,301,301,301,301,301,301,301,284,301,301,284,284,284,301,284,301,301,301,301,301,301,301,261,261,261,261,261,261,261,261,261,66,,,261,261,261,261,284,284,284,301,301,284,301,300,301,300,301,284,284,300,301,297,294,284
,,,,,,,,,,,,,,,,,,,,,,,,,,,,,,,,,,,,,197,198,261,261,261,198,261,301,301,301,284,301,301,301,301,284,284,301,301,301,301,284,284,301,301,284,284,301,284,261,261,261,261,261,261,261,261,261,261,262,262,261,261,261,261,284,284,301,301,284,295,284,292,287,303,284,301,291,286,284,301,284,284
,,,,,,,,,,,,,,,,,,,,,,,,,,,,,,,,,,,,,,,197,263,261,198,192,301,301,301,301,284,301,284,284,301,284,284,284,284,284,284,301,284,301,284,284,284,284,261,261,261,261,261,261,261,261,261,261,261,261,261,261,261,261,284,284,301,301,301,300,284,301,302,294,301,291,,286,284,284,301,301
,,,,,,,,,,,,,,,,,,,,,,,,,,,,,,,,,,,,,,,,,263,,303,301,301,301,301,284,284,284,301,301,301,301,301,301,284,301,284,301,284,284,284,284,284,261,261,261,261,261,261,261,261,261,261,261,261,261,261,261,261,284,301,284,301,301,302,293,301,289,301,301,302,,286,284,297,298,284
,,,,,,,,,,,,,,,,,,,,,,,,,,,,,,,,,,,,,,,,,,,261,284,284,301,301,284,284,284,284,284,284,284,284,301,284,301,284,284,301,284,301,301,301,301,301,284,284,284,284,284,301,284,284,301,284,301,301,284,301,301,301,284,301,284,292,294,301,300,284,301,292,288,,293,284,301,301
,,,,,,,,,,,,,,,,,,,,,,,,,,,,,,,,,,,,,,,,196,186,198,261,284,284,301,301,284,301,284,284,301,301,284,284,301,301,284,284,301,284,301,284,301,301,301,284,284,284,301,284,284,301,284,284,301,301,284,284,301,284,301,301,284,301,301,284,284,284,289,301,284,301,301,302,294,301,295,284
,,,,,,,,,,,,,,,,,,,,,,,,,,,,,,,,,,,,,196,188,186,189,187,198,186,284,301,301,284,301,284,301,284,301,301,301,301,284,301,284,301,301,301,301,301,301,284,301,301,284,284,301,301,284,284,301,284,301,301,284,284,284,301,284,301,284,284,301,301,284,284,300,284,284,291,287,303,301,284,289,284
,,,,,,,,,,,,,,,,,,,,,,,,,,,,,,,,,,,,,197,187,186,186,188,198,192,301,301,301,284,284,284,301,284,301,301,284,284,301,284,284,284,295,301,301,284,284,301,284,301,284,284,284,284,301,301,284,284,284,301,301,301,284,284,301,284,295,301,301,301,284,291,303,301,301,302,,288,290,290,303,284
,,,,,,,,,,,,,,,,,,,,,,,,,,,,,,,,,,,,,,,,197,189,198,261,284,284,301,301,301,284,284,284,301,284,301,301,301,301,301,291,303,301,284,295,284,301,284,301,301,301,284,284,284,301,301,301,284,284,284,301,301,284,301,291,286,284,301,301,301,285,288,293,284,285,303,284,284,284,289,301
,,,,,,,,,,,,,,,,,,,,,,,,,,,,,,,,,,,,,,,,,,,261,301,301,301,284,301,301,284,284,301,301,284,284,284,301,284,292,,293,301,300,284,301,284,301,284,284,301,301,301,284,284,284,301,284,301,284,301,284,301,292,303,301,301,284,284,296,301,289,301,285,294,301,284,301,300,301
,,,,,,,,,,,,,,,,,,,,,,,,,,,,,,,,,,,,,,,,196,262,262,192,301,301,301,301,284,284,284,284,299,284,301,301,284,301,301,284,285,,287,288,293,301,301,301,284,284,284,291,287,293,301,284,301,284,301,284,301,301,284,301,296,301,295,301,284,284,301,285,287,286,301,301,284,291,294,284
,,,,,,,,,,,,,,,,,,,,,,,,,,,,,,,,,,,,,,,,197,263,261,187,284,284,301,301,284,301,301,301,301,284,301,284,301,301,301,291,,,294,301,292,290,293,301,301,284,291,,288,288,290,293,301,284,284,284,301,299,301,284,301,284,300,301,301,284,284,302,288,,293,284,291,294,284,301
,,,,,,,,,,,,,,,,,,,,,,,,,,,,,,,,,,,,,,,,,,197,261,301,301,301,301,301,284,284,301,284,284,284,299,284,284,301,292,,286,284,301,284,284,289,301,291,287,,294,284,284,284,300,301,301,284,301,301,284,284,291,293,301,302,293,301,284,301,296,284,292,286,301,300,284,284,284
,,,,,,,,,,,,,,,,,,,,,,,,,,,,,,,,,,,,,,,,,,,261,301,301,301,284,284,301,301,284,301,301,295,284,284,284,284,284,285,303,301,291,293,301,289,301,302,,294,301,284,301,301,285,287,287,68,301,301,301,301,285,303,284,285,,287,293,301,301,284,301,285,287,286,284,299,301
,,,,,,,,,,,,,,,,,,,,,,,,,,,,,,,,,,,,,,,,,,187,261,301,284,284,301,284,301,284,284,284,301,296,284,301,301,284,284,285,,290,,286,301,285,287,288,303,301,301,284,301,291,,,,68,301,301,301,301,285,,287,,288,,288,287,293,301,291,,288,,293,284,301
,,,,,,,,,,,,,,,,,,,,,,,,,,,,,,,,,,,,,,,196,186,198,186,261,301,284,284,284,284,284,284,301,284,301,301,301,284,301,295,301,292,294,284,292,286,284,302,303,284,300,284,284,301,301,302,,,,68,284,301,284,284,292,,,286,284,300,301,285,303,284,302,286,284,285,286,301,301
,,,,,,,,,,,,,,,,,,,,,,,,,,,,,,,,,,,,,,,194,188,424,186,188,284,301,301,301,301,284,301,301,284,297,287,293,301,284,296,301,301,284,301,284,289,301,285,,290,294,284,301,301,291,,,,,68,301,301,301,301,301,285,,,290,294,301,285,,287,,294,301,292,303,301,284
,,,,,,,,,,,,,,,,,,,,,,,,,,,,,,,,,,,,,,,197,187,198,186,192,284,301,301,284,301,301,301,301,301,284,302,,287,293,284,284,291,293,301,301,289,284,285,286,301,284,284,301,284,292,,,,,68,284,291,293,301,297,,,294,301,284,301,302,,288,294,284,284,284,296,301,301
,,,,,,,,,,,,,,,,,,,,,,,,,,,,,,,,,,,,,,,,,,,286,284,301,284,301,301,301,284,284,284,291,,,288,,287,287,288,286,284,291,286,284,285,294,284,284,301,301,284,301,292,,288,288,68,284,285,,293,284,292,286,301,301,284,284,285,303,284,284,299,301,284,284,284,301
,,,,,,,,,,,,,,,,,,,,,,,,,,,,,,,,,,,,,,,,,,,286,301,291,290,293,284,301,284,301,284,302,,286,284,292,288,294,301,289,301,285,303,301,300,301,301,301,284,301,301,284,301,300,301,284,301,284,302,288,286,301,301,300,301,284,301,297,,303,301,301,284,295,284,301,284,301
,,,,,,,,,,,,,,,,,,,,,,,,,,,,,,,,,,,,,,,,,,,,290,294,284,292,293,284,284,284,291,,,286,301,284,284,284,291,303,301,285,286,284,302,287,68,301,301,301,301,291,287,286,284,301,291,290,303,284,300,301,284,300,284,301,284,284,285,294,301,284,284,302,293,284,301,284
,,,,,,,,,,,,,,,,,,,,,,,,,,,,,,,,,,,,,,,,,,,303,301,301,284,284,302,293,284,301,302,,,286,337,295,284,284,302,,287,288,294,284,302,,68,301,301,284,284,302,,303,284,291,303,284,302,287,286,301,291,303,284,301,295,284,300,284,301,284,301,292,294,284,301,284
,,,,,,,,,,,,,,,,,,,,,,,,,,,,,,,,,,,,,,,,,,,303,284,284,301,301,285,286,284,284,285,,,303,337,285,293,301,292,,286,301,301,301,285,,68,284,284,301,284,292,,,287,,294,301,302,,294,284,285,294,301,301,289,284,289,284,295,301,284,284,301,301,284,284
,,,,,,,,,,,,,,,,,,,,,,,,,,,,,,,,,,,,,,,,,196,262,192,284,284,301,284,302,,293,284,292,,,286,301,302,286,284,301,292,294,301,284,291,,,68,284,301,284,284,284,292,,288,303,301,284,285,286,284,284,289,301,301,284,300,301,292,290,286,284,284,301,301,284,284,284
,,,,,,,,,,,,,,,,,,,,,,,,,,,,,,,,,,,,,,,,,197,188,261,284,301,301,284,285,,,293,301,292,288,303,301,292,,293,284,301,284,301,301,292,,288,68,301,284,284,284,301,284,296,301,289,284,284,302,,293,301,300,301,301,301,300,284,284,301,289,301,284,301,284,301,301,301
,,,,,,,,,,,,,,,,,,,,,,,,,,,,,,,,,,,,,,,,,,,261,284,301,301,291,,,,294,301,301,301,300,301,301,292,286,284,301,301,284,284,284,296,301,301,301,301,301,284,301,284,301,284,300,301,301,292,,288,287,294,301,284,291,286,284,301,301,300,301,301,301,284,284,301,301
,,,,,,,,,,,,,,,,,,,,,,,,,,,,,,,,,,,,,,,,,,,261,284,284,284,285,,288,286,301,284,301,284,300,301,301,301,300,301,284,284,301,284,301,284,301,301,284,284,284,284,284,301,284,284,296,284,301,284,296,301,296,284,299,284,292,,293,301,284,296,301,301,301,284,284,284,284
,,,,,,,,,,,,,,,,,,,,,,,,,,,,,,,,,,,,196,262,262,262,262,262,262,192,284,301,301,302,303,284,300,284,284,284,301,296,301,301,291,286,301,284,284,284,284,301,284,284,301,284,284,301,301,301,284,284,284,301,284,284,301,284,284,284,301,301,301,301,285,,298,301,284,301,301,301,301,301,301,284
,,,,,,,,,,,,,,,,,,,,,,,,,,,,,,,,,,,,193,261,261,261,189,261,261,261,284,284,284,285,,287,286,284,284,301,301,284,301,291,,294,284,301,284,301,301,301,301,301,284,284,301,301,301,284,299,301,284,284,301,301,301,301,284,301,301,301,284,291,,294,301,301,301,301,284,284,284,284,284,301
,,,,,,,,,,,,,,,,,,,,,,,,,,,,,,,,,,,,194,261,261,261,261,261,190,261,301,301,284,292,,,,293,284,284,284,301,284,302,286,284,284,284,284,284,301,284,301,301,284,301,301,301,284,301,301,284,301,301,299,284,284,284,301,301,299,284,284,292,303,284,284,297,298,284,284,301,301,299,301,284
,,,,,,,,,,,,,,,,,,,,,,,,,,,,,,,,,,,,194,261,191,261,261,261,186,261,301,284,301,301,302,,288,286,284,284,284,301,284,285,286,301,301,284,301,284,301,301,301,284,301,301,301,284,301,301,284,301,284,284,284,301,301,284,301,284,301,284,284,301,296,284,284,301,284,284,301,284,284,284,301,301
,,,,,,,,,,,,,,,,,,,,,,,,,,,,,,,,,,,,195,261,186,261,261,261,261,261,284,301,284,291,,303,301,300,301,284,301,295,301,302,,293,301,301,301,284,301,284,284,301,284,301,284,284,284,301,284,301,301,284,284,301,301,301,284,301,284,284,284,284,284,301,301,301,301,284,301,284,301,301,301,284
,,,,,,,,,,,,,,,,,,,,,,,,,,,,,,,,,,,,193,261,261,261,261,261,261,261,284,301,284,285,,,290,303,301,291,290,288,290,,,303,301,284,284,301,284,284,284,284,301,284,284,301,301,301,301,284,301,284,284,301,301,284,301,301,284,301,284,299,284,284,284,284,301,301,284,301,284,284,301,284
,,,,,,,,,,,,,,,,,,,,,,,,,,,,,,,,,,,,193,261,261,261,261,261,261,261,284,284,284,285,,303,301,296,337,289,284,284,284,302,,294,284,284,301,284,284,284,301,301,284,301,301,301,284,301,301,301,301,301,284,301,301,301,301,284,301,301,301,301,301,284,301,301,284,284,284,301,284,301,284,301
,,,,,,,,,,,,,,,,,,,,,,,,,,,,,,,,,,,,197,263,263,263,263,263,263,261,284,284,284,302,,286,284,284,301,302,293,301,291,,303,301,301,284,284,284,301,301,301,301,301,301,284,301,301,301,284,284,301,284,284,284,301,284,301,284,284,301,284,301,301,301,299,301,284,301,284,301,301,301,301,301
,,,,,,,,,,,,,,,,,,,,,,,,,,,,,,,,,,,,,,,,,,,286,284,301,284,302,288,,293,301,291,,,287,,288,294,284,301,284,301,284,301,299,301,301,284,284,284,284,284,284,301,301,301,301,284,301,284,284,284,301,301,301,284,301,301,284,301,284,301,284,284,301,284,284,284,284
,,,,,,,,,,,,,,,,,,,,,,,,,,,,,,,,,,,,,,,,,,,286,301,284,301,289,301,292,288,290,,,,,286,284,301,301,301,301,301,284,301,301,284,284,301,301,284,301,284,284,301,284,301,301,301,284,301,284,301,301,284,301,284,284,284,301,299,301,301,301,284,301,284,284,301,301
,,,,,,,,,,,,,,,,,,,,,,,,,,,,,,,,,,,,,,,,,,,286,284,301,301,300,284,301,284,284,292,288,288,288,294,284,301,284,301,301,301,301,284,301,284,284,284,284,301,284,301,301,301,284,284,284,284,301,284,301,284,301,301,301,301,301,301,301,284,284,284,301,301,301,301,301,301,284
,,,,,,,,,,,,,,,,,,,,,,,,,,,,,,,,,,,,,,,,,,,286,301,301,301,296,301,301,284,301,301,284,301,284,301,301,284,284,301,284,301,284,284,284,291,287,298,301,284,301,301,301,284,284,301,301,301,284,301,291,287,287,287,287,287,287,287,287,287,287,287,287,287,287,287,287,287,287
,,,,,,,,,,,,,,,,,,,,,,,,,,,,,,,,,,,,,,,,,,,286,284,301,301,301,301,301,301,301,301,284,284,301,284,284,301,301,301,301,284,301,301,301,292,294,301,284,301,284,284,301,284,301,301,284,284,284,284,285,,,,,,,,,,,,,,,,,,
,,,,,,,,,,,,,,,,,,,,,,,,,,,,,,,,,,,,,,,,,,,303,284,301,301,301,301,301,301,301,301,284,301,301,301,284,301,301,284,284,284,284,301,301,301,301,284,284,301,301,284,284,301,301,301,301,284,301,301,285,,,,,,,,,,,,,,,,,,
,,,,,,,,,,,,,,,,,,,,,,,,,,,,,,,,,,,,,,,,,,,303,284,284,284,284,301,301,284,284,301,301,284,284,284,301,301,284,284,284,301,284,301,301,284,301,301,284,284,284,284,284,301,284,284,301,301,301,301,302,,,,,,,,,,,,,,,,,,
,,,,,,,,,,,,,,,,,,,,,,,,,,,,,,,,,,,,,,,,,,,286,301,284,301,284,301,284,284,284,284,284,301,284,284,301,301,301,301,284,301,284,284,301,301,301,284,301,301,301,284,284,284,284,301,284,301,301,301,285,,,,,,,,,,,,,,,,,,
,,,,,,,,,,,,,,,,,,,,,,,,,,,,,,,,,,,,,,,,,,,303,284,284,301,284,301,301,284,301,284,284,301,284,284,301,301,301,301,301,301,284,284,284,284,301,301,301,284,301,301,301,284,301,284,301,284,301,284,302,,,,,,,,,,,,,,,,,,
,,,,,,,,,,,,,,,,,,,,,,,,,,,,,,,,,,,,,,,,,,,286,301,301,301,284,301,301,301,284,301,284,301,284,301,301,284,284,284,301,284,284,284,301,284,301,301,284,301,301,301,301,301,301,284,284,301,301,301,302,,,,,,,,,,,,,,,,,,
,,,,,,,,,,,,,,,,,,,,,,,,,,,,,,,,,,,,,,,,,,,303,284,301,301,284,301,301,284,301,284,284,301,301,284,284,301,301,301,301,301,301,284,301,301,284,284,284,284,284,284,301,301,301,301,301,301,301,284,302,,,,,,,,,,,,,,,,,,
,,,,,,,,,,,,,,,,,,,,,,,,,,,,,,,,,,,,,,,,,,,286,284,301,301,301,284,301,284,284,301,284,284,301,301,301,284,301,301,284,284,284,301,301,284,301,284,284,284,284,284,284,301,299,284,284,284,284,284,285,,,,,,,,,,,,,,,,,,
,,,,,,,,,,,,,,,,,,,,,,,,,,,,,,,,,,,,,,,,,,,286,301,284,284,301,284,284,284,284,284,301,301,284,301,284,301,301,301,301,301,284,284,284,284,301,284,284,301,284,301,301,301,284,301,301,284,284,284,302,,,,,,,,,,,,,,,,,,
BigDecor: 
,,,,,,,,,,,,,,,,,,,,,,,,,,,,,,,,,,,,,,,,,,,,,,,,,,,,,,,,,,,,,,,,,,,,,,,,,,,,,,,,,,,,,,,,,,,,,,,,,,,
,,,,,,,,,,,,,,,,,,,,,,,,,,,,,,,,,,,,,,,,,,,,,,,,,,,,,,,,,,,,,,,,,,,,,,,,,,,,,,,,,,,,,,,,,,,,,,,,,,,
,,,,,,,,,,,,,,,,,,,,,,,,,,,,,,,,,,,,,,,,,,,,,,,,,,,,,,,,,,,,,,,,,,,,,,,,,,,,,,,,,,,,,,,,,,,,,,,,,,,
,,,,,,,,,,,,,,,,,,,,,,,,,,,,,,,,,,,,,,,,,,,,,,,,,,,,,,,,,,,,,,,,,,,,,,,,,,,,,,,,,,,,,,,,,,,,,,,,,,,
,,,,,,,,,,,,,,,,,,,,,,,,,,,,,,,,,,,,,,,,,,,,,,,,,,,,,,,,,,,,,,,,,,,,,,,,,,,,,,,,,,,,,,,,,,,,,,,,,,,
,,,,,,,,,,,,,,,,,,,,,,,,,,,,,,,,,,,,,,,,,,,,,,,,,,,,,,,,,,,,,,,,,,,,,,,,,,,,,,,,,,,,,,,,,,,,,,,,,,,
,,,,,,,,,,,,,,,,,,,,,,,,,,,,,,,,,,,,,,,,,,,,,,,,,,,,,,,,,,,,,,,,,,,,,,,,,,,,,,,,,,,,,,,,,,,,,,,,,,,
,,,,,,,,,,,,,,,,,,,,,,,,,,,,,,,,,,,,,,,,,,,,,,,,,,,,,,,,,,,,,,,,,,,,,,,,,,,,,,,,,,,,,,,,,,,,,,,,,,,
,,,,,,,,,,,,,,,,,,,,,,,,,,,,,,,,,,,,,,,,,,,,,,,,,,,,,,,,,,,,,,,,,,,,,,,,,,,,,,,,,,,,,,,,,,,,,,,,,,,
,,,,,,,,,,,,,,,,,,,,,,,,,,,,,,,,,,,,,,,,,,,,,,,,,,,,,,,,,,,,,,,,,,,,,,,,,,,,,,,,,,,,,,,,,,,,,,,,,,,
,,,,,,,,,,,,,,,,,,,,,,,,,,,,,,,,,,,,,,,,,,,,,,,,,,,,,,,,,,,,,,,,,,,,,,,,,,,,,,,,,,,,,,,,,,,,,,,,,,,
,,,,,,,,,,,,,,,,,,,,,,,,,,,,,,,,,,,,,,,,,,,,,,,,,,,,,,,,,,,,,,,,,,,,,,,,,,,,,,,,,,,,,,,,,,,,,,,,,,,
,,,,,,,,,,,,,,,,,,,,,,,,,,,,,,,,,,,,,,,,,,,,,,,,,,,,,,,,,,,,,,,,,,,,,,,,,,,,,,,,,,,,,,,,,,,,,,,,,,,
,,,,,,,,,,,,,,,,,,,,,,,,,,,,,,,,,,,,,,,,,,,,,,,,,,,,,,,,,,,,,,,,,,,,,,,,,,,,,,,,,,,,,,,,,,,,,,,,,,,
,,,,,,,,,,,,,,,,,,,,,,,,,,,,,,,,,,,,,,,,,,,,,,,,,,,,,,,,,,,,,,,,,,,,,,,,,,,,,,,,,,,,,,,,,,,,,,,,,,,
,,,,,,,,,,,,,,,,,,,,,,,,,,,,,,,,,,,,,,,,,,,,,,,,,,,,,,,,,,,,,,,,,,,,,,,,,,,,,,,,,,,,,,,,,,,,,,,,,,,
,,,,,,,,,,,,,,,,,,,,,,,,,,,,,,,,,,,,,,,,,,,,,,,,,,,,,,,,,,,,,,,,,,,,,,,,,,,,,,,,,,,,,,,,,,,,,,,,,,,
,,,,,,,,,,,,,,,,,,,,,,,,,,,,,,,,,,,,,,,,,,,,,,,,,,,,,,,,,,,,,,,,,,,,,,,,,,,,,,,,,,,,,,,,,,,,,,,,,,,
,,,,,,,,,,,,,,,,,,,,,,,,,,,,,,,,,,,,,,,,,,,,,,,,,,,,,,,,,,,,,,,,,,,,,,,,,,,,,,,,,,,,,,,,,,,,,,,,,,,
,,,,,,,,,,,,,,,,,,,,,,,,,,,,,,,,,,,,,,,,,,,,,,,,,,,,,,,,,,,,,,,,,,,,,,,,,,,,,,,,,,,,,,,,,,,,,,,,,,,
,,,,,,,,,,,,,,,,,,,,,,,,,,,,,,,,,,,,,,,,,,,,,,,,,,,,,,,,,,,,,,,,,,,,,,,,,,,,,,,,,,,,,,,,,,,,,,,,,,,
,,,,,,,,,,,,,,,,,,,,,,,,,,,,,,,,,,,,,,,,,,,,,,,,,,,,,,,,,,,,,,,,,,,,,,,,,,,,,,,,,,,,,,,,,,,,,,,,,,,
,,,,,,,,,,,,,,,,,,,,,,,,,,,,,,,,,,,,,,,,,,,,,,,,,,,,,,,,,,,,,,,,,,,,,,,,,,,,,,,,,,,,,,,,,,,,,,,,,,,
,,,,,,,,,,,,,,,,,,,,,,,,,,,,,,,,,,,,,,,,,,,,,,,,,,,,,,,,,,,,,,,,,,,,,,,,,,,,,,,,,,,,,,,,,,,,,,,,,,,
,,,,,,,,,,,,,,,,,,,,,,,,,,,,,,,,,,,,,,,,,,,,,,,,,,,,,,,,,,,,,,,,,,,,,,,,,,,,,,,,,,,,,,,,,,,,,,,,,,,
,,,,,,,,,,,,,,,,,,,,,,,,,,,,,,,,,,,,,,,,,,,,,,,,,,,,,,,,,,,,,,,,,,,,,,,,,,,,,,,,,,,,,,,,,,,,,,,,,,,
,,,,,,,,,,,,,,,,,,,,,,,,,,,,,,,,,,,,,,,,,,,,,,,,,,,,,,,,,,,,,,,,,,,23,,,,,,,,,,,,,,,,,,,,,,,,,,,,,,,,
,,,,,,,,,,,,,,,,,,,,,,,,,,,,,,,,,,,,,,,,,,,,,,,,,,,,,,,,,,,,,,,,,,,,,,,,,,,,,,,,,,,,,,,,,,,,,,,,,,,
,,,,,,,,,,,,,,,,,,,,,,,,,,,,,,,,,,,,,,,,,,,,,,,,,,,,,,,,,,,,,,,,,,,,,,,,,,,,,,,,,,,,,,,,,,,,,,,,,,,
,,,,,,,,,,,,,,,,,,,,,,,,,,,,,,,,,,,,,,,,,,,,,,,,,,,,,,,,,,,,,,,,,,,24,,,,,,,,,,,,,,,,,,,,,,,,,,,,,,,,
,,,,,,,,,,,,,,,,,,,,,,,,,,,,,,,,,,,,,,,,,,,,,,,,,,,,,,,,,,,,,,,,,,,,,,,,,,,,,,,,,,,,,,,,,,,,,,,,,,,
,,,,,,,,,,,,,,,,,,,,,,,,,,,,,,,,,,,,,,,,,,,,,,,,,,,,,,,,,,,,,,,,,,,,,,,,,,,,,,,,,,,,,,,,,,,,,,,,,,,
,,,,,,,,,,,,,,,,,,,,,,,,,,,,,,,,,,,,,,,,,,,,,,,,,,,,,,,,,,,,,,,,,,,,,,,,,,,,,,,,,,,,,,,,,,,,,,,,,,,
,,,,,,,,,,,,,,,,,,,,,,,,,,,,,,,,,,,,,,,,,,,,,,,,,,,,,,,,,,,,,,,,,,,,,,,,,,,,,,,,,,,,,,,,,,,,,,,,,,,
,,,,,,,,,,,,,,,,,,,,,,,,,,,,,,,,,,,,,,,,,,,,,,,,,,,,,,,,,,,,,,,,,,,,,,,,,,,,,,,,,,,,,,,,,,,,,,,,,,,
,,,,,,,,,,,,,,,,,,,,,,,,,,,,,,,,,,,,,,,,,,,,,,,,,,,,,,,,,,,,,,,,,,,,,,,,,,,,,,,,,,,,,,,,,,,,,,,,,,,
,,,,,,,,,,,,,,,,,,,,,,,,,,,,,,,,,,,,,,,,,,,,,,,,,,,,,,,,,,,,,,,,,,,,,,,,,,,,,,,,,,,,,,,,,,,,,,,,,,,
,,,,,,,,,,,,,,,,,,,,,,,,,,,,,,,,,,,,,,,,,,23,,,,23,,,,,,,,,,,,,,,,,,,,,,,,,,,,,,,,,,,,,,,,,,,,,,,,,,,,,
,,,,,,,,,,,,,,,,,,,,,,,,,,,,,,,,,,,,,,,,,,,,,,24,,,,,,,,,,,,,,,,,,,,,,,,,,,,,,,,,,,,,,,,,,,,,,,,,,,,,
,,,,,,,,,,,,,,,,,,,,,,,,,,,,,,,,,,,,,,,,,,,,,,,,,,,,,,,,,,,,,,,,,,,,,,,,,,,,30,,,,,,,,,,,,,,,,,,,,,,,
,,,,,,,,,,,,,,,,,,,,,,,,,,,,,,,,,,,,,,,,,,,,,,,,,,,,,,,,,,,,,,,,,,,,,,,,,,,,,,,,,,,,,,,,,,,,,,,,,,,
,,,,,,,,,,,,,,,,,,,,,,,,,,,,,,,,,,,,,,,,,,,,,,24,,,,,,,,,,,,,,,,,,,,,,,,,,,,,,,,,,,,,,,,,,,,,,,,,,,,,
,,,,,,,,,,,,,,,,,,,,,,,,,,,,,,,,,,,,,,,,,,25,,,,23,,,,,,,,,,,,,,,,,,,,,,,,,,,,,,,,,,,,,,,,,,,,,,,,,,,,,
,,,,,,,,,,,,,,,,,,,,,,,,,,,,,,,,,,,,,,,,,,,,,,,,,,,,,,,,,,,,,,,,,,,,,,,,,,,,,,,,,,,,,,,,,,,,,,,,,,,
,,,,,,,,,,,,,,,,,,,,,,,,,,,,,,,,,,,,,,,,,,,,,,,,,,,,,,,,,,,,,,,,,,,,,,,,,,,,,,,,,,,,,,,,,,,,,,,,,,,
,,,,,,,,,,,,,,,,,,,,,,,,,,,,,,,,,,,,,,,,,,,,,,,,,,,,,,,,,,,,,,,,,,,,,,,,,,,,29,,,,,,,,,,,,,,,,,,,,,,,
,,,,,,,,,,,,,,,,,,,,,,,,,,,,,,,,,,,,,,,,,,,,,,,,,,,,,,,,,,,,,,,,,,,,,,,,,,,,,,,,,,,,,,,,,,,,,,,,,,,
,,,,,,,,,,,,,,,,,,,,,,,,,,,,,,,,,,,,,,,,,,,,,,,,,,,,,,,,,,,,,,,,,,,,,,,,,,,,,,,,,,,,,,,,,,,,,,,,,,,
,,,,,,,,,,,,,,,,,,,,,,,,,,,,,,,,,,,,,,,,,,,,,,,,,,,,,,,,,,,,,,,,,,,,,,,,,,,,,,,,,,,,,,,,,,,,,,,,,,,
,,,,,,,,,,,,,,,,,,,,,,,,,,,,,,,,,,,,,,,,,,,,,,,,,,,,,,,,,,,,,,,,,,,,,,,,,,,,,,,,,,,,,,,,,,,,,,,,,,,
,,,,,,,,,,,,,,,,,,,,,,,,,,,,,,,,,,,,,,,,,,,,,,,,,,,,,,,,,,,,,,,,,,,,,,,,,,,,,,,,,,,,,,,,,,,,,,,,,,,
,,,,,,,,,,,,,,,,,,,,,,,,,,,,,,,,,,,,,,,,,,,,,,,,,,,,,,,,,,,,,,,,,,,,,,,,,,,,31,,,,,,,,,,,,,,,,,,,,,,,
,,,,,,,,,,,,,,,,,,,,,,,,,,,,,,,,,,,,,,,,,,,,,,,,,,,,,,,,,,,,,,,,,,,,,,,,,,,,,,,,,,,,,,,,,,,,,,,,,,,
,,,,,,,,,,,,,,,,,,,,,,,,,,,,,,,,,,,,,,,,,,,,,,,,,,,,,,,,,,,,,,,,,,,,,,,,,,,,,,,,,,,,,,,,,,,,,,,,,,,
,,,,,,,,,,,,,,,,,,,,,,,,,,,,,,,,,,,,,,,,,,,,,,,,,,,,,,,,,,,,,,,,,,,,,,,,,,,,,,,,,,,,,,,,,,,,,,,,,,,
,,,,,,,,,,,,,,,,,,,,,,,,,,,,,,,,,,,,,,,,,,,,,,,,,,,,,,,,,,,,,,,,,,,,,,,,,,,,,,,,,,,,,,,,,,,,,,,,,,,
,,,,,,,,,,,,,,,,,,,,,,,,,,,,,,,,,,,,,,,,,,,,,,,,,,,,,,,,,,,,,,,,,,,,,,,,,,,,,,,,,,,,,,,,,,,,,,,,,,,
,,,,,,,,,,,,,,,,,,,,,,,,,,,,,,,,,,,,,,,,,,,,,,,,,,,,,,,,,,,,,,,,,,,,,,,,,,,,,,,,,,,,,,,,,,,,,,,,,,,
,,,,,,,,,,,,,,,,,,,,,,,,,,,,,,,,,,,,,,,,,,,,,,,,,,,,,,,,,,,,,,,,,,,,,,,,,,,,,,,,,,,,,,,,,,,,,,,,,,,
,,,,,,,,,,,,,,,,,,,,,,,,,,,,,,,,,,,,,,,,,,,,,,,,,,,,,,,,,,,,,,,,,,,,,,,,,,,,,,,,,,,,,,,,,,,,,,,,,,,
,,,,,,,,,,,,,,,,,,,,,,,,,,,,,,,,,,,,,,,,,,,,,,,,,,,,,,,,,,,,24,,,,,,,,,,,,,,,,,,,,,,,,,,,,,,,,,,,,,,,
,,,,,,,,,,,,,,,,,,,,,,,,,,,,,,,,,,,,,,,,,,,,,,,,,,,,,,,,,,,,,,,,,,,,,,,,,,,,,,,,,,,,,,,,,,,,,,,,,,,
,,,,,,,,,,,,,,,,,,,,,,,,,,,,,,,,,,,,,,,,,,,,,,,,,,,,,,,,,,,,,,,,,,,,,,,,,,,,,,,,,,,,,,,,,,,,,,,,,,,
,,,,,,,,,,,,,,,,,,,,,,,,,,,,,,,,,,,,,,,,,,,,,,,,,,,,,,,,,,,,,25,,,,,,,,,,,,,,,,,,,,,,,,,,,,,,,,,,,,,,
,,,,,,,,,,,,,,,,,,,,,,,,,,,,,,,,,,,,,,,,,,,,,,,,,,,,,,,,,,,,23,,,,,,,,,,,,,,,,,,,,,,,,,,,,,,,,,,,,,,,
,,,,,,,,,,,,,,,,,,,,,,,,,,,,,,,,,,,,,,,,,,,,,,,,,,,,,,,,,,,,,,,,,,,,,,,,,,,,,,,,,,,,,,,,,,,,,,,,,,,
,,,,,,,,,,,,,,,,,,,,,,,,,,,,,,,,,,,,,,,,,,,,,,,,,,,,,,,,,,,,,,,,,,,,,,,,,,,,,,,,,,,,,,,,,,,,,,,,,,,
,,,,,,,,,,,,,,,,,,,,,,,,,,,,,,,,,,,,,,,,,,,,,,,,,,,,,,,,,,,,25,,,,,,,,,,,,,,,,,,,,,,,,,,,,,,,,,,,,,,,
,,,,,,,,,,,,,,,,,,,,,,,,,,,,,,,,,,,,,,,,,,,,,,,,,,,,,,,,,,,,,,,,,,,,,,,,,,,,,,,,,,,,,,,,,,,,,,,,,,,
,,,,,,,,,,,,,,,,,,,,,,,,,,,,,,,,,,,,,,,,,,,,,,,,,,,,,,,,,,,,,,,,,,,,,,,,,,,,,,,,,,,,,,,,,,,,,,,,,,,
,,,,,,,,,,,,,,,,,,,,,,,,,,,,,,,,,,,,,,,,,,22,,,,,,,,,,,,,,,,,,,,,,,,,,,,,,,,,,,,,,,,,,,,,,,,,,,,,,,,,
,,,,,,,,,,,,,,,,,,,,,,,,,,,,,,,,,,,,,,,,,,,,,,,,,,,,,,25,,,,,,,,,,,,,,,,,,,,,,,,,,,,,,,,,,,,,,,,,,,,,
,,,,,,,,,,,,,,,,,,,,,,,,,,,,,,,,,,,,,,,,,,,,,,,,,,,,,,,,,,,,,,,,,,,,,,,,,,,,,,,,,,,,,,,,,,,,,,,,,,,
,,,,,,,,,,,,,,,,,,,,,,,,,,,,,,,,,,,,,,,,,,21,,,,,,,,,,,,23,,,,,,,,,,,,,,,,,,,,,,,,,,,,,,,,,,,,,,,,,,,,,
,,,,,,,,,,,,,,,,,,,,,,,,,,,,,,,,,,,,,,,,,,,,,,,,,,,,,,,,,,,,,,,,,,,,,,,,,,,,,,,,,,,,,,,,,,,,,,,,,,,
,,,,,,,,,,,,,,,,,,,,,,,,,,,,,,,,,,,,,,,,,,,,,,,,,,,,,,24,,,,,,,,,,,,,,,,,,,,,,,,,,,,,,,,,,,,,,,,,,,,,
,,,,,,,,,,,,,,,,,,,,,,,,,,,,,,,,,,,,,,,,,,,,,,,,,,,,,,,,,,,,,,,,,,,,,,,,,,,,,,,,,,,,,,,,,,,,,,,,,,,
,,,,,,,,,,,,,,,,,,,,,,,,,,,,,,,,,,,,,,,,,,,,,,,,,,,,,,,,,,,,,,,,,,,,,,,,,,,,,,,,,,,,,,,,,,,,,,,,,,,
,,,,,,,,,,,,,,,,,,,,,,,,,,,,,,,,,,,,,,,,,,,,,,,,,,,,,,,,,,,,,,,,,,,,,,,,,,,,,,,,,,,,,,,,,,,,,,,,,,,
,,,,,,,,,,,,,,,,,,,,,,,,,,,,,,,,,,,,,,,,,,,,,,,,,,,,,,,,,,,,,,,,,,,,,,,,,,,,,,,,,,,,,,,,,,,,,,,,,,,
,,,,,,,,,,,,,,,,,,,,,,,,,,,,,,,,,,,,,,,,,,,,,,,,,,,,,,,,,,,,,,,,,,,,,,,,,,,,,,,,,,,,,,,,,,,,,,,,,,,
,,,,,,,,,,,,,,,,,,,,,,,,,,,,,,,,,,,,,,,,,,,,,,,,,,,,,,,,,,,,,,,,,,,,,,,,,,,,,,,,,,,,,,,,,,,,,,,,,,,
,,,,,,,,,,,,,,,,,,,,,,,,,,,,,,,,,,,,,,,,,,,,,,,,,,,,,,,,,,,,,,,,,,,,,,,,,,,,,,,,,,,,,,,,,,,,,,,,,,,
,,,,,,,,,,,,,,,,,,,,,,,,,,,,,,,,,,,,,,,,,,,,,,,,,,,,,,,,,,,,,,,,,,,,,,,,,,,,,,,,,,,,,,,,,,,,,,,,,,,
,,,,,,,,,,,,,,,,,,,,,,,,,,,,,,,,,,,,,,,,,,,,,,,,,,,,,,,,,,,,,,,,,,,,,,,,,,,,,,,,,,,,,,,,,,,,,,,,,,,
,,,,,,,,,,,,,,,,,,,,,,,,,,,,,,,,,,,,,,,,,,,,,,,,,,,,,,,,,,,,,,,,,,,,,,,,,,,,,,,,,,,,,,,,,,,,,,,,,,,
,,,,,,,,,,,,,,,,,,,,,,,,,,,,,,,,,,,,,,,,,,,,,,,,,,,,,,,,,,,,,,,,,,,,,,,,,,,,,,,,,,,,,,,,,,,,,,,,,,,
,,,,,,,,,,,,,,,,,,,,,,,,,,,,,,,,,,,,,,,,,,,,,,,,,,,,,,,,,,,,,,,,,,,,,,,,,,,,,,,,,,,,,,,,,,,,,,,,,,,
,,,,,,,,,,,,,,,,,,,,,,,,,,,,,,,,,,,,,,,,,,,,,,,,,,,,,,,,,,,,,,,,,,,,,,,,,,,,,,,,,,,,,,,,,,,,,,,,,,,
,,,,,,,,,,,,,,,,,,,,,,,,,,,,,,,,,,,,,,,,,,,,,,,,,,,,,,,,,,,,,,,,,,,,,,,,,,,,,,,,,,,,,,,,,,,,,,,,,,,
,,,,,,,,,,,,,,,,,,,,,,,,,,,,,,,,,,,,,,,,,,,,,,,,,,,,,,,,,,,,,,,,,,,,,,,,,,,,,,,,,,,,,,,,,,,,,,,,,,,
,,,,,,,,,,,,,,,,,,,,,,,,,,,,,,,,,,,,,,,,,,,,,,,,,,,,,,,,,,,,,,,,,,,,,,,,,,,,,,,,,,,,,,,,,,,,,,,,,,,
,,,,,,,,,,,,,,,,,,,,,,,,,,,,,,,,,,,,,,,,,,,,,,,,,,,,,,,,,,,,,,,,,,,,,,,,,,,,,,,,,,,,,,,,,,,,,,,,,,,
,,,,,,,,,,,,,,,,,,,,,,,,,,,,,,,,,,,,,,,,,,,,,,,,,,,,,,,,,,,,,,,,,,,,,,,,,,,,,,,,,,,,,,,,,,,,,,,,,,,
,,,,,,,,,,,,,,,,,,,,,,,,,,,,,,,,,,,,,,,,,,,,,,,,,,,,,,,,,,,,,,,,,,,,,,,,,,,,,,,,,,,,,,,,,,,,,,,,,,,
,,,,,,,,,,,,,,,,,,,,,,,,,,,,,,,,,,,,,,,,,,,,,,,,,,,,,,,,,,,,,,,,,,,,,,,,,,,,,,,,,,,,,,,,,,,,,,,,,,,
,,,,,,,,,,,,,,,,,,,,,,,,,,,,,,,,,,,,,,,,,,,,,,,,,,,,,,,,,,,,,,,,,,,,,,,,,,,,,,,,,,,,,,,,,,,,,,,,,,,
,,,,,,,,,,,,,,,,,,,,,,,,,,,,,,,,,,,,,,,,,,,,,,,,,,,,,,,,,,,,,,,,,,,,,,,,,,,,,,,,,,,,,,,,,,,,,,,,,,,
,,,,,,,,,,,,,,,,,,,,,,,,,,,,,,,,,,,,,,,,,,,,,,,,,,,,,,,,,,,,,,,,,,,,,,,,,,,,,,,,,,,,,,,,,,,,,,,,,,,
,,,,,,,,,,,,,,,,,,,,,,,,,,,,,,,,,,,,,,,,,,,,,,,,,,,,,,,,,,,,,,,,,,,,,,,,,,,,,,,,,,,,,,,,,,,,,,,,,,,
MoveObject: type=30 stepAdvance=1 stepRecede=1 timeStopStart=0 timeStopEnd=0 posStart=1922;6022 posEnd=1922;6022 posCurrent=1922;6022 step=1 time=0 phase=712 channel=10 icon=178 
MoveObject: type=2 stepAdvance=1 stepRecede=1 timeStopStart=0 timeStopEnd=0 posStart=2114;6020 posEnd=2114;6020 posCurrent=2114;6020 step=1 time=0 phase=712 channel=10 icon=16 
MoveObject: type=7 stepAdvance=1 stepRecede=1 timeStopStart=0 timeStopEnd=0 posStart=1730;4356 posEnd=1730;4356 posCurrent=1730;4356 step=1 time=0 phase=712 channel=10 icon=34 
MoveObject: type=6 stepAdvance=1 stepRecede=1 timeStopStart=0 timeStopEnd=0 posStart=2818;4360 posEnd=2818;4360 posCurrent=2818;4360 step=1 time=0 phase=712 channel=10 icon=22 
MoveObject: type=2 stepAdvance=1 stepRecede=1 timeStopStart=0 timeStopEnd=0 posStart=2754;6276 posEnd=2754;6276 posCurrent=2754;6276 step=1 time=0 phase=712 channel=10 icon=16 
MoveObject: type=2 stepAdvance=1 stepRecede=1 timeStopStart=0 timeStopEnd=0 posStart=3522;6084 posEnd=3522;6084 posCurrent=3522;6084 step=1 time=0 phase=712 channel=10 icon=16 
MoveObject: type=6 stepAdvance=1 stepRecede=1 timeStopStart=0 timeStopEnd=0 posStart=3074;5704 posEnd=3074;5704 posCurrent=3074;5704 step=1 time=0 phase=712 channel=10 icon=22 
MoveObject: type=5 stepAdvance=1 stepRecede=1 timeStopStart=0 timeStopEnd=0 posStart=2434;3716 posEnd=2434;3716 posCurrent=2434;3716 step=1 time=0 phase=712 channel=10 icon=5 
MoveObject: type=2 stepAdvance=1 stepRecede=1 timeStopStart=0 timeStopEnd=0 posStart=5314;3140 posEnd=5314;3140 posCurrent=5314;3140 step=1 time=0 phase=712 channel=10 icon=16 
MoveObject: type=2 stepAdvance=1 stepRecede=1 timeStopStart=0 timeStopEnd=0 posStart=5058;3076 posEnd=5058;3076 posCurrent=5058;3076 step=1 time=0 phase=712 channel=10 icon=16 
MoveObject: type=2 stepAdvance=1 stepRecede=1 timeStopStart=0 timeStopEnd=0 posStart=5506;3140 posEnd=5506;3140 posCurrent=5506;3140 step=1 time=0 phase=712 channel=10 icon=16 
MoveObject: type=2 stepAdvance=1 stepRecede=1 timeStopStart=0 timeStopEnd=0 posStart=2562;3652 posEnd=2562;3652 posCurrent=2562;3652 step=1 time=0 phase=712 channel=10 icon=16 
MoveObject: type=3 stepAdvance=1 stepRecede=1 timeStopStart=0 timeStopEnd=0 posStart=2754;6208 posEnd=2754;6208 posCurrent=2754;6208 step=1 time=0 phase=712 channel=10 icon=52 
MoveObject: type=2 stepAdvance=1 stepRecede=1 timeStopStart=0 timeStopEnd=0 posStart=2818;6276 posEnd=2818;6276 posCurrent=2818;6276 step=1 time=0 phase=712 channel=10 icon=16 
MoveObject: type=2 stepAdvance=1 stepRecede=1 timeStopStart=0 timeStopEnd=0 posStart=2882;6276 posEnd=2882;6276 posCurrent=2882;6276 step=1 time=0 phase=712 channel=10 icon=16 
MoveObject: type=3 stepAdvance=1 stepRecede=1 timeStopStart=0 timeStopEnd=0 posStart=2818;6208 posEnd=2818;6208 posCurrent=2818;6208 step=1 time=0 phase=712 channel=10 icon=52 
MoveObject: type=12 stepAdvance=1 stepRecede=1 timeStopStart=0 timeStopEnd=0 posStart=2816;4928 posEnd=2816;4928 posCurrent=2816;4928 step=1 time=0 phase=712 channel=1 icon=33 
MoveObject: type=6 stepAdvance=1 stepRecede=1 timeStopStart=0 timeStopEnd=0 posStart=2498;4936 posEnd=2498;4936 posCurrent=2498;4936 step=1 time=0 phase=712 channel=10 icon=22 
MoveObject: type=12 stepAdvance=1 stepRecede=1 timeStopStart=0 timeStopEnd=0 posStart=3072;4928 posEnd=3072;4928 posCurrent=3072;4928 step=1 time=0 phase=712 channel=1 icon=32 
MoveObject: type=12 stepAdvance=1 stepRecede=1 timeStopStart=0 timeStopEnd=0 posStart=3008;4928 posEnd=3008;4928 posCurrent=3008;4928 step=1 time=0 phase=712 channel=1 icon=32 
MoveObject: type=2 stepAdvance=1 stepRecede=1 timeStopStart=0 timeStopEnd=0 posStart=4610;5828 posEnd=4610;5828 posCurrent=4610;5828 step=1 time=0 phase=712 channel=10 icon=16 
MoveObject: type=12 stepAdvance=1 stepRecede=1 timeStopStart=0 timeStopEnd=0 posStart=4864;5888 posEnd=4864;5888 posCurrent=4864;5888 step=1 time=0 phase=712 channel=1 icon=32 
MoveObject: type=6 stepAdvance=1 stepRecede=1 timeStopStart=0 timeStopEnd=0 posStart=2562;4936 posEnd=2562;4936 posCurrent=2562;4936 step=1 time=0 phase=712 channel=10 icon=22 
MoveObject: type=5 stepAdvance=1 stepRecede=1 timeStopStart=0 timeStopEnd=0 posStart=3138;4932 posEnd=3138;4932 posCurrent=3138;4932 step=1 time=0 phase=712 channel=10 icon=5 
MoveObject: type=5 stepAdvance=1 stepRecede=1 timeStopStart=0 timeStopEnd=0 posStart=2242;3972 posEnd=2242;3972 posCurrent=2242;3972 step=1 time=0 phase=712 channel=10 icon=5 
MoveObject: type=5 stepAdvance=1 stepRecede=1 timeStopStart=0 timeStopEnd=0 posStart=2434;4100 posEnd=2434;4100 posCurrent=2434;4100 step=1 time=0 phase=712 channel=10 icon=5 
MoveObject: type=5 stepAdvance=1 stepRecede=1 timeStopStart=0 timeStopEnd=0 posStart=2434;2756 posEnd=2434;2756 posCurrent=2434;2756 step=1 time=0 phase=712 channel=10 icon=5 
MoveObject: type=5 stepAdvance=1 stepRecede=1 timeStopStart=0 timeStopEnd=0 posStart=2242;3524 posEnd=2242;3524 posCurrent=2242;3524 step=1 time=0 phase=712 channel=10 icon=5 
MoveObject: type=5 stepAdvance=1 stepRecede=1 timeStopStart=0 timeStopEnd=0 posStart=2690;2756 posEnd=2690;2756 posCurrent=2690;2756 step=1 time=0 phase=712 channel=10 icon=5 
MoveObject: type=1 stepAdvance=50 stepRecede=50 timeStopStart=10 timeStopEnd=10 posStart=4160;4864 posEnd=4480;4864 posCurrent=4359;4864 step=4 time=19 phase=712 channel=1 icon=284 
MoveObject: type=6 stepAdvance=1 stepRecede=1 timeStopStart=0 timeStopEnd=0 posStart=4930;4232 posEnd=4930;4232 posCurrent=4930;4232 step=1 time=0 phase=712 channel=10 icon=22 
MoveObject: type=16 stepAdvance=30 stepRecede=30 timeStopStart=0 timeStopEnd=0 posStart=3136;6272 posEnd=3328;6272 posCurrent=3180;6272 step=2 time=7 phase=712 channel=10 icon=69 
MoveObject: type=6 stepAdvance=1 stepRecede=1 timeStopStart=0 timeStopEnd=0 posStart=3138;5704 posEnd=3138;5704 posCurrent=3138;5704 step=1 time=0 phase=712 channel=10 icon=22 
MoveObject: type=16 stepAdvance=10 stepRecede=10 timeStopStart=0 timeStopEnd=0 posStart=3200;5824 posEnd=3200;5888 posCurrent=3200;5869 step=4 time=3 phase=712 channel=10 icon=69 
MoveObject: type=16 stepAdvance=20 stepRecede=20 timeStopStart=0 timeStopEnd=0 posStart=3712;6272 posEnd=3840;6272 posCurrent=3756;6272 step=2 time=7 phase=712 channel=10 icon=69 
MoveObject: type=6 stepAdvance=1 stepRecede=1 timeStopStart=0 timeStopEnd=0 posStart=4418;3656 posEnd=4418;3656 posCurrent=4418;3656 step=1 time=0 phase=712 channel=10 icon=22 
MoveObject: type=16 stepAdvance=30 stepRecede=30 timeStopStart=0 timeStopEnd=0 posStart=4224;6208 posEnd=4416;6208 posCurrent=4268;6208 step=2 time=7 phase=712 channel=10 icon=69 
MoveObject: type=5 stepAdvance=1 stepRecede=1 timeStopStart=0 timeStopEnd=0 posStart=4162;5380 posEnd=4162;5380 posCurrent=4162;5380 step=1 time=0 phase=712 channel=10 icon=5 
MoveObject: type=16 stepAdvance=10 stepRecede=10 timeStopStart=0 timeStopEnd=0 posStart=4096;5312 posEnd=4096;5376 posCurrent=4096;5357 step=4 time=3 phase=712 channel=10 icon=69 
MoveObject: type=12 stepAdvance=1 stepRecede=1 timeStopStart=0 timeStopEnd=0 posStart=4544;5824 posEnd=4544;5824 posCurrent=4544;5824 step=1 time=0 phase=712 channel=1 icon=33 
MoveObject: type=4 stepAdvance=120 stepRecede=120 timeStopStart=20 timeStopEnd=20 posStart=4736;5248 posEnd=4480;5248 posCurrent=4480;5248 step=3 time=2 phase=712 channel=10 icon=65 
MoveObject: type=5 stepAdvance=1 stepRecede=1 timeStopStart=0 timeStopEnd=0 posStart=4290;4292 posEnd=4290;4292 posCurrent=4290;4292 step=1 time=0 phase=712 channel=10 icon=5 
MoveObject: type=16 stepAdvance=20 stepRecede=20 timeStopStart=0 timeStopEnd=0 posStart=4160;4032 posEnd=4288;4032 posCurrent=4204;4032 step=2 time=7 phase=712 channel=10 icon=69 
MoveObject: type=5 stepAdvance=1 stepRecede=1 timeStopStart=0 timeStopEnd=0 posStart=4802;3972 posEnd=4802;3972 posCurrent=4802;3972 step=1 time=0 phase=712 channel=10 icon=5 
MoveObject: type=1 stepAdvance=54 stepRecede=54 timeStopStart=3 timeStopEnd=3 posStart=2560;3072 posEnd=2560;3648 posCurrent=2560;3072 step=2 time=0 phase=712 channel=1 icon=261 
MoveObject: type=6 stepAdvance=1 stepRecede=1 timeStopStart=0 timeStopEnd=0 posStart=3778;3848 posEnd=3778;3848 posCurrent=3778;3848 step=1 time=0 phase=712 channel=10 icon=22 
MoveObject: type=6 stepAdvance=1 stepRecede=1 timeStopStart=0 timeStopEnd=0 posStart=4930;5896 posEnd=4930;5896 posCurrent=4930;5896 step=1 time=0 phase=712 channel=10 icon=22 
MoveObject: type=6 stepAdvance=1 stepRecede=1 timeStopStart=0 timeStopEnd=0 posStart=4994;4936 posEnd=4994;4936 posCurrent=4994;4936 step=1 time=0 phase=712 channel=10 icon=22 
MoveObject: type=6 stepAdvance=1 stepRecede=1 timeStopStart=0 timeStopEnd=0 posStart=4418;5192 posEnd=4418;5192 posCurrent=4418;5192 step=1 time=0 phase=712 channel=10 icon=22 
MoveObject: type=40 stepAdvance=1 stepRecede=1 timeStopStart=0 timeStopEnd=0 posStart=4610;4808 posEnd=4610;4808 posCurrent=4610;4808 step=1 time=0 phase=712 channel=10 icon=192 
MoveObject: type=40 stepAdvance=1 stepRecede=1 timeStopStart=0 timeStopEnd=0 posStart=3970;5960 posEnd=3970;5960 posCurrent=3970;5960 step=1 time=0 phase=712 channel=10 icon=192 
MoveObject: type=1 stepAdvance=40 stepRecede=40 timeStopStart=10 timeStopEnd=10 posStart=4608;4288 posEnd=4864;4288 posCurrent=4704;4288 step=4 time=25 phase=712 channel=1 icon=338 
MoveObject: type=2 stepAdvance=1 stepRecede=1 timeStopStart=0 timeStopEnd=0 posStart=2178;6020 posEnd=2178;6020 posCurrent=2178;6020 step=1 time=0 phase=712 channel=10 icon=16 
MoveObject: type=2 stepAdvance=1 stepRecede=1 timeStopStart=0 timeStopEnd=0 posStart=2242;6020 posEnd=2242;6020 posCurrent=2242;6020 step=1 time=0 phase=712 channel=10 icon=16 
MoveObject: type=6 stepAdvance=1 stepRecede=1 timeStopStart=0 timeStopEnd=0 posStart=2050;1992 posEnd=2050;1992 posCurrent=2050;1992 step=1 time=0 phase=712 channel=10 icon=22 
MoveObject: type=2 stepAdvance=1 stepRecede=1 timeStopStart=0 timeStopEnd=0 posStart=2306;6020 posEnd=2306;6020 posCurrent=2306;6020 step=1 time=0 phase=712 channel=10 icon=16 
MoveObject: type=2 stepAdvance=1 stepRecede=1 timeStopStart=0 timeStopEnd=0 posStart=2370;6020 posEnd=2370;6020 posCurrent=2370;6020 step=1 time=0 phase=712 channel=10 icon=16 
MoveObject: type=2 stepAdvance=1 stepRecede=1 timeStopStart=0 timeStopEnd=0 posStart=2434;6020 posEnd=2434;6020 posCurrent=2434;6020 step=1 time=0 phase=712 channel=10 icon=16 
MoveObject: type=2 stepAdvance=1 stepRecede=1 timeStopStart=0 timeStopEnd=0 posStart=2562;6084 posEnd=2562;6084 posCurrent=2562;6084 step=1 time=0 phase=712 channel=10 icon=16 
