DescFile: posDecor=3350;3770 dimDecor=100;100 world=0 music=1 region=10 blupiPos=3778;4102 blupiDir=2 
Decor: 
,,,,,,,,,,,,,,,,,,,,,,,,,,,,,,,,,,,82,83,81,82,82,79,84,81,83,83,82,79,78,81,80,84,79,83,80,84,83,81,83,83,79,81,81,81,81,,,,,,,,,,,,,,,,,,,,,,,,,,,,,,,,,,,,
,,,,,,,,,,,,,,,,,,,,,,,,,,,,,,,,,,,80,83,82,79,81,83,84,82,83,81,79,82,83,78,80,81,82,201,201,201,81,79,82,81,81,81,81,81,81,,,,,,,,,,,,,,,,,,,,,,,,,,,,,,,,,,,,
,,,,,,,,,,,,,,,,,,,,,,,,,,,,,,,,,,,78,80,81,82,83,84,82,201,79,81,82,81,80,80,79,84,201,201,201,201,201,82,79,80,80,82,81,81,81,,,,,,,,,,,,,,,,,,,,,,,,,,,,,,,,,,,,
,,,,,,,,,,,,,,,,,,,,,,,,,,,,,,,,,,,78,84,81,78,81,81,82,201,80,80,78,84,83,83,82,82,201,201,80,201,201,78,79,78,81,84,81,81,81,,,,,,,,,,,,,,,,,,,,,,,,,,,,,,,,,,,,
,,,,,,,,,,,,,,,,,,,,,,,,,,,,,,,,,,,79,83,83,83,83,81,80,201,84,83,78,79,84,83,82,81,,80,79,78,,83,82,80,81,83,81,81,81,,,,,,,,,,,,,,,,,,,,,,,,,,,,,,,,,,,,
,,,,,,,,,,,,,,,,,,,,,,,,,,,,,,,,,,,83,79,84,83,79,81,79,201,82,79,78,83,81,83,82,78,200,81,81,78,200,78,78,84,81,83,81,81,81,,,,,,,,,,,,,,,,,,,,,,,,,,,,,,,,,,,,
,,,,,,,,,,,,,,,,,,,,,,,,,,,,,,,,,,,79,78,84,84,82,84,79,201,83,80,83,81,80,80,79,80,,81,79,78,,82,79,82,81,78,81,81,81,,,,,,,,,,,,,,,,,,,,,,,,,,,,,,,,,,,,
,,,,,,,,,,,,,,,,,,,,,,,,,,,,,,,,,,,78,80,80,79,84,78,79,201,78,83,82,83,78,81,78,201,201,201,84,201,201,84,81,80,84,83,81,81,81,,,,,,,,,,,,,,,,,,,,,,,,,,,,,,,,,,,,
,,,,,,,,,,,,,,,,,,,,,,,,,,,,,,,,,,,83,82,80,82,84,201,201,201,78,78,81,83,79,78,80,201,201,201,201,201,201,83,83,84,83,82,81,81,81,,,,,,,,,,,,,,,,,,,,,,,,,,,,,,,,,,,,
,,,,,,,,,,,,,,,,,,,,,,,,,,,,,,,,,,,78,83,84,80,81,,,,63,84,201,201,201,84,201,201,201,78,78,201,78,83,81,81,81,82,81,81,81,,,,,,,,,,,,,,,,,,,,,,,,,,,,,,,,,,,,
,,,,,,,,,,,,,,,,,,,,,,,,,,,,,,,,,,,80,79,82,78,79,,,,,201,201,84,201,201,201,84,84,80,80,201,201,84,78,84,84,82,81,81,81,,,,,,,,,,,,,,,,,,,,,,,,,,,,,,,,,,,,
,,,,,,,,,,,,,,,,,,,,,,,,,,,,,,,,,,,81,83,83,82,84,,,,64,82,83,79,79,78,81,80,78,78,83,201,81,82,79,82,81,83,81,81,81,,,,,,,,,,,,,,,,,,,,,,,,,,,,,,,,,,,,
,,,,,,,,,,,,,,,,,,,,,,,,,,,,,,,,,,,84,84,81,83,80,,,,84,81,80,80,78,84,78,80,83,80,84,,80,83,82,80,82,78,81,81,81,,,,,,,,,,,,,,,,,,,,,,,,,,,,,,,,,,,,
,,,,,,,,,,,,,,,,,,,,,,,,,,,,,,,,,,,82,83,81,83,82,,,,201,63,84,84,78,82,80,83,84,78,79,,82,80,83,78,82,84,81,81,81,,,,,,,,,,,,,,,,,,,,,,,,,,,,,,,,,,,,
,,,,,,,,,,,,,,,,,,,,,,,,,,,,,,,,,,,79,83,79,83,80,,,,201,,63,78,84,83,84,80,83,80,78,,84,81,79,83,79,80,81,81,81,,,,,,,,,,,,,,,,,,,,,,,,,,,,,,,,,,,,
,,,,,,,,,,,,,,,,,,,,,,,,,,,,,,,,,,,79,80,81,82,84,,,,201,,,92,84,78,80,79,80,79,81,,83,84,83,84,82,78,81,81,81,,,,,,,,,,,,,,,,,,,,,,,,,,,,,,,,,,,,
,,,,,,,,,,,,,,,,,,,,,,,,,,,,,,,,,,,82,79,78,83,84,,,,201,,,92,84,79,82,78,82,84,80,201,81,84,79,79,80,83,81,81,81,,,,,,,,,,,,,,,,,,,,,,,,,,,,,,,,,,,,
,,,,,,,,,,,,,,,,,,,,,,,,,,,,,,,,,,,83,78,84,83,83,,,,201,,,92,84,83,84,78,79,80,78,201,201,82,83,83,83,78,81,81,81,,,,,,,,,,,,,,,,,,,,,,,,,,,,,,,,,,,,
,,,,,,,,,,,,,,,,,,,,,,,,,,,,,,,,,,,83,83,81,84,81,,,,201,,,92,84,82,81,80,81,79,79,201,78,81,80,84,78,81,81,81,81,,,,,,,,,,,,,,,,,,,,,,,,,,,,,,,,,,,,
,,,,,,,,,,,,,,,,,,,,,,,,,,,,,,,,,,,79,82,78,81,79,,,,201,,,92,84,83,84,81,81,83,80,,81,78,78,81,81,82,81,81,78,,,,,,,,,,,,,,,,,,,,,,,,,,,,,,,,,,,,
,,,,,,,,,,,,,,,,,,,,,,,,,,,,,,,,,,,79,83,83,84,84,,,,201,,,92,84,81,83,83,79,79,84,,84,80,79,78,81,78,81,81,84,,,,,,,,,,,,,,,,,,,,,,,,,,,,,,,,,,,,
,,,,,,,,,,,,,,,,,,,,,,,,,,,,,,,,,,,82,80,83,78,78,,,,201,,,92,84,82,78,82,80,83,83,,84,84,82,78,84,84,81,80,79,,,,,,,,,,,,,,,,,,,,,,,,,,,,,,,,,,,,
,,,,,,,,,,,,,,,,,,,,,,,,,,,,,,,,,,,81,82,84,81,83,,,64,201,,,92,84,82,79,82,78,78,82,,82,79,79,81,83,81,81,83,79,,,,,,,,,,,,,,,,,,,,,,,,,,,,,,,,,,,,
,,,,,,,,,,,,,,,,,,,,,,,,,,,,,,,,,,,79,83,82,78,83,200,200,78,201,,,92,84,84,81,84,84,79,81,201,82,82,79,82,82,80,81,84,81,,,,,,,,,,,,,,,,,,,,,,,,,,,,,,,,,,,,
,,,,,,,,,,,,,,,,,,,,,,,,,,,,,,,,,,,82,79,79,79,81,,,63,201,,,92,84,82,84,84,80,80,82,201,201,82,84,83,81,81,81,81,78,,,,,,,,,,,,,,,,,,,,,,,,,,,,,,,,,,,,
,,,,,,,,,,,,,,,,,,,,,,80,82,83,83,82,81,84,83,79,82,82,82,79,82,83,82,83,79,,,,201,,,92,84,83,80,79,84,78,84,201,78,79,84,82,78,80,81,81,84,,,,,,,,,,,,,,,,,,,,,,,,,,,,,,,,,,,,
,,,,,,,,,,,,,,,,,,,,,,79,78,79,84,78,81,79,79,84,80,80,84,83,82,78,80,80,80,,,,201,,,92,84,84,79,80,78,82,80,,80,79,81,81,84,83,81,82,82,,,,,,,,,,,,,84,83,80,,,,,,,,,,,,,,,,,,,,,
,,,,,,,,,,,,,,,,,,,,,,80,80,83,78,79,79,83,78,81,83,82,84,78,80,80,80,82,83,,,,201,,,92,84,79,79,81,81,79,81,,80,84,78,84,81,81,80,83,78,,,,,,,,,,,,81,78,79,83,,,,,,,,,,,,,,,,,,,,,
,,,,,,,,,,,,,,,,,,,,,,78,83,80,81,83,80,78,82,81,84,78,79,82,78,82,83,83,78,,,,201,,,92,84,79,82,78,78,79,78,,78,84,79,80,84,80,84,81,83,,,,,,,,,,,,80,78,81,80,,,,,,,,,,,,,,,,,,,,,
,,,,,,,,,,,,,,,,,,,,,,80,81,84,78,79,80,81,84,83,82,84,79,82,78,81,81,80,84,,,,201,,,92,84,81,81,81,83,84,80,,84,82,78,78,84,84,78,80,80,,,,,,,,,,,,79,80,79,82,,,,,,,,,,,,,,,,,,,,,
,,,,,,,,,,,,,,,,,,,,,,82,78,80,83,79,80,82,79,80,82,80,79,84,83,84,78,81,83,,,,201,,,92,84,82,80,80,82,81,78,201,84,80,80,84,83,84,78,82,79,,,,,,,,,,,,,82,83,78,,,,,,,,,,,,,,,,,,,,,
,,,,,,,,,,,,,,,,,,,,,,82,79,83,83,81,82,84,78,83,83,78,80,78,80,83,81,80,78,,,,201,,,92,84,79,79,78,83,80,78,201,201,81,83,81,84,79,83,78,84,,,,,,,,,,,,,,80,82,,,,,,,,,,,,,,,,,,,,,
,,,,,,,,,,,,,,,,,,,,,,84,81,79,78,84,81,83,83,80,81,83,79,78,83,83,84,83,82,,,,201,,,92,84,84,78,84,84,82,83,201,82,83,83,81,78,81,83,82,84,,,,,,,,,,,,,,84,84,,,,,,,,,,,,,,,,,,,,,
,,,,,,,,,,,,,,,,,,,,,,78,81,80,84,80,83,201,63,63,63,84,79,81,82,82,78,79,78,,,,201,64,64,92,84,82,83,79,82,78,84,,83,83,82,81,79,80,80,83,80,,,,,,,,,,,,,,82,84,,,,,,,,,,,,,,,,,,,,,
,,,,,,,,,,,,,,,,,,,,,,81,79,79,78,79,87,,,90,,63,84,84,80,82,79,84,82,201,201,201,83,79,84,83,83,83,80,78,84,81,80,,80,83,83,82,81,81,82,79,,,,,,,,,,,,,,,78,84,,,,,,,,,,,,,,,,,,,,,
,,,,,,,,,,,,,,,,,,,,,,81,84,81,83,88,,,,81,200,200,79,84,84,84,83,81,78,201,201,201,81,81,80,78,78,79,81,78,80,83,82,,81,84,84,81,84,81,79,81,,,,,,,,,,,,,,,84,81,,,,,,,,,,,,,,,,,,,,,
,,,,,,,,,,,,,,,,,,,,,,84,79,79,81,,,,230,81,,,82,82,79,81,80,81,82,79,201,79,78,78,84,82,83,84,80,83,78,84,83,,82,82,79,78,79,81,78,84,,,,,,,,,,,,,,,,,,,,,,,,,,,,,,,,,,,,,
,,,,,,,,,,,,,,,,,,,,,,84,82,81,81,90,,,,81,200,200,79,84,80,82,80,80,82,79,,83,84,82,82,78,79,83,80,80,80,80,83,201,78,83,83,82,84,83,79,83,,,,,,,,,,,,,,,78,80,,,,,,,,,,,,,,,,,,,,,
,,,,,,,,,,,,,,,,,,,,,,80,78,79,84,80,89,,,88,,,81,82,80,83,83,80,79,78,,82,79,82,80,80,82,78,82,84,78,79,78,201,201,81,81,83,84,82,79,82,,,,,,,,,,,,,,,80,83,,,,,,,,,,,,,,,,,,,,,
,,,,,,,,,,,,,,,,,,,,,,82,79,81,82,83,84,201,,,,,81,82,84,82,82,83,84,84,,78,82,81,81,80,78,78,80,83,78,84,84,201,80,79,82,79,81,82,80,81,,,,,,,,,,,,,,,78,80,,,,,,,,,,,,,,,,,,,,,
,,,,,,,,,,,,,,,,,,,,,,80,84,82,79,81,83,201,201,201,201,201,80,84,82,81,82,78,82,81,200,80,82,78,80,78,81,83,84,82,83,87,63,,78,81,78,81,82,83,80,81,,,,,,,,,,,,,,,82,84,78,78,79,84,78,82,80,,,,,,,,,,,,,,
,,,,,,,,,,,,,,,,,,,,,,84,84,78,84,83,83,201,,,,,201,84,82,84,84,78,82,84,,83,78,83,80,84,78,83,81,84,87,,,,84,82,79,83,84,78,83,82,,,,,,,,,,,,,,,83,80,81,79,82,78,78,81,80,,,,,,,,,,,,,,
,,,,,,,,,,,,,,,,,,,,,,84,80,83,80,79,78,201,,,,,201,201,84,79,80,80,82,81,,82,78,84,84,84,84,81,80,81,,,,,79,81,82,78,84,82,78,79,,,,,,,,,,,,,,,81,81,78,79,80,82,79,78,83,,,84,83,84,80,83,81,81,,,,,
,,,,,,,,,,,,,,,,,,,,,,80,84,84,82,83,82,201,201,201,201,201,83,201,201,79,81,80,83,82,,83,83,83,80,79,79,78,84,81,,,,,79,83,81,78,80,78,80,78,,,,,,,,,,,,,,,79,79,83,84,82,83,81,81,80,,,79,81,79,83,78,82,82,,,,,
,,,,,,,,,,,,,,,,,,,,,,81,84,84,84,81,81,201,,,,,80,,,63,81,80,81,82,,79,82,80,83,79,82,82,80,79,89,,,,81,80,80,78,81,82,79,81,,,,,,,,,,,,,,,81,80,83,78,84,79,78,78,79,,,81,84,82,79,79,79,78,,,,,
,,,,,,,,,,,,,,,,,,,,,,79,80,80,82,83,83,201,,,,,82,,,,80,81,82,80,201,84,80,81,79,84,82,78,83,78,84,89,,64,81,83,82,83,78,84,83,79,,,,,,,,,,,,,,,81,83,79,79,83,80,82,84,81,,,79,80,79,83,79,81,79,,,,,
,,,,,,,,,,,,,,,,,,,,,,83,81,78,79,83,82,201,,,,,80,201,201,201,201,201,201,201,201,84,84,79,83,80,78,78,81,80,84,78,201,79,82,84,80,84,78,84,82,82,,,,,,,,,,,,,,,80,78,84,84,81,81,82,79,84,,,81,81,84,84,84,80,83,80,,,,
,,,,,,,,,,,,,,,,,,,,,,78,79,80,78,81,78,201,,,,,82,,,,,,,,,84,81,78,82,80,79,80,78,84,80,84,201,84,78,82,84,79,80,84,81,79,,,,,,,,,,,,,,,79,84,81,78,83,81,84,81,79,,,79,80,80,81,83,82,82,78,,,,
,,,,,,,,,,,,,,,,,,,,,,83,83,84,78,83,81,201,,,,,79,,,,,359,355,,,79,78,79,81,82,80,78,79,81,81,80,422,80,80,82,79,83,78,78,79,83,80,84,82,82,84,84,79,79,78,79,79,,,,78,83,84,84,79,83,80,81,80,,,84,81,84,82,83,81,80,81,,,,
,,,,,,,,,,,,,,,,,,,,,,79,84,80,81,82,78,201,,,,81,83,,,,,,351,,,81,83,78,78,84,78,78,83,80,83,81,201,84,81,80,81,81,82,79,82,83,80,81,79,81,78,81,84,84,81,80,79,,,,84,81,79,78,79,78,78,83,82,82,83,83,83,81,79,79,82,84,79,,,,
,,,,,,,,,,,,,,,,,,,,,,79,80,83,79,82,81,201,,,,83,83,,,,,,351,,,82,82,83,82,82,82,84,81,82,79,78,201,81,84,79,81,82,78,78,80,78,79,81,80,82,79,80,79,81,78,84,79,,,,82,81,83,78,79,80,81,80,79,79,81,78,78,79,78,82,80,83,84,,,,
,,,,,,,,,,,,,,,,,,,,,,84,79,80,82,79,81,201,,,,,79,,,,,359,356,,,84,80,83,80,83,87,63,63,201,201,201,201,80,78,78,82,78,84,79,81,83,83,82,78,84,78,81,79,82,78,79,78,,,,78,80,84,82,84,78,83,81,79,83,79,82,82,81,81,84,78,83,80,,,,
,,,,,,,,,,,,,,,,,,,,,,79,83,79,78,81,78,201,,,,,78,,,,,,,,,79,84,81,82,81,,,,,,,,79,83,79,81,81,82,78,82,82,83,84,79,83,78,82,79,79,81,81,79,,,,80,79,80,80,81,83,81,81,80,82,79,81,83,78,78,84,81,79,80,,,,
,,,,,,,,,,,,,,,,,,,,,,80,83,81,79,78,80,201,,,,,201,201,201,84,201,201,201,201,201,80,84,83,80,79,,,,359,355,,,84,83,84,78,80,79,81,83,78,80,83,82,79,78,82,82,82,81,79,82,,,,83,81,84,82,82,83,79,81,79,81,80,80,84,82,79,84,81,82,83,,,,
,,,,,,,,,,,,,,,,,,,,,,84,78,79,82,83,80,201,,,,,80,82,83,80,201,83,79,83,201,83,81,79,79,80,,,,,351,,,84,81,81,80,83,83,82,84,84,83,78,80,83,78,83,81,81,82,78,78,,,,83,83,84,78,78,83,79,80,84,81,78,83,78,83,78,79,81,83,81,,,,
,,,,,,,,,,,,,,,,,,,,,,78,79,84,78,78,78,201,,,,,78,81,84,78,201,83,78,80,,78,82,83,80,84,,,,,351,,,84,79,78,78,80,80,79,80,83,84,82,83,82,78,80,81,84,80,82,78,,,,80,82,82,82,81,81,83,79,84,80,79,84,83,84,80,80,82,79,78,,,,
,,,,,,,,,,,,,,,,,,,,,,80,80,80,81,81,78,201,,,,,80,79,84,83,82,82,84,82,,84,82,82,78,84,,,,,351,,,81,83,81,84,81,83,84,78,82,79,83,80,80,78,81,82,81,81,84,83,,,,82,78,82,83,80,84,79,81,81,78,84,78,79,82,84,78,79,83,82,,,,
,,,,,,,,,,,,,,,,,,,,,,84,80,83,78,83,80,201,,,,,83,84,78,83,81,82,82,81,201,80,79,79,84,83,,,,,347,349,349,81,83,84,80,78,83,83,81,83,83,78,78,78,78,83,83,83,78,82,84,,,,81,81,78,79,83,84,84,78,80,80,79,82,84,79,78,80,81,78,81,,,,
,,,,,,,,,,,,,,,,,,,,,,79,78,81,80,79,80,201,,,,,83,81,84,83,81,83,81,87,,84,79,79,84,80,,,,,362,350,350,84,79,83,79,81,84,87,63,63,63,63,78,78,82,82,82,84,78,82,84,,,,80,81,84,82,81,79,78,78,,,,,,,,,,,,,,,
,,,,,,,,,,,,,,,,,,,,,,84,81,82,81,80,84,201,,,,,80,81,84,80,83,82,80,,,78,82,83,78,84,,,,,351,,,84,78,79,78,80,81,,,,,,78,78,78,83,81,81,81,83,81,,,,84,79,80,79,84,79,84,81,,,,,,,,,,,,,,,
,,,,,,,,,,,,,,,,,,,,,,81,84,82,78,80,78,201,,,,,79,84,83,83,84,83,83,89,64,82,83,81,78,83,,,,,351,,,80,79,78,81,78,79,,,,,64,79,83,78,78,79,80,84,78,81,,,,82,78,83,79,78,79,81,83,,,,,,,,,,,,,,,
,,,,,,,,,,,,,,,,,,,,,,78,78,83,80,81,78,201,,,,,84,80,78,81,84,79,82,80,83,83,79,80,83,82,,,,,351,,,82,84,83,81,82,80,201,201,201,201,84,78,79,79,82,80,83,84,83,82,,,,80,84,81,79,78,82,80,78,,,,,,,,,,,,,,,
,,,,,,,,,,,,,,,,,,,,,,81,78,79,82,82,84,201,,,,,79,81,79,78,84,80,82,84,81,79,79,84,78,81,,,,359,356,,,83,82,80,82,82,83,,,,,63,81,82,81,78,81,84,80,83,78,,,,84,78,83,79,79,80,83,82,,,,,,,,,,,,,,,
,,,,,,,,,,,,,,,,,,,,,,84,84,81,80,83,79,201,,,,,81,78,79,80,78,79,82,84,83,82,80,78,79,79,,,,,,,,78,78,80,78,80,78,,,,,,81,78,80,82,79,81,83,78,81,,,,82,83,80,80,78,81,80,83,,,,,,,,,,,,,,,
,,,,,,,,,,,,,,,,,,,,,,78,78,80,82,80,80,201,,,,,79,79,81,82,83,78,78,83,82,84,78,83,83,81,89,64,64,201,201,201,201,81,80,83,79,81,84,,,,,,81,84,84,80,80,78,82,83,83,,,,80,82,81,81,79,81,80,82,,,,,,,,,,,,,,,
,,,,,,,,,,,,,,,,,,,,,,78,82,79,80,81,79,78,,,,,79,81,78,78,81,82,78,78,79,79,83,81,80,79,80,80,78,78,78,201,79,81,78,80,84,83,83,,,,,,81,82,79,84,82,84,80,80,79,,,,,,,,80,,,,,,,,,,,,,,,,,,
,,,,,,,,,,,,,,,,,,,,,,83,82,78,82,80,83,78,89,64,64,64,78,78,81,82,78,78,78,81,83,83,81,81,82,78,80,83,80,81,81,201,79,80,83,83,80,82,82,,,,,,81,78,78,83,79,78,81,82,82,,,,,,,,,,,,,,,,,,,,,,,,,,
,,,,,,,,,,,,,,,,,,,,,,82,84,78,84,79,80,84,83,79,84,83,80,82,79,82,80,84,84,80,81,78,81,78,83,79,79,82,82,84,83,201,79,84,78,84,81,78,83,,,,,,81,78,83,78,78,79,81,81,80,,,,,,,,,,,,,,,,,,,,,,,,,,
,,,,,,,,,,,,,,,,,,,,,,79,79,83,79,78,78,83,82,81,82,84,81,84,81,78,79,84,84,81,83,82,82,82,79,78,84,82,82,83,79,,63,84,84,83,81,79,81,,,,,,81,78,78,80,82,81,78,78,82,,,,,,,,,,,,,,,,,,,,,,,,,,
,,,,,,,,,,,,,,,,,,,,,,81,84,83,82,81,81,83,80,79,82,78,84,81,79,83,81,80,82,80,83,80,78,82,80,82,80,78,81,79,82,,,79,84,80,81,83,83,,,,,,81,80,79,78,82,84,82,81,84,,,,,,,,,,,,,,,,,,,,,,,,,,
,,,,,,,,,,,,,,,,,,,,,,83,82,84,80,78,81,83,79,82,78,84,81,81,78,84,81,78,81,79,80,78,82,78,82,81,81,83,80,83,82,,,201,81,84,83,83,82,,,,,,81,79,78,81,81,82,78,79,84,,,,,,,,,,,,,,,,,,,,,,,,,,
,,,,,,,,,,,,,,,,,,,,,,80,83,80,83,80,82,82,82,79,83,79,79,81,81,83,82,83,82,79,80,83,79,78,84,81,83,81,84,82,79,,,79,82,79,79,79,78,,,,,,81,78,81,81,79,82,82,84,83,,,,,,,,,,,,,,,,,,,,,,,,,,
,,,,,,,,,,,,,,,,,,,,,,82,78,84,84,80,82,83,80,80,79,81,82,78,84,78,84,80,82,84,81,78,83,79,81,79,84,83,83,79,83,201,201,81,80,81,82,78,83,,,,,,81,80,81,80,80,80,78,81,83,,,,,,,,,,,,,,,,,,,,,,,,,,
,,,,,,,,,,,,,,,,,,,,,,79,83,80,84,81,79,81,79,82,81,82,82,83,81,78,82,78,84,80,83,84,83,79,84,84,84,80,82,84,63,,,79,84,83,78,79,82,,,,,,81,80,78,83,79,81,78,84,84,,,,,,,,,,,,,,,,,,,,,,,,,,
,,,,,,,,,,,,,,,,,,,,,,,,,,,,,,,,,,,,,,,,78,78,79,80,80,84,79,83,84,79,80,,,,78,78,79,84,84,79,,,,,,81,79,83,82,80,82,79,79,78,,,,,,,,,,,,,,,,,,,,,,,,,,
,,,,,,,,,,,,,,,,,,,,,,,,,,,,,,,,,,,,,,,,80,81,83,83,80,81,84,84,78,78,81,,,,79,81,82,79,82,83,,,,,64,81,79,81,84,78,80,82,83,80,,,,,,,,,,,,,,,,,,,,,,,,,,
,,,,,,,,,,,,,,,,,,,,,,,,,,,,,,,,,,,,,,,,84,79,82,81,84,84,78,79,84,83,81,,,,82,83,82,83,81,80,201,201,201,201,84,78,78,80,81,80,84,80,83,79,,,,,,,,,,,,,,,,,,,,,,,,,,
,,,,,,,,,,,,,,,,,,,,,,,,,,,,,,,,,,,,,,,,82,82,80,84,83,84,80,78,79,79,78,,,,84,78,82,81,78,82,,,,,63,78,78,84,78,82,84,80,80,81,,,,,,,,,,,,,,,,,,,,,,,,,,
,,,,,,,,,,,,,,,,,,,,,,,,,,,,,,,,,,,,,,,,78,83,84,80,78,83,84,84,82,79,82,,64,64,79,78,80,82,78,84,89,64,64,64,,83,78,80,79,84,78,84,81,80,,,,,,,,,,,,,,,,,,,,,,,,,,
,,,,,,,,,,,,,,,,,,,,,,,,,,,,,,,,,,,,,,,,82,84,83,82,84,78,83,82,80,80,84,201,82,82,83,79,79,80,80,80,81,81,78,79,201,84,80,80,80,80,81,83,82,84,,,,,,,,,,,,,,,,,,,,,,,,,,
,,,,,,,,,,,,,,,,,,,,,,,,,,,,,,,,,,,,,,,,81,83,81,82,80,79,83,78,80,84,80,201,81,79,84,79,82,78,80,79,82,80,78,84,,63,64,63,79,82,84,83,83,80,,,,,,,,,,,,,,,,,,,,,,,,,,
,,,,,,,,,,,,,,,,,,,,,,,,,,,,,,,,,,,,,,,,81,81,79,81,80,82,78,79,81,82,84,201,83,84,82,84,83,82,81,84,82,84,81,78,80,82,80,201,79,84,82,78,80,83,,,,,,,,,,,,,,,,,,,,,,,,,,
,,,,,,,,,,,,,,,,,,,,,,,,,,,,,,,,,,,,,,,,83,79,82,78,82,83,81,84,84,79,84,201,83,83,83,82,79,80,79,79,78,81,82,82,84,82,84,201,80,80,78,82,79,84,,,,,,,,,,,,,,,,,,,,,,,,,,
,,,,,,,,,,,,,,,,,,,,,,,,,,,,,,,,,,,,,,,,79,80,78,84,78,79,80,83,81,81,78,201,84,81,79,82,84,79,79,81,78,79,84,81,78,79,87,,84,84,82,82,81,79,,,,,,,,,,,,,,,,,,,,,,,,,,
,,,,,,,,,,,,,,,,,,,,,,,,,,,,,,,,,,,,,,,,80,82,79,80,84,82,78,84,80,78,201,201,201,83,84,83,63,63,63,78,78,81,81,82,80,87,,,79,84,79,83,81,78,,,,,,,,,,,,,,,,,,,,,,,,,,
,,,,,,,,,,,,,,,,,,,,,,,,,,,,,,,,,,,,,,,,78,80,82,84,83,80,84,78,82,201,201,201,201,201,81,84,,,,63,80,82,78,79,87,,,,79,82,78,78,82,82,,,,,,,,,,,,,,,,,,,,,,,,,,
,,,,,,,,,,,,,,,,,,,,,,,,,,,,,,,,,,,,,,,,79,79,81,79,82,84,80,84,63,,,84,,,63,81,,,,,63,80,82,87,,,,,81,79,83,83,80,84,,,,,,,,,,,,,,,,,,,,,,,,,,
,,,,,,,,,,,,,,,,,,,,,,,,,,,,,,,,,,,,,,,,83,84,78,79,84,81,82,81,,,,83,,,,79,,,,,,63,87,,,,,,84,83,84,81,83,82,,,,,,,,,,,,,,,,,,,,,,,,,,
,,,,,,,,,,,,,,,,,,,,,,,,,,,,,,,,,,,,,,,,82,84,84,81,82,79,84,201,,,,79,,,,201,201,201,201,201,201,201,201,201,201,201,201,201,82,82,84,79,84,83,,,,,,,,,,,,,,,,,,,,,,,,,,
,,,,,,,,,,,,,,,,,,,,,,,,,,,,,,,,,,,,,,,,82,80,82,80,81,80,81,78,,,,83,,,,78,,,,,,64,89,,,,,,81,81,83,78,78,84,,,,,,,,,,,,,,,,,,,,,,,,,,
,,,,,,,,,,,,,,,,,,,,,,,,,,,,,,,,,,,,,,,,78,78,79,84,82,79,84,79,64,,,84,,,64,78,,,,,64,80,81,89,,,,,84,80,81,84,83,78,,,,,,,,,,,,,,,,,,,,,,,,,,
,,,,,,,,,,,,,,,,,,,,,,,,,,,,,,,,,,,,,,,,84,84,83,78,78,82,80,83,79,201,201,201,201,201,81,78,,,,64,79,80,84,84,89,,,,82,80,84,78,84,78,,,,,,,,,,,,,,,,,,,,,,,,,,
,,,,,,,,,,,,,,,,,,,,,,,,,,,,,,,,,,,,,,,,79,84,79,83,78,78,79,84,84,82,201,201,201,82,84,84,64,64,64,81,84,82,78,84,78,89,,,83,84,82,78,79,83,,,,,,,,,,,,,,,,,,,,,,,,,,
,,,,,,,,,,,,,,,,,,,,,,,,,,,,,,,,,,,,,,,,83,84,82,78,82,84,80,81,79,83,81,201,83,82,78,80,81,81,83,81,84,83,80,84,79,82,89,,79,81,78,78,78,78,,,,,,,,,,,,,,,,,,,,,,,,,,
,,,,,,,,,,,,,,,,,,,,,,,,,,,,,,,,,,,,,,,,80,81,83,81,81,78,80,84,80,80,80,201,82,79,79,83,84,80,80,79,80,78,83,78,84,81,80,201,84,78,84,82,78,82,,,,,,,,,,,,,,,,,,,,,,,,,,
,,,,,,,,,,,,,,,,,,,,,,,,,,,,,,,,,,,,,,,,78,83,83,80,78,80,80,83,84,83,84,201,80,79,80,79,78,79,78,82,81,79,83,84,84,78,83,201,79,84,78,80,84,83,,,,,,,,,,,,,,,,,,,,,,,,,,
,,,,,,,,,,,,,,,,,,,,,,,,,,,,,,,,,,,,,,,,83,83,80,78,81,81,80,80,78,79,79,201,80,82,84,80,82,81,83,84,80,78,81,84,84,80,83,201,80,83,83,79,83,80,,,,,,,,,,,,,,,,,,,,,,,,,,
,,,,,,,,,,,,,,,,,,,,,,,,,,,,,,,,,,,,,,,,78,82,80,79,79,78,81,84,79,84,82,201,81,78,80,84,81,84,78,80,82,79,82,80,78,81,82,201,78,81,82,82,84,81,,,,,,,,,,,,,,,,,,,,,,,,,,
,,,,,,,,,,,,,,,,,,,,,,,,,,,,,,,,,,,,,,,,83,78,81,79,83,81,80,83,83,78,78,79,81,79,83,81,79,84,81,82,81,80,81,82,79,79,83,201,79,83,78,79,84,84,,,,,,,,,,,,,,,,,,,,,,,,,,
,,,,,,,,,,,,,,,,,,,,,,,,,,,,,,,,,,,,,,,,80,81,82,84,79,83,78,84,78,79,83,80,82,79,83,83,84,78,81,82,81,84,79,78,81,84,81,84,82,82,80,82,80,84,,,,,,,,,,,,,,,,,,,,,,,,,,
BigDecor: 
,,,,,,,,,,,,,,,,,,,,,,,,,,,,,,,,,,,,,,,,,,,,,,,,,,,,,,,,,,,,,,,,,,,,,,,,,,,,,,,,,,,,,,,,,,,,,,,,,,,
,,,,,,,,,,,,,,,,,,,,,,,,,,,,,,,,,,,,,,,,,,,,,,,,,,,,,,,,,,,,,,,,,,,,,,,,,,,,,,,,,,,,,,,,,,,,,,,,,,,
,,,,,,,,,,,,,,,,,,,,,,,,,,,,,,,,,,,,,,,,,,,,,,,,,,,,,,,,,,,,,,,,,,,,,,,,,,,,,,,,,,,,,,,,,,,,,,,,,,,
,,,,,,,,,,,,,,,,,,,,,,,,,,,,,,,,,,,,,,,,,,,,,,,,,,,,,,,,,,,,,,,,,,,,,,,,,,,,,,,,,,,,,,,,,,,,,,,,,,,
,,,,,,,,,,,,,,,,,,,,,,,,,,,,,,,,,,,,,,,,,,,,,,,,,,,,,,,,,,,,,,,,,,,,,,,,,,,,,,,,,,,,,,,,,,,,,,,,,,,
,,,,,,,,,,,,,,,,,,,,,,,,,,,,,,,,,,,,,,,,,,,,,,,,,,,,,,,,,,,,,,,,,,,,,,,,,,,,,,,,,,,,,,,,,,,,,,,,,,,
,,,,,,,,,,,,,,,,,,,,,,,,,,,,,,,,,,,,,,,,,,,,,,,,,,,,,,,,,,,,,,,,,,,,,,,,,,,,,,,,,,,,,,,,,,,,,,,,,,,
,,,,,,,,,,,,,,,,,,,,,,,,,,,,,,,,,,,,,,,,,,,,,,,,,,,,,,,,,,,,,,,,,,,,,,,,,,,,,,,,,,,,,,,,,,,,,,,,,,,
,,,,,,,,,,,,,,,,,,,,,,,,,,,,,,,,,,,,,,,,,,,,,,,,,,,,,,,,,,,,,,,,,,,,,,,,,,,,,,,,,,,,,,,,,,,,,,,,,,,
,,,,,,,,,,,,,,,,,,,,,,,,,,,,,,,,,,,,,,,,,,,,,,,,,,,,,,,,,,,,,,,,,,,,,,,,,,,,,,,,,,,,,,,,,,,,,,,,,,,
,,,,,,,,,,,,,,,,,,,,,,,,,,,,,,,,,,,,,,,,,,,,,,,,,,,,,,,,,,,,,,,,,,,,,,,,,,,,,,,,,,,,,,,,,,,,,,,,,,,
,,,,,,,,,,,,,,,,,,,,,,,,,,,,,,,,,,,,,,,,,,,,,,,,,,,,,,,,,,,,,,,,,,,,,,,,,,,,,,,,,,,,,,,,,,,,,,,,,,,
,,,,,,,,,,,,,,,,,,,,,,,,,,,,,,,,,,,,,,,,,,,,,,,,,,,,,,,,,,,,,,,,,,,,,,,,,,,,,,,,,,,,,,,,,,,,,,,,,,,
,,,,,,,,,,,,,,,,,,,,,,,,,,,,,,,,,,,,,,,,,,,,,,,,,,,,,,,,,,,,,,,,,,,,,,,,,,,,,,,,,,,,,,,,,,,,,,,,,,,
,,,,,,,,,,,,,,,,,,,,,,,,,,,,,,,,,,,,,,,,,,,,,,,,,,,,,,,,,,,,,,,,,,,,,,,,,,,,,,,,,,,,,,,,,,,,,,,,,,,
,,,,,,,,,,,,,,,,,,,,,,,,,,,,,,,,,,,,,,,,,,,,,,203,,,,,,,,,,,,,,,,,,,,,,,,,,,,,,,,,,,,,,,,,,,,,,,,,,,,,
,,,,,,,,,,,,,,,,,,,,,,,,,,,,,,,,,,,,,,,,,,,,,,,,,,,,,,,,,,,,,,,,,,,,,,,,,,,,,,,,,,,,,,,,,,,,,,,,,,,
,,,,,,,,,,,,,,,,,,,,,,,,,,,,,,,,,,,,,,,,,,,,,,,,,,,,,,,,,,,,,,,,,,,,,,,,,,,,,,,,,,,,,,,,,,,,,,,,,,,
,,,,,,,,,,,,,,,,,,,,,,,,,,,,,,,,,,,,,,,,,,,,,,,,,,,,,,,,,,,,,,,,,,,,,,,,,,,,,,,,,,,,,,,,,,,,,,,,,,,
,,,,,,,,,,,,,,,,,,,,,,,,,,,,,,,,,,,,,,,,,,,,,,,,,,,,,,,,,,,,,,,,,,,,,,,,,,,,,,,,,,,,,,,,,,,,,,,,,,,
,,,,,,,,,,,,,,,,,,,,,,,,,,,,,,,,,,,,,,,,,,,,,,,,,,,,,,,,,,,,,,,,,,,,,,,,,,,,,,,,,,,,,,,,,,,,,,,,,,,
,,,,,,,,,,,,,,,,,,,,,,,,,,,,,,,,,,,,,,,,,,,,,,203,,,,,,,,,,,,,,,,,,,,,,,,,,,,,,,,,,,,,,,,,,,,,,,,,,,,,
,,,,,,,,,,,,,,,,,,,,,,,,,,,,,,,,,,,,,,,,,,,,,,,,,,,,,,,,,,,,,,,,,,,,,,,,,,,,,,,,,,,,,,,,,,,,,,,,,,,
,,,,,,,,,,,,,,,,,,,,,,,,,,,,,,,,,,,,,,,,,,,,,,203,,,,,,,,,,,,,,,,,,,,,,,,,,,,,,,,,,,,,,,,,,,,,,,,,,,,,
,,,,,,,,,,,,,,,,,,,,,,,,,,,,,,,,,,,,,,,,,,,,,,,,,,,,,,,,,,,,,,,,,,,,,,,,,,,,,,,,,,,,,,,,,,,,,,,,,,,
,,,,,,,,,,,,,,,,,,,,,,,,,,,,,,,,,,,,,,,,,,,,,,,,,,,,,,,,,,,,,,,,,,,,,,,,,,,,,,,,,,,,,,,,,,,,,,,,,,,
,,,,,,,,,,,,,,,,,,,,,,,,,,,,,,,,,,,,,,,,,,,,,,,,,,,,,,,,,,,,,,,,,,,,,,,,,,,,,,,,,,,,,,,,,,,,,,,,,,,
,,,,,,,,,,,,,,,,,,,,,,,,,,,,,,,,,,,,,,,,,,,,,,,,,,,,,,,,,,,,,,,,,,,,,,,,,,,,,,,,,,,,,,,,,,,,,,,,,,,
,,,,,,,,,,,,,,,,,,,,,,,,,,,,,,,,,,,,,,,,,,,,,,,,,,,,,,,,,,,,,,,,,,,,,,,,,,,,,,,,,,,,,,,,,,,,,,,,,,,
,,,,,,,,,,,,,,,,,,,,,,,,,,,,,,,,,,,,,,,,,,,,,,203,,,,,,,,,,,,,,,,,,,,,,,,,,,,,,,,,,,,,,,,,,,,,,,,,,,,,
,,,,,,,,,,,,,,,,,,,,,,,,,,,,,,,,,,,,,,,,,,,,,,203,,,,,,,,,,,,,,,,,,,,,,,,,,,,,,,,,,,,,,,,,,,,,,,,,,,,,
,,,,,,,,,,,,,,,,,,,,,,,,,,,,,,,,,,,,,,,,,,,,,,,,,,,,,,,,,,,,,,,,,,,,,,,,,,,,,,,,,,,,,,,,,,,,,,,,,,,
,,,,,,,,,,,,,,,,,,,,,,,,,,,,,,,,,,,,,,,,,,,,,,203,,,,,,,,,,,,,,,,,,,,,,,,,,,,,,,,,,,,,,,,,,,,,,,,,,,,,
,,,,,,,,,,,,,,,,,,,,,,,,,,,,,,,,,,,,,,,,,,,,,,,,,,,,,,,,,,,,,,,,,,,,,,,,,,,,,,,,,,,,,,,,,,,,,,,,,,,
,,,,,,,,,,,,,,,,,,,,,,,,,,,,,,,,,,,,,,,,,,,,,,,,,,,,,,,,,,,,,,,,,,,,,,,,,,,,,,,,,,,,,,,,,,,,,,,,,,,
,,,,,,,,,,,,,,,,,,,,,,,,,,,,,,,,,,,,,,,,,,,,,,,,,,,,,,,,,,,,,,,,,,,,,,,,,,,,,,,,,,,,,,,,,,,,,,,,,,,
,,,,,,,,,,,,,,,,,,,,,,,,,,,,,,,,,,,,,,,,,,,,,,,,,,,,,,,,,,,,,,,,,,,,,,,,,,,,,,,,,,,,,,,,,,,,,,,,,,,
,,,,,,,,,,,,,,,,,,,,,,,,,,,,,,,,,,,,,,,,,,,,,,,,,,,,,,,,,,,,,,,,,,,,,,,,,,,,,,,,,,,,,,,,,,,,,,,,,,,
,,,,,,,,,,,,,,,,,,,,,,,,,,,,,,,,,,,,,,,,,,,,,,,,,,,,,,,,,,,,,,,,,,,,,,,,,,,,,,,,,,,,,,,,,,,,,,,,,,,
,,,,,,,,,,,,,,,,,,,,,,,,,,,,,,,,,,,,,,,,,,,,,,,,,,,,,,,,,,,,,,,,,,,,,,,,,,,,,,,,,,,,,,,,,,,,,,,,,,,
,,,,,,,,,,,,,,,,,,,,,,,,,,,,,,,,,,,,,,,,,,,,,,,,,,,,,,,,,,,,,,,,,,,,,,,,,,,,,,,,,,,,,,,,,,,,,,,,,,,
,,,,,,,,,,,,,,,,,,,,,,,,,,,,,,,,,,,,,,,,,,,,,,,,,,,,,,,,,,,,,,,,,,,,,,,,,,,,,,,,,,,,,,,,,,,,,,,,,,,
,,,,,,,,,,,,,,,,,,,,,,,,,,,,,,,,,,,,,,,,,,,,,,,,,,,,,,,,,,,,,,,,,,,,,,,,,,,,,,,,,,,,,,,,,,,,,,,,,,,
,,,,,,,,,,,,,,,,,,,,,,,,,,,,,,,,,,,,,,,,,,,,,,,,,,,,,,,,,,,,,,,,,,,,,,,,,,,,,,,,,,,,,,,,,,,,,,,,,,,
,,,,,,,,,,,,,,,,,,,,,,,,,,,,,,,,,,,,,,,,,,,,,,,,,,,,,,,,,,,,,,,,,,,,,,,,,,,,,,,,,,,,,,,,,,,,,,,,,,,
,,,,,,,,,,,,,,,,,,,,,,,,,,,,,,,,,,,,,,,,,,,,,,,,,,,,,,,,,,,,,,,,,,,,,,,,,,,,,,,,,,,,,,,,,,,,,,,,,,,
,,,,,,,,,,,,,,,,,,,,,,,,,,,,,,,,,,,,,,,,,,,,,,,,,,,,,,,,,,,,,,,,,,,,,,,,,,,,,,,,,,,,,,,,,,,,,,,,,,,
,,,,,,,,,,,,,,,,,,,,,,,,,,,,,,,30,,,,,,,,,,,,,,,,,,,,,,,,,,,,,,,,,,,,,,,,,,,,,,,,,,,,,,,,,,,,,,,,,,,,
,,,,,,,,,,,,,,,,,,,,,,,,,,,,,,,,,,,,,,,,,,,,,,,,,,,,,,,,,,,,,,,,,,,,,,,,,,,,,,,,,,,,,,,,,,,,,,,,,,,
,,,,,,,,,,,,,,,,,,,,,,,,,,,,,,30,,,,,,,,,,66,,,,,,,,,,,,,,,,,,,,,,,,,,,,,,,,,,,,,,,,,,,,,,,,,,,,,,,,,,,
,,,,,,,,,,,,,,,,,,,,,,,,,,,,,,,,,,,,,,,,,,,,,,,,,,,,,,,,,,,,,,,,,,,,,,,,,,,,,,,,,,,,,,,,,,,,,,,,,,,
,,,,,,,,,,,,,,,,,,,,,,,,,,,,,,,30,,,,,,,,,,,,,,,,,,,,,,,,,,,,,,,,,,,,,,,,,,,,,,,,,,,,,,,,,,,,,,,,,,,,
,,,,,,,,,,,,,,,,,,,,,,,,,,,,,,,,,,,,,,,,,,,,,,,,,,,,,,,,,,,,,,,,,,,,,,,,,,,,,,,,,,,,,,,,,,,,,,,,,,,
,,,,,,,,,,,,,,,,,,,,,,,,,,,,,,,,,,,,,,,,,,,,,,,,,,,,,,,,,,,,,,,,,,,,,,,,,,,,,,,,,,,,,,,,,,,,,,,,,,,
,,,,,,,,,,,,,,,,,,,,,,,,,,,,,,,,,,,,,,,,,,,,,,,,,,,,66,,,,,,,,,,,,,,,,,,,,,,,,,,,,,,,,,,,,,,,,,,,,,,,
,,,,,,,,,,,,,,,,,,,,,,,,,,,,,,,31,,,,,,,,,,,,,,,,,,,,,,,,,,,,,,,,,,,,,,,,,,,,,,,,,,,,,,,,,,,,,,,,,,,,
,,,,,,,,,,,,,,,,,,,,,,,,,,,,,,,,,,,,,,,,,,,,,,,,,,,,,,,,,,,,,,,,,,,,,,,,,,,,,,,,,,,,,,,,,,,,,,,,,,,
,,,,,,,,,,,,,,,,,,,,,,,,,,,,,,,,,,,,,,,,,,,,,,,,,,,,,,,,,,,,,,,,,,,,,,,,,,,,,,,,,,,,,,,,,,,,,,,,,,,
,,,,,,,,,,,,,,,,,,,,,,,,,,,,,,,,,,,,,,,,,,,,,,,,,,,,,,,,,,,,,,,,,,,,,,,,,,,,,,,,,,,,,,,,,,,,,,,,,,,
,,,,,,,,,,,,,,,,,,,,,,,,,,,,,,,28,,,,,,,,,,,,,,,,,,,,,,,,,,,,,,,,,,,,,,,,,,,,,,,,,,,,,,,,,,,,,,,,,,,,
,,,,,,,,,,,,,,,,,,,,,,,,,,,,,,,,,,,,,,,,,,,,,,,,,,,,66,,,,,,,,,,,,,,,,,,,,,,,,,,,,,,,,,,,,,,,,,,,,,,,
,,,,,,,,,,,,,,,,,,,,,,,,,,,,,,,,,,,,,,,,,,,,,,,,,,,,,,,,,,,,,,,,,,,,,,,,,,,,,,,,,,,,,,,,,,,,,,,,,,,
,,,,,,,,,,,,,,,,,,,,,,,,,,,,,,,,,,,,,,,,,,,,,,,,,,,,,,,,,,,,,,,,,,,,,,,,,,,,,,,,,,,,,,,,,,,,,,,,,,,
,,,,,,,,,,,,,,,,,,,,,,,,,,,,,,,29,,,,,,,,,,,,,,,,,,,,,,,,,,,,,,,,,,,,,,,,,,,,,,,,,,,,,,,,,,,,,,,,,,,,
,,,,,,,,,,,,,,,,,,,,,,,,,,,,,,,,,,,,,,,,,,,,,,,,,,,,,,,,,,,,,,,,,,,,,,,,,,,,,,,,,,,,,,,,,,,,,,,,,,,
,,,,,,,,,,,,,,,,,,,,,,,,,,,,,,,,,,,,,,,,,,,,,,,,,,,,,,,,,,,,,,,,,,,,,,,,,,,,,,,,,,,,,,,,,,,,,,,,,,,
,,,,,,,,,,,,,,,,,,,,,,,,,,,,,,,,,,,,,,,,,,,,,,,,,,,,,,,,,,,,,,,,,,,,,,,,,,,,,,,,,,,,,,,,,,,,,,,,,,,
,,,,,,,,,,,,,,,,,,,,,,,,,,,,,,,,,,,,,,,,,,,,,,,,,,,,,,,,,,,,,,,,,,,,,,,,,,,,,,,,,,,,,,,,,,,,,,,,,,,
,,,,,,,,,,,,,,,,,,,,,,,,,,,,,,,,,,,,,,,,,,,,,,,,,,,,,,,,,,,,,,,,,,,,,,,,,,,,,,,,,,,,,,,,,,,,,,,,,,,
,,,,,,,,,,,,,,,,,,,,,,,,,,,,,,,,,,,,,,,,,,,,,,,,,,,,,,,,,,,,,,,,,,,,,,,,,,,,,,,,,,,,,,,,,,,,,,,,,,,
,,,,,,,,,,,,,,,,,,,,,,,,,,,,,,,,,,,,,,,,,,,,,,,,,,,,,,,,,,,,,,,,,,,,,,,,,,,,,,,,,,,,,,,,,,,,,,,,,,,
,,,,,,,,,,,,,,,,,,,,,,,,,,,,,,,,,,,,,,,,,,,,,,,,,,,,,,,,,,,,,,,,,,,,,,,,,,,,,,,,,,,,,,,,,,,,,,,,,,,
,,,,,,,,,,,,,,,,,,,,,,,,,,,,,,,,,,,,,,,,,,,,,,,,,,,,,,,,,,,,,,,,,,,,,,,,,,,,,,,,,,,,,,,,,,,,,,,,,,,
,,,,,,,,,,,,,,,,,,,,,,,,,,,,,,,,,,,,,,,,,,,,,,,,,,,,,,,,,,,,,,,,,,,,,,,,,,,,,,,,,,,,,,,,,,,,,,,,,,,
,,,,,,,,,,,,,,,,,,,,,,,,,,,,,,,,,,,,,,,,,,,,,,,,,,,,,,,,,,,,,,,,,,,,,,,,,,,,,,,,,,,,,,,,,,,,,,,,,,,
,,,,,,,,,,,,,,,,,,,,,,,,,,,,,,,,,,,,,,,,,,,,,,,,,,,,,,,,,,,,,,,,,,,,,,,,,,,,,,,,,,,,,,,,,,,,,,,,,,,
,,,,,,,,,,,,,,,,,,,,,,,,,,,,,,,,,,,,,,,,,,,,,,,,,,,,,,,,,,,,,,,,,,,,,,,,,,,,,,,,,,,,,,,,,,,,,,,,,,,
,,,,,,,,,,,,,,,,,,,,,,,,,,,,,,,,,,,,,,,,,,,,,,,,,,,,,,,,,,,,,,,,,,,,,,,,,,,,,,,,,,,,,,,,,,,,,,,,,,,
,,,,,,,,,,,,,,,,,,,,,,,,,,,,,,,,,,,,,,,,,,,,,,,,,,,,,,,,,,,,,,,,,,,,,,,,,,,,,,,,,,,,,,,,,,,,,,,,,,,
,,,,,,,,,,,,,,,,,,,,,,,,,,,,,,,,,,,,,,,,,,,,,,,,,,,,,,,,,,,,,,,,,,,,,,,,,,,,,,,,,,,,,,,,,,,,,,,,,,,
,,,,,,,,,,,,,,,,,,,,,,,,,,,,,,,,,,,,,,,,,,,,,,,,,,,,,,,,,,,,,,,,,,,,,,,,,,,,,,,,,,,,,,,,,,,,,,,,,,,
,,,,,,,,,,,,,,,,,,,,,,,,,,,,,,,,,,,,,,,,,,,,,,,,,,,,,,,,,,,,,,,,,,,,,,,,,,,,,,,,,,,,,,,,,,,,,,,,,,,
,,,,,,,,,,,,,,,,,,,,,,,,,,,,,,,,,,,,,,,,,,,,,,,,,,,,,,,,,,,,,,,,,,,,,,,,,,,,,,,,,,,,,,,,,,,,,,,,,,,
,,,,,,,,,,,,,,,,,,,,,,,,,,,,,,,,,,,,,,,,,,,,,,,,,,,,,,,,,,,,,,,,,,,,,,,,,,,,,,,,,,,,,,,,,,,,,,,,,,,
,,,,,,,,,,,,,,,,,,,,,,,,,,,,,,,,,,,,,,,,,,,,,,,,,,,,,,,,,,,,,,,,,,,,,,,,,,,,,,,,,,,,,,,,,,,,,,,,,,,
,,,,,,,,,,,,,,,,,,,,,,,,,,,,,,,,,,,,,,,,,,,,,,,,,,,,,,,,,,,,,,,,,,29,,,,,,,,,,,,,,,,,,,,,,,,,,,,,,,,,
,,,,,,,,,,,,,,,,,,,,,,,,,,,,,,,,,,,,,,,,,,,,,,,,,,,,,29,,,,,,,,,,,,,,,,,,,,,,,,,,,,,,,,,,,,,,,,,,,,,,
,,,,,,,,,,,,,,,,,,,,,,,,,,,,,,,,,,,,,,,,,,,,,,,,,,,,,,,,,,,,,,,,,,,,,,,,,,,,,,,,,,,,,,,,,,,,,,,,,,,
,,,,,,,,,,,,,,,,,,,,,,,,,,,,,,,,,,,,,,,,,,,,,,,,,,,,,,,,,,,,,,,,,,,,,,,,,,,,,,,,,,,,,,,,,,,,,,,,,,,
,,,,,,,,,,,,,,,,,,,,,,,,,,,,,,,,,,,,,,,,,,,,,,,,,,,,,29,,,,,,,,,,,,,,,,,,,,,,,,,,,,,,,,,,,,,,,,,,,,,,
,,,,,,,,,,,,,,,,,,,,,,,,,,,,,,,,,,,,,,,,,,,,,,,,,,,,,,,,,,,,,,,,,,29,,,,,,,,,,,,,,,,,,,,,,,,,,,,,,,,,
,,,,,,,,,,,,,,,,,,,,,,,,,,,,,,,,,,,,,,,,,,,,,,,,,,,,,,,,,,,,,,,,,,,,,,,,,,,,,,,,,,,,,,,,,,,,,,,,,,,
,,,,,,,,,,,,,,,,,,,,,,,,,,,,,,,,,,,,,,,,,,,,,,,,,,,,,,,,,,,,,,,,,,,,,,,,,,,,,,,,,,,,,,,,,,,,,,,,,,,
,,,,,,,,,,,,,,,,,,,,,,,,,,,,,,,,,,,,,,,,,,,,,,,,,,,,,,,,,,,,,,,,,,,,,,,,,,,,,,,,,,,,,,,,,,,,,,,,,,,
,,,,,,,,,,,,,,,,,,,,,,,,,,,,,,,,,,,,,,,,,,,,,,,,,,,,,,,,,,,,,,,,,,,,,,,,,,,,,,,,,,,,,,,,,,,,,,,,,,,
,,,,,,,,,,,,,,,,,,,,,,,,,,,,,,,,,,,,,,,,,,,,,,,,,,,,,,,,,,,,,,,,,,,,,,,,,,,,,,,,,,,,,,,,,,,,,,,,,,,
,,,,,,,,,,,,,,,,,,,,,,,,,,,,,,,,,,,,,,,,,,,,,,,,,,,,,,,,,,,,,,,,,,,,,,,,,,,,,,,,,,,,,,,,,,,,,,,,,,,
,,,,,,,,,,,,,,,,,,,,,,,,,,,,,,,,,,,,,,,,,,,,,,,,,,,,,,,,,,,,,,,,,,,,,,,,,,,,,,,,,,,,,,,,,,,,,,,,,,,
,,,,,,,,,,,,,,,,,,,,,,,,,,,,,,,,,,,,,,,,,,,,,,,,,,,,,,,,,,,,,,,,,,,,,,,,,,,,,,,,,,,,,,,,,,,,,,,,,,,
,,,,,,,,,,,,,,,,,,,,,,,,,,,,,,,,,,,,,,,,,,,,,,,,,,,,,,,,,,,,,,,,,,,,,,,,,,,,,,,,,,,,,,,,,,,,,,,,,,,
MoveObject: type=1 stepAdvance=40 stepRecede=40 timeStopStart=10 timeStopEnd=10 posStart=5632;3840 posEnd=5632;3584 posCurrent=5632;3616 step=2 time=35 phase=4934 channel=1 icon=78 
MoveObject: type=32 stepAdvance=8 stepRecede=8 timeStopStart=25 timeStopEnd=25 posStart=5376;3584 posEnd=5440;3584 posCurrent=5440;3584 step=2 time=8 phase=4934 channel=12 icon=61 
MoveObject: type=32 stepAdvance=8 stepRecede=8 timeStopStart=25 timeStopEnd=25 posStart=5888;3584 posEnd=5824;3584 posCurrent=5824;3584 step=2 time=8 phase=4934 channel=12 icon=66 
MoveObject: type=1 stepAdvance=40 stepRecede=40 timeStopStart=10 timeStopEnd=10 posStart=3264;3200 posEnd=3264;3456 posCurrent=3264;3424 step=2 time=35 phase=4934 channel=1 icon=87 
MoveObject: type=6 stepAdvance=1 stepRecede=1 timeStopStart=0 timeStopEnd=0 posStart=6274;4296 posEnd=6274;4296 posCurrent=6274;4296 step=1 time=0 phase=4934 channel=10 icon=22 
MoveObject: type=6 stepAdvance=1 stepRecede=1 timeStopStart=0 timeStopEnd=0 posStart=6210;4296 posEnd=6210;4296 posCurrent=6210;4296 step=1 time=0 phase=4934 channel=10 icon=22 
MoveObject: type=6 stepAdvance=1 stepRecede=1 timeStopStart=0 timeStopEnd=0 posStart=5442;3784 posEnd=5442;3784 posCurrent=5442;3784 step=1 time=0 phase=4934 channel=10 icon=22 
MoveObject: type=6 stepAdvance=1 stepRecede=1 timeStopStart=0 timeStopEnd=0 posStart=5826;3784 posEnd=5826;3784 posCurrent=5826;3784 step=1 time=0 phase=4934 channel=10 icon=22 
MoveObject: type=6 stepAdvance=1 stepRecede=1 timeStopStart=0 timeStopEnd=0 posStart=5634;3208 posEnd=5634;3208 posCurrent=5634;3208 step=1 time=0 phase=4934 channel=10 icon=22 
MoveObject: type=32 stepAdvance=8 stepRecede=8 timeStopStart=25 timeStopEnd=25 posStart=3968;3904 posEnd=4032;3904 posCurrent=4032;3904 step=2 time=8 phase=4934 channel=13 icon=61 
MoveObject: type=32 stepAdvance=8 stepRecede=8 timeStopStart=25 timeStopEnd=25 posStart=4096;3904 posEnd=4160;3904 posCurrent=4160;3904 step=2 time=8 phase=4934 channel=13 icon=61 
MoveObject: type=32 stepAdvance=8 stepRecede=8 timeStopStart=25 timeStopEnd=25 posStart=4224;3904 posEnd=4288;3904 posCurrent=4288;3904 step=2 time=8 phase=4934 channel=13 icon=61 
MoveObject: type=32 stepAdvance=8 stepRecede=8 timeStopStart=25 timeStopEnd=25 posStart=4352;3904 posEnd=4416;3904 posCurrent=4416;3904 step=2 time=8 phase=4934 channel=13 icon=61 
MoveObject: type=32 stepAdvance=8 stepRecede=8 timeStopStart=25 timeStopEnd=25 posStart=4480;3904 posEnd=4544;3904 posCurrent=4544;3904 step=2 time=8 phase=4934 channel=13 icon=61 
MoveObject: type=32 stepAdvance=8 stepRecede=8 timeStopStart=25 timeStopEnd=25 posStart=4608;3904 posEnd=4672;3904 posCurrent=4672;3904 step=2 time=8 phase=4934 channel=13 icon=61 
MoveObject: type=32 stepAdvance=8 stepRecede=8 timeStopStart=25 timeStopEnd=25 posStart=4736;3904 posEnd=4800;3904 posCurrent=4800;3904 step=2 time=8 phase=4934 channel=13 icon=61 
MoveObject: type=1 stepAdvance=60 stepRecede=60 timeStopStart=10 timeStopEnd=10 posStart=5632;4352 posEnd=5632;3968 posCurrent=5632;4180 step=2 time=27 phase=4934 channel=1 icon=78 
MoveObject: type=32 stepAdvance=16 stepRecede=16 timeStopStart=25 timeStopEnd=25 posStart=5568;4096 posEnd=5696;4096 posCurrent=5616;4096 step=2 time=6 phase=4934 channel=13 icon=65 
MoveObject: type=32 stepAdvance=8 stepRecede=8 timeStopStart=25 timeStopEnd=25 posStart=3840;3072 posEnd=3776;3072 posCurrent=3776;3072 step=2 time=8 phase=4934 channel=13 icon=66 
MoveObject: type=32 stepAdvance=8 stepRecede=8 timeStopStart=25 timeStopEnd=25 posStart=3584;3072 posEnd=3520;3072 posCurrent=3520;3072 step=2 time=8 phase=4934 channel=13 icon=66 
MoveObject: type=1 stepAdvance=40 stepRecede=40 timeStopStart=10 timeStopEnd=10 posStart=4096;3456 posEnd=4096;3200 posCurrent=4096;3232 step=2 time=35 phase=4934 channel=1 icon=89 
MoveObject: type=33 stepAdvance=10 stepRecede=10 timeStopStart=23 timeStopEnd=23 posStart=4864;3392 posEnd=4800;3392 posCurrent=4800;3392 step=2 time=10 phase=4934 channel=13 icon=250 
MoveObject: type=6 stepAdvance=1 stepRecede=1 timeStopStart=0 timeStopEnd=0 posStart=3714;2632 posEnd=3714;2632 posCurrent=3714;2632 step=1 time=0 phase=4934 channel=10 icon=22 
MoveObject: type=26 stepAdvance=1 stepRecede=1 timeStopStart=0 timeStopEnd=0 posStart=3778;2632 posEnd=3778;2632 posCurrent=3778;2632 step=1 time=0 phase=4934 channel=10 icon=138 
MoveObject: type=6 stepAdvance=1 stepRecede=1 timeStopStart=0 timeStopEnd=0 posStart=3842;2632 posEnd=3842;2632 posCurrent=3842;2632 step=1 time=0 phase=4934 channel=10 icon=22 
MoveObject: type=33 stepAdvance=10 stepRecede=10 timeStopStart=23 timeStopEnd=23 posStart=2752;3456 posEnd=2688;3456 posCurrent=2688;3456 step=2 time=10 phase=4934 channel=13 icon=250 
MoveObject: type=5 stepAdvance=1 stepRecede=1 timeStopStart=0 timeStopEnd=0 posStart=3650;3204 posEnd=3650;3204 posCurrent=3650;3204 step=1 time=0 phase=4934 channel=10 icon=6 
MoveObject: type=5 stepAdvance=1 stepRecede=1 timeStopStart=0 timeStopEnd=0 posStart=3714;3204 posEnd=3714;3204 posCurrent=3714;3204 step=1 time=0 phase=4934 channel=10 icon=6 
MoveObject: type=33 stepAdvance=60 stepRecede=60 timeStopStart=23 timeStopEnd=23 posStart=512;2688 posEnd=128;2688 posCurrent=512;2688 step=1 time=4 phase=4934 channel=13 icon=238 
MoveObject: type=1 stepAdvance=100 stepRecede=100 timeStopStart=20 timeStopEnd=20 posStart=832;2752 posEnd=1152;2752 posCurrent=937;2752 step=2 time=33 phase=4934 channel=1 icon=89 
MoveObject: type=1 stepAdvance=100 stepRecede=100 timeStopStart=20 timeStopEnd=20 posStart=896;2752 posEnd=1216;2752 posCurrent=1001;2752 step=2 time=33 phase=4934 channel=1 icon=87 
MoveObject: type=1 stepAdvance=100 stepRecede=100 timeStopStart=20 timeStopEnd=20 posStart=1664;2752 posEnd=1344;2752 posCurrent=1559;2752 step=2 time=33 phase=4934 channel=1 icon=88 
MoveObject: type=1 stepAdvance=100 stepRecede=100 timeStopStart=20 timeStopEnd=20 posStart=1600;2752 posEnd=1280;2752 posCurrent=1495;2752 step=2 time=33 phase=4934 channel=1 icon=90 
MoveObject: type=1 stepAdvance=100 stepRecede=100 timeStopStart=20 timeStopEnd=20 posStart=1728;2752 posEnd=2048;2752 posCurrent=1833;2752 step=2 time=33 phase=4934 channel=1 icon=89 
MoveObject: type=1 stepAdvance=100 stepRecede=100 timeStopStart=20 timeStopEnd=20 posStart=1792;2752 posEnd=2112;2752 posCurrent=1897;2752 step=2 time=33 phase=4934 channel=1 icon=87 
MoveObject: type=7 stepAdvance=1 stepRecede=1 timeStopStart=0 timeStopEnd=0 posStart=3202;2436 posEnd=3202;2436 posCurrent=3202;2436 step=1 time=0 phase=4934 channel=10 icon=33 
MoveObject: type=5 stepAdvance=1 stepRecede=1 timeStopStart=0 timeStopEnd=0 posStart=3138;2436 posEnd=3138;2436 posCurrent=3138;2436 step=1 time=0 phase=4934 channel=10 icon=6 
MoveObject: type=6 stepAdvance=1 stepRecede=1 timeStopStart=0 timeStopEnd=0 posStart=3522;2376 posEnd=3522;2376 posCurrent=3522;2376 step=1 time=0 phase=4934 channel=10 icon=22 
MoveObject: type=32 stepAdvance=8 stepRecede=8 timeStopStart=25 timeStopEnd=25 posStart=3072;2304 posEnd=3136;2304 posCurrent=3136;2304 step=2 time=8 phase=4934 channel=12 icon=61 
MoveObject: type=32 stepAdvance=8 stepRecede=8 timeStopStart=25 timeStopEnd=25 posStart=3008;2240 posEnd=3072;2240 posCurrent=3072;2240 step=2 time=8 phase=4934 channel=13 icon=61 
MoveObject: type=32 stepAdvance=8 stepRecede=8 timeStopStart=25 timeStopEnd=25 posStart=3136;2240 posEnd=3200;2240 posCurrent=3200;2240 step=2 time=8 phase=4934 channel=13 icon=61 
MoveObject: type=32 stepAdvance=8 stepRecede=8 timeStopStart=25 timeStopEnd=25 posStart=3264;2240 posEnd=3328;2240 posCurrent=3328;2240 step=2 time=8 phase=4934 channel=13 icon=61 
MoveObject: type=32 stepAdvance=8 stepRecede=8 timeStopStart=25 timeStopEnd=25 posStart=3072;2176 posEnd=3136;2176 posCurrent=3136;2176 step=2 time=8 phase=4934 channel=13 icon=61 
MoveObject: type=32 stepAdvance=8 stepRecede=8 timeStopStart=25 timeStopEnd=25 posStart=3200;2176 posEnd=3264;2176 posCurrent=3264;2176 step=2 time=8 phase=4934 channel=13 icon=61 
MoveObject: type=32 stepAdvance=8 stepRecede=8 timeStopStart=25 timeStopEnd=25 posStart=3200;2304 posEnd=3264;2304 posCurrent=3264;2304 step=2 time=8 phase=4934 channel=12 icon=61 
MoveObject: type=30 stepAdvance=1 stepRecede=1 timeStopStart=0 timeStopEnd=0 posStart=2306;1798 posEnd=2306;1798 posCurrent=2306;1798 step=1 time=0 phase=4934 channel=10 icon=178 
MoveObject: type=6 stepAdvance=1 stepRecede=1 timeStopStart=0 timeStopEnd=0 posStart=5378;3720 posEnd=5378;3720 posCurrent=5378;3720 step=1 time=0 phase=4934 channel=10 icon=22 
MoveObject: type=6 stepAdvance=1 stepRecede=1 timeStopStart=0 timeStopEnd=0 posStart=5890;3720 posEnd=5890;3720 posCurrent=5890;3720 step=1 time=0 phase=4934 channel=10 icon=22 
