DescFile: posDecor=0;2500 dimDecor=100;100 world=0 music=4 region=15 blupiPos=194;2822 blupiDir=2 
Decor: 
,,,,,,,,,,,,,,,,,,,,,,,,,,,,,,,,,218,218,218,218,218,218,218,218,200,200,200,200,218,218,218,218,218,218,218,218,218,217,217,217,217,217,217,217,217,217,217,217,217,217,217,217,217,217,217,217,,,,,,,,,,,,,,,,,,,,,,,,,,,
,,,,,,,,,,,,,,,,,,,,,,,,,,,,,,,,,218,218,218,218,218,218,218,,,,,,218,218,218,218,218,218,218,218,218,217,217,217,217,217,217,217,217,,,201,217,217,217,217,217,217,217,217,,,,,,,,,,,,,,,,,,,,,,,,,,,
,,,,,,,,,,,,,,,,,,,,,,,,,,,,,,,,,218,218,218,218,218,218,,,,,,,218,218,218,218,218,218,218,218,218,217,217,217,217,217,217,217,,,,201,,217,217,217,217,217,217,217,,,,,,,,,,,,,,,,,,,,,,,,,,,
,,,,,,,,,,,,,,,,,,,,,,,,,,,,,,,,,218,218,218,218,218,,,,,,,,218,218,218,218,218,218,218,218,218,217,217,217,217,217,217,217,,,,217,,,217,217,217,217,217,217,,,,,,,,,,,,,,,,,,,,,,,,,,,
,,,,,,,,,,,,,,,,,,,,,,,,,,,,,,,,,218,218,218,218,218,200,200,200,218,,,,201,,218,218,218,218,218,218,218,217,217,217,217,217,217,217,,,,217,217,200,217,217,217,217,217,217,,,,,,,,,,,,,,,,,,,,,,,,,,,
,,,,,,,,,,,,,,,,,,,,,,,,,,,,,,,,,218,218,218,218,218,,,,,,,,218,200,200,218,218,218,218,218,218,217,217,217,217,217,217,,,,217,217,217,,217,217,217,217,217,217,,,,,,,,,,,,,,,,,,,,,,,,,,,
,,,,,,,,,,,,,,,,,,,,,,,,,,,,,,,,,218,218,218,218,218,200,200,200,200,218,,,201,,,92,218,218,218,218,218,217,217,217,217,217,217,,,,217,217,217,,217,217,217,217,217,217,,,,,,,,,,,,,,,,,,,,,,,,,,,
,,,,,,,,,,,,,,,,,,,,,,,,,,,,,,,,,218,218,218,218,218,,,,,,,,218,200,200,218,218,218,218,218,218,217,217,217,217,217,217,,,,68,217,217,,217,217,217,217,217,217,,,,,,,,,,,,,,,,,,,,,,,,,,,
,,,,,,,,,,,,,,,,,,,,,,,,,,,,,,,,,218,218,218,218,218,200,200,218,200,200,218,,201,,,92,218,218,218,218,218,217,217,217,217,217,217,200,200,217,217,217,217,,217,217,217,217,217,217,,,,,,,,,,,,,,,,,,,,,,,,,,,
,,,,,,,,,,,,,,,,,,,,,,,,,,,,,218,218,218,218,218,218,218,218,218,,,,,,,,218,200,200,218,218,218,218,218,218,217,217,217,217,217,,,217,217,217,217,217,200,217,217,217,217,217,217,,,,,,,,,,,,,,,,,,,,,,,,,,,
,,,,,,,,,,,,,,,,,,,,,,,,,,,,,218,218,218,218,218,218,218,218,218,200,200,218,218,218,,,201,,,92,218,218,218,218,218,217,217,217,217,217,200,217,217,217,,,,,217,217,217,217,217,217,,,,,,,,,,,,,,,,,,,,,,,,,,,
,,,,,,,,,,,,,,,,,,,,,,,,,,,,,218,218,218,218,218,218,218,218,218,,,,,,,,218,200,200,218,218,218,218,218,218,217,217,217,217,217,,217,217,217,,,,,217,217,217,217,217,217,,,,,,,,,,,,,,,,,,,,,,,,,,,
,,,,,,,,,,,,,,,,,,,,,,,,,,,,,218,218,218,218,218,218,218,218,218,218,,,,,,,201,,,92,218,218,218,218,218,217,217,217,217,217,,217,217,217,,,217,200,217,217,217,217,217,217,,,,,,,,,,,,,,,,,,,,,,,,,,,
,,,,,,,,,,,,,,,,,,,,,,,,,,,,,218,218,218,218,218,218,218,218,218,218,218,,,,,,201,,,92,218,218,218,218,218,217,217,217,217,217,200,217,217,217,,,,,217,217,217,217,217,217,,,,,,,,,,,,,,,,,,,,,,,,,,,
,,,,,,,,,,,,,,,,,,,,,,,,,,,,,218,218,218,218,218,218,218,218,218,218,218,218,,,,,218,200,200,218,218,218,218,218,218,217,217,217,217,217,,217,217,217,,,217,200,217,217,217,217,217,217,,,,,,,,,,,,,,,,,,,,,,,,,,,
,,,,,,,,,,,,,,,,,,,,,,,,,,,,,218,218,218,218,218,218,218,218,218,218,218,218,200,200,218,,201,,,92,218,218,218,218,218,217,217,217,217,217,,217,217,217,,,,,217,217,217,217,217,217,,,,,,,,,,,,,,,,,,,,,,,,,,,
,,,,,,,,,,,,,,,,,,,,,,,,,,,,,218,218,218,218,218,218,218,218,218,218,218,218,,,,,201,,,92,218,218,218,218,218,217,217,217,217,217,,217,217,217,,,217,200,217,217,217,217,217,217,,,,,,,,,,,,,,,,,,,,,,,,,,,
,,,,,,,,,,,,,,,,,,,,,,,,,,,,,218,218,218,218,218,218,218,218,218,218,218,218,,,,,201,,,92,218,218,218,218,218,217,217,217,217,217,200,217,217,217,,,,,217,217,217,217,217,217,217,217,217,217,,,,,,,,,,,,,,,,,,,,,,,
,,,,,,,,,,,,,,,,,,,,,,,,,,,,,218,218,218,218,218,218,218,218,218,218,218,218,200,200,200,218,201,200,200,218,218,218,218,218,218,217,217,217,217,217,,217,217,217,,,217,200,217,217,217,217,217,217,217,217,217,217,,,,,,,,,,,,,,,,,,,,,,,
,,,,,,,,,,,,,,,,,,,,,,,,,,,,,218,218,218,218,218,218,218,218,218,218,218,218,,,,,201,,,92,218,218,218,218,218,217,217,217,217,217,,217,217,217,,,,,217,217,217,217,217,217,217,217,217,217,,,,,,,,,,,,,,,,,,,,,,,
,,,,,,,,,,,,,,,,,,,,,,,,,,,,,218,218,218,218,218,218,218,218,218,218,218,218,,,,,201,,,92,218,218,218,218,218,217,217,217,217,217,,217,217,217,,,,,217,217,217,217,217,217,217,217,217,217,,,,,,,,,,,,,,,,,,,,,,,
,,,,,,,,,,,,,,,,,,,,,,,,,,,,,218,218,218,218,218,218,218,218,218,218,218,218,,,,,201,,,92,218,218,218,218,218,217,217,217,217,217,200,217,217,217,217,138,,,68,217,217,217,217,217,217,217,217,217,217,,,,,,,,,,,,,,,,,,,,,,
,,,,,,,,,,,,,,,,,,,,,,,,,,,,,218,218,218,218,218,218,218,218,218,218,218,218,,,,,201,,,92,218,218,218,218,218,217,217,217,217,217,,217,217,217,217,138,,,68,217,217,217,217,217,217,217,217,217,217,,,,,,,,,,,,,,,,,,,,,,
,,,,,,,,,,,,,,,,,,,,,,,,,,,,,218,218,218,218,218,218,218,218,218,218,218,218,,,,,201,,,92,218,218,218,218,218,217,217,217,217,217,,217,217,217,217,138,,,68,217,217,217,217,217,217,217,217,217,217,,,,,,,,,,,,,,,,,,,,,,
,,,,,,,,,,,,,,,,,,,,,,,,,,,,,218,218,218,218,218,218,218,218,218,218,218,218,,,,,201,218,200,218,218,218,218,218,218,217,217,217,217,217,,217,217,217,217,,,,217,217,217,217,217,217,217,217,217,217,217,,,,,,,,,,,,,,,,,,,,,,
,,,,,,,,,,,,,,,,,,,,,,,,,,,,,218,218,218,218,218,218,218,218,218,218,218,218,200,218,218,218,201,218,,218,218,218,218,218,218,217,217,217,217,217,200,217,217,217,217,,,,,92,217,217,217,217,217,217,217,217,217,,,,,,,,,,,,,,,,,,,,,,
,,,,,,,,,,,,,,,,,,,,,,,,,,,,,218,218,218,218,218,218,218,218,218,218,218,218,,,,,201,218,200,218,218,218,218,218,218,217,217,217,217,217,,217,217,217,217,,,,,217,217,217,217,217,217,217,217,217,217,,,,,,,,,,,,,,,,,,,,,,
,,,,,,,,,,,,,,,,,,,,,,,,,,,,,218,218,218,218,218,218,218,218,218,218,218,218,,,,,201,,,92,218,218,218,218,218,217,217,217,217,217,,217,217,217,217,217,,,,,92,217,217,217,217,217,217,217,217,,,,,,,,,,,,,,,,,,,,,,
,,,,,,,,,,,,,,,,,,,,,,,,,,,,,218,218,218,218,218,218,218,218,218,218,218,218,,,,,201,,,92,218,218,218,218,218,217,217,217,217,217,,217,217,217,217,217,,,,,217,217,217,217,217,217,217,217,217,,,,,,,,,,,,,,,,,,,,,,
,,,,,,,,,,,,,,,,,,,,,,,,,,,,,218,218,218,218,218,218,218,218,218,218,218,218,,,,,218,218,218,218,218,218,218,218,218,217,217,217,218,218,200,218,218,217,217,217,,,,,,92,217,217,217,217,217,217,217,217,217,217,217,217,217,217,217,217,217,217,217,217,217,217,217,,,,,,
,,,,,,,,,,,,,,,,,,,,,,,,,,,,,218,218,218,218,218,218,218,218,218,218,218,218,218,,,,218,218,218,218,218,218,218,218,218,217,217,217,218,,,,218,217,217,217,,,,,,217,217,217,217,217,217,217,217,217,217,217,217,217,217,217,217,217,217,217,217,217,217,217,217,,,,,,
,,,,,,,,,,,,,,,,,,,,,,,,,,,,,218,218,218,218,218,218,218,218,218,218,218,218,218,218,,,,218,218,218,218,218,218,218,218,217,217,217,218,,,201,218,217,217,217,,,,,,,92,217,217,217,217,217,217,217,217,217,217,217,217,217,217,217,217,217,217,217,217,217,217,,,,,,
,,,,,,,,,,,,,,,,,,,,,,,,,,,,,,,,,,218,218,218,218,218,218,218,218,218,218,200,200,218,218,218,218,218,218,218,218,217,217,217,218,,,,218,217,217,217,,,,,,,217,217,217,217,217,217,217,217,217,217,217,217,217,217,217,217,217,217,217,217,217,217,217,,,,,,
,,,,,,,,,,,,,,,,,,,,,,,,,,,,,,,,,,218,218,218,218,218,218,218,218,218,218,,,218,218,218,218,218,218,218,218,217,217,217,218,218,200,218,218,217,217,217,,,,,,,,92,217,217,217,217,217,217,217,217,217,217,217,217,217,217,217,217,217,217,217,217,217,,,,,,
,,,,,,,,,,,,,,,,,,,,,,,,,,,,,,,,,,218,218,218,218,218,218,218,218,218,218,,,218,218,218,218,218,218,218,218,217,217,217,217,217,217,217,217,217,217,217,,,,,,,,217,217,217,217,217,217,217,217,217,217,217,217,217,217,217,217,217,217,217,217,217,217,,,,,,
,,,,,,,,,,,,,,,,,,,,,,,,,,,,,,,,,,218,218,218,218,218,218,218,218,218,218,200,200,218,218,218,218,218,218,218,218,217,217,217,217,217,217,217,217,217,217,217,,,,,,,,,217,217,217,217,217,217,217,217,217,217,217,217,217,217,217,217,217,217,217,217,217,,,,,,
,,,,,,,,,,,,,,,,,,,,,,,,,,,,,,,,,,218,218,218,218,218,218,218,218,218,218,,,218,218,218,218,218,218,218,218,217,217,217,217,217,217,217,217,217,217,217,,,,,,,,,217,217,217,217,217,217,217,217,217,217,217,217,217,217,217,217,217,217,217,217,217,,,,,,
,,,,,,,,,,,,,,,,,,,,,,,,,,,,,,,,,,218,218,218,218,218,218,218,218,218,218,,,218,218,218,218,218,218,218,218,217,217,217,217,217,217,217,217,217,217,217,,,,,,,,,201,,,,,,,,,,,,,,,,217,217,217,217,217,,,,,,
,,,,,,,,,,,,,,,,,,,,,,,,,,,,,,,,,,218,218,218,218,218,218,218,218,218,218,,,218,218,218,218,218,218,218,218,217,217,217,217,217,217,217,217,217,217,217,,,,,,,,,217,,,,,,,,,,,,,,,,217,217,217,217,217,,,,,,
,,,,,,,,,,,,,,,,,,,,,,,,,,,,,,,,,,218,218,218,218,218,218,218,218,218,218,,,218,218,218,218,218,218,218,218,217,217,217,217,217,217,217,217,217,217,217,,,,,,,,,201,,,,,,,,,,,,,,,,217,217,217,217,217,,,,,,
,,,,,,,,,,,,,,,,,,,,,,,,,,,,,,,,,,218,218,218,218,218,218,218,218,218,218,,,218,218,218,218,218,218,218,218,217,217,217,217,217,217,217,217,217,217,217,,,,,,,,,217,,,,,,,,,,,,,,,,217,217,217,217,217,,,,,,
,,,,,,,,,,,,,,,,,,,,,,,,,,,,,,,,,,218,218,218,218,218,218,218,218,218,218,200,200,218,218,218,218,218,218,218,218,217,217,217,217,217,217,217,217,217,217,217,,,,,,,,,201,201,201,201,201,201,201,201,201,201,201,201,201,201,201,201,217,217,217,217,217,,,,,,
,,,,,,,,,,,,,,,,,,,,,,,,,,,,,,,,,,218,218,218,218,218,218,218,218,218,218,200,200,218,218,218,218,218,218,218,218,217,217,217,217,217,217,217,217,217,217,217,,,,,,,,,,,,,,,,,,,,,,,,,217,217,217,217,217,,,,,,
,,,,,,,,,,,,,,,,,,,,,,,,,,,,,,,,,,218,218,218,218,218,218,218,218,218,,,,218,218,218,218,218,218,218,218,217,217,217,217,217,217,217,217,217,217,217,,,,,,,,,,,,,,,,,,,,,,,,,217,217,217,217,217,,,,,,
,,,,,,,,,,,,,,,,,,,,,,,,,,,,,,,,,,218,218,218,218,218,218,218,218,,,,,218,218,218,218,218,218,218,218,,,,,,,,,,,,,,,,,,,,201,201,201,201,201,201,201,201,201,201,201,201,201,201,201,201,217,217,217,217,217,,,,,,
,,,,,,,,,,,,,,,,,,,,,,,,,,,,,,,,,,218,218,218,218,218,218,218,,,,,,68,218,218,218,218,218,218,218,,,,,,,,,,,,,,,,,,,,,,,,,,,,,,,,,,,,217,217,217,217,217,,,,,,
,,,,,,,,,,,,,,,,,,,,,,,,,,,,,,,,,,218,218,218,218,218,218,218,,,,,,68,218,218,218,218,218,218,218,,,,,,,,,,,,,,,,,,,,,,,,,,,,,,,,,201,201,200,217,217,217,217,217,,,,,,
,,,,,,,,,,,,,,,,,,,,,,,,,,,,,,,,,,218,218,218,218,218,218,218,218,,,,,218,218,218,218,218,218,218,218,,,,,,,,,,,,,,,,,,,,,,,,,,,,,,,,,201,201,,92,91,217,217,217,,,,,,
,,,,,,,,,,,,,,,,,,,,,,,,,,,,,,,,,,218,218,218,218,218,218,218,218,218,,,,218,218,218,218,218,218,218,218,,,,,,,,,,,,,,,,,,,,,,,,,,,,,,,,,217,217,217,217,91,217,217,217,,,,,,
,,,,,,,,,,,,,,,,,,,,,,,,,,,,,,,,,,218,218,218,218,218,218,218,218,218,218,200,200,218,218,218,218,218,218,218,218,,,,,,,,,,,,,,,,,,,,,,,,,,,,,,,,,217,217,217,217,91,217,217,217,,,,,,
,,,,,,,,,,,,,,,,,,,,,,,,,,,,,,,,,,218,218,218,218,218,218,218,218,218,218,218,200,218,218,218,218,218,218,218,218,,,,,,,,,,,,,,,,,,,,,,,,,,,,,,,,,217,217,217,217,91,217,217,217,,,,,,
,,,,,,,,,,,,,,,,,,,,,,,,,,,,,,,,,,218,218,218,218,218,218,218,218,201,201,218,,218,218,218,218,218,218,218,218,,,,,,,,,,,,,,,,,,,,,,,,,,,,,,,,,217,217,217,217,91,217,217,217,,,,,,
,,,,,,,,,,,,,,,,,,,,,,,,,,,,,,,,,,218,218,218,218,218,218,218,218,201,201,218,,218,218,218,218,218,218,218,218,,,,,,,,,,,,,,,,,,,,,,,,,,,,,,,,,201,201,,92,91,217,217,217,,,,,,
,,,,,,,,,,,,,,,,,,,,,,,,,,,,,,,,,,218,218,218,218,218,218,218,218,201,201,218,,218,218,218,218,218,218,218,218,,,,,,,,,,,,,,,,,,,,,,,,,,,,,,,,,201,201,200,217,217,217,217,217,,,,,,
,,,,,,,,,,,,,,,,,,,,,,,,,,,,,,,,,,218,218,218,218,218,218,218,218,201,201,218,200,218,218,218,218,218,218,218,218,,,,,,,,,,,,,,,,,,,,,,,,,,,,,,,,,,,,217,217,217,217,217,,,,,,
,,,,,,,,,,,,,,,,,,,,,,,,,,,,,,,,,,218,218,218,218,218,218,218,218,201,201,,,218,218,218,218,218,218,218,218,,,,,,,,,,,,,,,,,,,,,,,,,,,,,,,,,,,,217,217,217,217,217,,,,,,
,,,,,,,,,,,,,,,,,,,,,,,,,,,,,,,,,,218,218,218,218,218,218,218,218,201,201,,,218,218,218,218,218,218,218,218,,,,,,,,,,,,,,,,,,,,,,,,,,,,,,,,,,,,217,217,217,217,217,,,,,,
,,,,,,,,,,,,,,,,,,,,,,,,,,,,,,,,,,218,218,218,218,218,218,218,218,218,218,218,200,218,218,218,218,218,218,218,218,,,,,,,,,,,,,,,,,,,,,,,,,,,,,,,,,,,,217,217,217,217,217,,,,,,
,,,,,,,,,,,,,,,,,,,,,,,,,,,,,,,,,,218,218,218,218,218,218,218,218,218,218,,,68,218,218,218,218,218,218,218,,,,,,,,,,,,,,,,,,,,,,,,,,,,,,,,217,200,200,200,217,217,217,217,217,,,,,,
,,,,,,,,,,,,,,,,,,,,,,,,,,,,,,,,,,218,218,218,218,218,218,218,218,218,218,,,68,218,218,218,218,218,218,218,,,,,,,,,,,,,,,,,,,,,,,,,,,,,,,,,,,217,217,217,217,217,217,,,,,,
,,,,,,,,,,,,,,,,,,,,,,,,,,,,,,,,,,218,218,218,218,218,218,218,218,218,218,,,68,218,218,218,218,218,218,218,,,,,,,,,,,,,,,,,,,,,,,,,,,,,,,,,,,217,217,217,217,217,217,,,,,,
,,,,,,,,,,,,,,,,,,,,,,,,,,,,,,,,,,218,218,218,218,218,218,218,218,218,218,,,68,218,218,218,218,218,218,218,,,,,,,,,,,,,,,,,,,,,,,,,,,,,,,217,200,200,217,217,217,217,217,217,217,,,,,,
,,,,,,,,,,,,,,,,,,,,,,,,,,,,,,,,,,218,218,218,218,218,218,218,218,218,218,,,68,218,218,218,218,218,218,218,,,,,,,,,,,,,,,,,,,,,,,,,,,,,,,217,200,200,217,217,217,217,217,217,217,,,,,,
,,,,,,,,,,,,,,,,,,,,,,,,,,,,,,,,,,218,218,218,218,218,218,218,218,218,218,,,68,218,218,218,218,218,218,218,,,,,,,,,,,,,,,,,,,,,,,,,,,,,,,,,,,217,217,217,217,217,217,,,,,,
,,,,,,,,,,,,,,,,,,,,,,,,,,,,,,,,,,218,218,218,218,218,218,218,218,218,218,,,68,218,218,218,218,218,218,218,,,,,,,,,,,,,,,,,,,,,,,,,,,,,,,,,,,217,217,217,217,217,217,,,,,,
,,,,,,,,,,,,,,,,,,,,,,,,,,,,,,,,,,218,218,218,218,218,218,218,218,218,218,218,200,218,218,218,218,218,218,218,218,,,,,,,,,,,,,,,,,,,,,,,,,,,,,,,,217,200,200,200,217,217,217,217,217,,,,,,
,,,,,,,,,,,,,,,,,,,,,,,,,,,,,,,,,,218,218,218,218,218,218,218,218,218,218,218,,218,218,218,218,218,218,218,218,,,,,,,,,,,,,,,,,,,,,,,,,,,,,,,,,,,,217,217,217,217,217,,,,,,
,,,,,,,,,,,,,,,,,,,,,,,,,,,,,,,,,,218,218,218,218,218,218,218,218,218,218,218,,218,218,218,218,218,218,218,218,,,,,,,,,,,,,,,,,,,,,,,,,,,,,,,,,,,,217,217,217,217,217,,,,,,
,,,,,,,,,,,,,,,,,,,,,,,,,,,,,,,,,,218,218,218,218,218,218,218,218,218,218,218,,218,218,218,218,218,218,218,218,,,,,,,,,,,,,,,,,,,,,,,,,,,,,,,,,,,,217,217,217,217,217,,,,,,
,,,,,,,,,,,,,,,,,,,,,,,,,,,,,,,,,,218,218,218,218,218,218,218,218,218,218,218,200,218,218,218,218,218,218,218,218,,,,,,,,,,,,,,,,,,,,,,,,,,,,,,,,,,,,217,217,217,217,217,,,,,,
,,,,,,,,,,,,,,,,,,,,,,,,,,,,,,,,,,218,218,218,218,218,,,,201,201,218,,92,91,218,218,218,218,218,218,217,217,217,217,217,217,217,217,217,217,217,217,217,217,217,217,217,217,217,217,217,217,217,217,217,217,217,217,217,217,217,217,217,217,427,217,217,217,217,217,,,,,,
,,,,,,,,,,,,,,,,,,,,,,,,,,,,,,,,,,218,218,218,218,218,200,200,200,218,201,201,218,218,91,218,218,218,218,218,218,,,,,,,,,,,,,,,,,,,,,,,,,,,,,,,,,,,,217,217,217,217,217,,,,,,
,,,,,,,,,,,,,,,,,,,,,,,,,,,,,,,,,,218,218,218,218,218,,,,68,218,201,,92,91,218,218,218,218,218,218,,,,,,,,,,,,,,,,,,,,,,,,,,,,,,,,,,,,217,217,217,217,217,,,,,,
,,,,,,,,,,,,,,,,,,,,,,,,,,,,,,,,,,218,218,218,218,218,,,,68,218,201,201,218,218,218,218,218,218,218,218,,,,,,,,,,,,,,,,,,,,,,,,,,,,,,,,,,,,217,217,217,217,217,,,,,,
,,,,,,,,,,,,,,,,,,,,,,,,,,,,,,,,,,218,218,218,218,218,,,,68,218,218,218,218,218,218,218,218,218,218,218,,,,,,,,,,,,,,,,,,,,,,,,,,,,,,,,,,,,217,217,217,217,217,,,,,,
,,,,,,,,,,,,,,,,,,,,,,,,,,,,,,,,,,218,218,218,218,218,200,200,200,218,218,218,218,218,218,218,218,218,218,218,218,,,,,,,,,,,,,,,,,,,,,,,,,,,,,,,,,,,,217,217,217,217,217,,,,,,
,,,,,,,,,,,,,,,,,,,,,,,,,,,,,,,,,,218,218,218,218,218,,,,68,218,218,218,218,218,218,218,218,218,218,218,,,,,,,,,,,,,,,,,,,,,,,,,,,,,,,,,,,,217,217,217,217,217,217,217,217,217,,
,,,,,,,,,,,,,,,,,,,,,,,,,,,,,,,,,,218,218,218,218,218,,,,68,218,218,218,218,218,218,218,218,218,218,218,,,,,,,,,,,,,,,,,,,,,,,,,,,,,,,,,,,,217,217,217,217,217,217,217,217,217,,
,,,,,,,,,,,,,,,,,,,,,,,,,,,,,,,,,,218,218,218,218,218,,,,68,218,218,218,218,218,,,,,,,,,,,,,,,,,,,,,,,,,,,,,,,,,,,,,,,,,,217,217,217,217,217,217,217,217,217,,
,,,,,,,,,,,,,,,,,,,,,,,,,,,,,,,,,,218,218,218,218,218,200,200,200,218,218,218,218,218,218,,,,,,,,,,,,,,,,,,,,,,,,,,,,,,,,,,,,,,,,,,217,217,217,217,217,217,217,217,217,,
,,,,,,,,,,,,,,,,,,,,,,,,,,,,,,,,,,218,218,218,218,218,,,,68,218,218,218,218,218,,,,,,,,,,,,,,,,,,,,,,,,,,,,,,,,,,,,,,,,,,217,217,217,217,217,217,217,217,217,,
,,,,,,,,,,,,,,,,,,,,,,,,,,,,,,,,,,218,218,218,218,218,,,,68,218,218,218,218,218,,,,,,,,,,,,,218,,,,,,,,,,,,,,,,,,,,,,,,,,217,201,201,217,217,217,217,217,217,217,217,217,,
,,,,,,,,,,,,,,,,,,,,,,,,,,,,,,,,,,218,218,218,218,218,,,,68,218,218,218,218,218,,,,,,,,,,,,,218,,,,,,,,,,,,,,,,,,,,,,,,,,217,,,201,217,217,217,217,217,217,217,217,,
,,,,,,,,,,,,,,,,,,,,,,,,,,,,,,,,,,218,218,218,218,218,200,200,200,218,218,218,218,218,,,,,,,,,,,,,,218,,,,,,,,218,,,,,,,,,,,,,218,,,,,217,,,201,,217,217,217,217,217,217,217,,
,,,,,,,,,,,,,,,,,,,,,,,,,,,,,,,,,,218,218,218,218,218,,,,218,218,218,218,214,214,214,214,214,214,218,214,214,214,214,214,214,214,218,214,214,214,214,214,214,214,218,218,214,214,214,214,214,214,214,214,214,214,214,218,214,214,214,214,217,,,201,,,217,217,217,217,217,217,,
,,,,,,,,,,,,,,,,,,,,,,,,,,,,,,,,,,218,218,218,218,218,,,,201,,,201,,,,,,,,,,,,,,,,,,,,,,,,,,,,,,,,,,,,,,,,,201,,,201,,,,217,217,217,217,217,,
,,,,,,,,,,,,,,,,,,,,,,,,,,,,,,,,,,218,218,218,218,218,218,218,218,218,218,218,218,214,214,214,214,214,214,214,214,214,218,218,218,214,214,214,214,214,214,214,214,218,214,214,214,214,214,214,214,218,214,214,214,214,214,214,214,214,214,214,214,217,,,201,,,217,217,217,217,217,217,,
,,,,,,,,,,,,,,,,,,,,,,,,,,,,,,,,,,218,218,218,218,218,218,218,218,218,218,218,218,218,,,,,,,,,,218,,,,,,,,,,218,,,,,,,218,218,218,,,,,,,,,,,217,,,201,,217,217,217,217,217,217,217,,
,,,,,,,,,,,,,,,,,,,,,,,,,,,,,,,,,,218,218,218,218,218,218,218,218,218,218,218,218,218,218,,,,,,,,,218,,,,,,,,,,218,,,,,,218,218,218,218,218,,,,,,,,,,217,,,201,217,217,217,217,217,217,217,217,,
,,,,,,,,,,,,,,,,,,,,,,,,,,,,,,,,,,218,218,218,218,218,218,218,218,218,218,218,218,218,218,,,,,,,,,218,,,,,,,,,,,,,,,,,,218,,,,,,,,,,,,217,201,201,217,217,217,217,217,217,217,217,217,,
,,,,,,,,,,,,,,,,,,,,,,,,,,,,,,,,,,218,218,218,218,218,218,218,218,218,218,218,218,218,218,,,,,,,,,218,,,,,,,,,,,,,,,,,,218,,,,,,,,,,,,,,,217,217,217,217,217,217,217,217,217,,
,,,,,,,,,,,,,,,,,,,,,,,,,,,,,,,,,,,,,,,,,,,,,,,,,,,,,,,,,,,,,,,,,,,,,,,,,,218,,,,,,,,,,,,,,,217,217,217,217,217,217,217,217,217,,
,,,,,,,,,,,,,,,,,,,,,,,,,,,,,,,,,,,,,,,,,,,,,,,,,,,,,,,,,,,,,,,,,,,,,,,,,,218,,,,,,,,,,,,,,,217,217,217,217,217,217,217,217,217,,
,,,,,,,,,,,,,,,,,,,,,,,,,,,,,,,,,,,,,,,,,,,,,,,,,,,,,,,,,,,,,,,,,,,,,,,,,,218,,,,,,,,,,,,,,,217,217,217,217,217,217,217,217,217,,
,,,,,,,,,,,,,,,,,,,,,,,,,,,,,,,,,,,,,,,,,,,,,,,,,,,,,,,,,,,,,,,,,,,,,,,,,,,,,,,,,,,,,,,,,217,217,217,217,217,217,217,217,217,,
,,,,,,,,,,,,,,,,,,,,,,,,,,,,,,,,,,,,,,,,,,,,,,,,,,,,,,,,,,,,,,,,,,,,,,,,,,,,,,,,,,,,,,,217,217,217,217,217,217,217,217,217,217,217,,
,,,,,,,,,,,,,,,,,,,,,,,,,,,,,,,,,,,,,,,,,,,,,,,,,,,,,,,,,,,,,,,,,,,,,,,,217,217,217,217,217,217,217,217,217,217,217,217,217,217,217,217,217,217,217,217,217,217,217,217,217,217,,
,,,,,,,,,,,,,,,,,,,,,,,,,,,,,,,,,,,,,,,,,,,,,,,,,,,,,,,,,,,,,,,,,,,,,,,,217,217,217,217,217,217,217,217,217,217,217,217,217,217,217,217,217,217,217,217,217,217,217,217,217,217,,
,,,,,,,,,,,,,,,,,,,,,,,,,,,,,,,,,,,,,,,,,,,,,,,,,,,,,,,,,,,,,,,,,,,,,,,,217,217,217,217,217,217,217,217,217,217,217,217,217,217,217,217,217,217,217,217,217,217,217,217,217,217,,
,,,,,,,,,,,,,,,,,,,,,,,,,,,,,,,,,,,,,,,,,,,,,,,,,,,,,,,,,,,,,,,,,,,,,,,,217,217,217,217,217,217,217,217,217,217,217,217,217,217,217,217,217,217,217,217,217,217,217,217,217,217,,
BigDecor: 
,,,,,,,,,,,,,,,,,,,,,,,,,,,,,,,,,,,,,,,,,,,,,,,,,,,,,,,,,,,,,,,,,,,,,,,,,,,,,,,,,,,,,,,,,,,,,,,,,,,
,,,,,,,,,,,,,,,,,,,,,,,,,,,,,,,,,,,,,,,,,,,,,,,,,,,,,,,,,,,,,,,,,,,,,,,,,,,,,,,,,,,,,,,,,,,,,,,,,,,
,,,,,,,,,,,,,,,,,,,,,,,,,,,,,,,,,,,,,,,,,,,,,,,,,,,,,,,,,,,,,,,,,,,,,,,,,,,,,,,,,,,,,,,,,,,,,,,,,,,
,,,,,,,,,,,,,,,,,,,,,,,,,,,,,,,,,,,,,,,,,,,,,,,,,,,,,,,,,,,,,,,,,,,,,,,,,,,,,,,,,,,,,,,,,,,,,,,,,,,
,,,,,,,,,,,,,,,,,,,,,,,,,,,,,,,,,,,,,,,,,,,,,,,,,,,,,,,,,,,,,,,,,,,,,,,,,,,,,,,,,,,,,,,,,,,,,,,,,,,
,,,,,,,,,,,,,,,,,,,,,,,,,,,,,,,,,,,,,,,,,,,,,,,,,,,,,,,,,,,,,,,,,,,,,,,,,,,,,,,,,,,,,,,,,,,,,,,,,,,
,,,,,,,,,,,,,,,,,,,,,,,,,,,,,,,,,,,,,,,,,,,,,,,,,,,,,,,,,,,,,,,,,,,,,,,,,,,,,,,,,,,,,,,,,,,,,,,,,,,
,,,,,,,,,,,,,,,,,,,,,,,,,,,,,,,,,,,,,,,,,,,,,,,,,,,,,,,,,,,,,,,,,,,,,,,,,,,,,,,,,,,,,,,,,,,,,,,,,,,
,,,,,,,,,,,,,,,,,,,,,,,,,,,,,,,,,,,,,,,,,,,,,,,,,,,,,,,,,,,,,,,,,,,,,,,,,,,,,,,,,,,,,,,,,,,,,,,,,,,
,,,,,,,,,,,,,,,,,,,,,,,,,,,,,,,,,,,,,,,,,,,,,,,,,,,,,,,,,,,,,,,,,,,,,,,,,,,,,,,,,,,,,,,,,,,,,,,,,,,
,,,,,,,,,,,,,,,,,,,,,,,,,,,,,,,,,,,,,,,,,,,,,,,,,,,,,,,,,,,,,,,,,,,,,,,,,,,,,,,,,,,,,,,,,,,,,,,,,,,
,,,,,,,,,,,,,,,,,,,,,,,,,,,,,,,,,,,,,,,,,,,,,,,,,,,,,,,,,,,,,,,,,,,,,,,,,,,,,,,,,,,,,,,,,,,,,,,,,,,
,,,,,,,,,,,,,,,,,,,,,,,,,,,,,,,,,,,,,,,,,,,,,,,,,,,,,,,,,,,,,,,,,,,,,,,,,,,,,,,,,,,,,,,,,,,,,,,,,,,
,,,,,,,,,,,,,,,,,,,,,,,,,,,,,,,,,,,,,,,,,,,,,,,,,,,,,,,,,,,,,,,,,,,,,,,,,,,,,,,,,,,,,,,,,,,,,,,,,,,
,,,,,,,,,,,,,,,,,,,,,,,,,,,,,,,,,,,,,,,,,,,,,,,,,,,,,,,,,,,,,,,,,,,,,,,,,,,,,,,,,,,,,,,,,,,,,,,,,,,
,,,,,,,,,,,,,,,,,,,,,,,,,,,,,,,,,,,,,,,,,,,,,,,,,,,,,,,,,,,,,,,,,,,,,,,,,,,,,,,,,,,,,,,,,,,,,,,,,,,
,,,,,,,,,,,,,,,,,,,,,,,,,,,,,,,,,,,,,,,,,,,,,,,,,,,,,,,,,,,,,,,,,,,,,,,,,,,,,,,,,,,,,,,,,,,,,,,,,,,
,,,,,,,,,,,,,,,,,,,,,,,,,,,,,,,,,,,,,,,,,,,,,,,,,,,,,,,,,,,,,,,,,,,,,,,,,,,,,,,,,,,,,,,,,,,,,,,,,,,
,,,,,,,,,,,,,,,,,,,,,,,,,,,,,,,,,,,,,,,,,,,,,,,,,,,,,,,,,,,,,,,,,,,,,,,,,,,,,,,,,,,,,,,,,,,,,,,,,,,
,,,,,,,,,,,,,,,,,,,,,,,,,,,,,,,,,,,,,,,,,,,,,,,,,,,,,,,,,,,,,,,,,,,,,,,,,,,,,,,,,,,,,,,,,,,,,,,,,,,
,,,,,,,,,,,,,,,,,,,,,,,,,,,,,,,,,,,,,,,,,,,,,,,,,,,,,,,,,,,,,,,,,,,,,,,,,,,,,,,,,,,,,,,,,,,,,,,,,,,
,,,,,,,,,,,,,,,,,,,,,,,,,,,,,,,,,,,,,,,,,,,,,,,,,,,,,,,,,,,,,,,,,,,,,,,,,,,,,,,,,,,,,,,,,,,,,,,,,,,
,,,,,,,,,,,,,,,,,,,,,,,,,,,,,,,,,,,,,,,,,,,,,,,,,,,,,,,,,,,,,,,,,,,,,,,,,,,,,,,,,,,,,,,,,,,,,,,,,,,
,,,,,,,,,,,,,,,,,,,,,,,,,,,,,,,,,,,,,,,,,,,,,,,,,,,,,,,,,,,,,,,,,,,,,,,,,,,,,,,,,,,,,,,,,,,,,,,,,,,
,,,,,,,,,,,,,,,,,,,,,,,,,,,,,,,,,,,,,,,,,,,,,,,,,,,,,,,,,,,,,,,,,,,,,,,,,,,,,,,,,,,,,,,,,,,,,,,,,,,
,,,,,,,,,,,,,,,,,,,,,,,,,,,,,,,,,,,,,,,,,,,,,,,,,,,,,,,,,,,,,,,,,,,,,,,,,,,,,,,,,,,,,,,,,,,,,,,,,,,
,,,,,,,,,,,,,,,,,,,,,,,,,,,,,,,,,,,,,,,,,,,,,,,,,,,,,,,,,,,,,,,,,,,,,,,,,,,,,,,,,,,,,,,,,,,,,,,,,,,
,,,,,,,,,,,,,,,,,,,,,,,,,,,,,,,,,,,,,,,,,,,,,,,,,,,,,,,,,,,,,,,,,,,,,,,,,,,,,,,,,,,,,,,,,,,,,,,,,,,
,,,,,,,,,,,,,,,,,,,,,,,,,,,,,,,,,,,,,,,,,,,,,,,,,,,,,,,,,,,,,,,,,,,,,,,,,,,,,,,,,,,,,,,,,,,,,,,,,,,
,,,,,,,,,,,,,,,,,,,,,,,,,,,,,,,,,,,,,,,,,,,,,,,,,,,,,,,,,,,,,,,,,,,,,,,,,,,,,,,,,,,,,,,,,,,,,,,,,,,
,,,,,,,,,,,,,,,,,,,,,,,,,,,,,,,,,,,,,,,,,,,,,,,,,,,,,,,,,,,,,,,,,,,,,,,,,,,,,,,,,,,,,,,,,,,,,,,,,,,
,,,,,,,,,,,,,,,,,,,,,,,,,,,,,,,,,,,,,,,,,,,,,,,,,,,,,,,,,,,,,,,,,,,,,,,,,,,,,,,,,,,,,,,,,,,,,,,,,,,
,,,,,,,,,,,,,,,,,,,,,,,,,,,,,,,,,,,,,,,,,,,,,,,,,,,,,,,,,,,,,,,,,,,,,,,,,,,,,,,,,,,,,,,,,,,,,,,,,,,
,,,,,,,,,,,,,,,,,,,,,,,,,,,,,,,,,,,,,,,,,,,,,,,,,,,,,,,,,,,,,,,,,,,,,,,,,,,,,,,,,,,,,,,,,,,,,,,,,,,
,,,,,,,,,,,,,,,,,,,,,,,,,,,,,,,,,,,,,,,,,,,,,,,,,,,,,,,,,,,,,,,,,,,,,,,,,,,,,,,,,,,,,,,,,,,,,,,,,,,
,,,,,,,,,,,,,,,,,,,,,,,,,,,,,,,,,,,,,,,,,,,,,,,,,,,,,,,,,,,,,,,,,,,,,,,,,,,,,,,,,,,,,,,,,,,,,,,,,,,
,,,,,,,,,,,,,,,,,,,,,,,,,,,,,,,,,,,,,,,,,,,,,,,,,,,,,,,,,,,,,,,,,,,,,,,,,,,,,,,,,,,,,,,,,,,,,,,,,,,
,,,,,,,,,,,,,,,,,,,,,,,,,,,,,,,,,,,,,,,,,,,,,,,,,,,,,,,,,,,,,,,,,,,,,,,,,,,,,,,,,,,,,,,,,,,,,,,,,,,
,,,,,,,,,,,,,,,,,,,,,,,,,,,,,,,,,,,,,,,,,,,,,,,,,,,,,,,,,,,,,,,,,,,,,,,,,,,,,,,,,,,,,,,,,,,,,,,,,,,
,,,,,,,,,,,,,,,,,,,,,,,,,,,,,,,,,,,,,,,,,,,,,,,,,,,,,,,,,,,,,,,,,,,,,,,,,,,,,,,,,,,,,,,,,,,,,,,,,,,
,,,,,,,,,,,,,,,,,,,,,,,,,,,,,,,,,,,,,,,,,,,,,,,,,,,,,,,,,,,,,,,,,,,,,,,,,,,,,,,,,,,,,,,,,,,,,,,,,,,
,,,,,,,,,,,,,,,,,,,,,,,,,,,,,,,,,,,,,,,,,,,,,,,,,,,,,,,,,,,,,,,,,,,,,,,,,,,,,,,,,,,,,,,,,,,,,,,,,,,
,,,,,,,,,,,,,,,,,,,,,,,,,,,,,,,,,,,,,,,,,,,,,,,,,,,,,,,,,,,,,,,,,,,,,,,,,,,,,,,,,,,,,,,,,,,,,,,,,,,
,,,,,,,,,,,,,,,,,,,,,,,,,,,,,,,,,,,,,,,,,,,,,,,,,,,,,,,,,,,,,,,,,,,,,,,,,,,,,,,,,,,,,,,,,,,,,,,,,,,
,,,,,,,,,,,,,,,,,,,,,,,,,,,,,,,,,,,,,,,,,,,,,,,,,,,,,,,,,,,,,,,,,,,,,,,,,,,,,,,,,,,,,,,,,,,,,,,,,,,
,,,,,,,,,,,,,,,,,,,,,,,,,,,,,,,,,,,,,,,,,,,,,,,,,,,,,,,,,,,,,,,,,,,,,,,,,,,,,,,,,,,,,,,,,,,,,,,,,,,
,,,,,,,,,,,,,,,,,,,,,,,,,,,,,,,,,,,,,,,,,,,,,,,,,,,,,,,,,,,,,,,,,,,,,,,,,,,,,,,,,,,,,,,,,,,,,,,,,,,
,,,,,,,,,,,,,,,,,,,,,,,,,,,,,,,,,,,,,,,,,,,,,,,,,,,,,,,,,,,,,,,,,,,,,,,,,,,,,,,,,,,,,,,,,,,,,,,,,,,
,,,,,,,,,,,,,,,,,,,,,,,,,,,,,,,,,,,,,,,,,,,,,,,,,,,,,,,,,,,,,,,,,,,,,,,,,,,,,,,,,,,,,,,,,,,,,,,,,,,
,,,,,,,,,,,,,,,,,,,,,,,,,,,,,,,,,,,,,,,,,,,,,,,,,,,,,,,,,,,,,,,,,,,,,,,,,,,,,,,,,,,,,,,,,,,,,,,,,,,
,,,,,,,,,,,,,,,,,,,,,,,,,,,,,,,,,,,,,,,,,,,,,,,,,,,,,,,,,,,,,,,,,,,,,,,,,,,,,,,,,,,,,,,,,,,,,,,,,,,
,,,,,,,,,,,,,,,,,,,,,,,,,,,,,,,,,,,,,,,,,,,,,,,,,,,,,,,,,,,,,,,,,,,,,,,,,,,,,,,,,,,,,,,,,,,,,,,,,,,
,,,,,,,,,,,,,,,,,,,,,,,,,,,,,,,,,,,,,,,,,,,,,,,,,,,,,,,,,,,,,,,,,,,,,,,,,,,,,,,,,,,,,,,,,,,,,,,,,,,
,,,,,,,,,,,,,,,,,,,,,,,,,,,,,,,,,,,,,,,,,,,,,,,,,,,,,,,,,,,,,,,,,,,,,,,,,,,,,,,,,,,,,,,,,,,,,,,,,,,
,,,,,,,,,,,,,,,,,,,,,,,,,,,,,,,,,,,,,,,,,,,,,,,,,,,,,,,,,,,,,,,,,,,,,,,,,,,,,,,,,,,,,,,,,,,,,,,,,,,
,,,,,,,,,,,,,,,,,,,,,,,,,,,,,,,,,,,,,,,,,,,,,,,,,,,,,,,,,,,,,,,,,,,,,,,,,,,,,,,,,,,,,,,,,,,,,,,,,,,
,,,,,,,,,,,,,,,,,,,,,,,,,,,,,,,,,,,,,,,,,,,,,,,,,,,,,,,,,,,,,,,,,,,,,,,,,,,,,,,,,,,,,,,,,,,,,,,,,,,
,,,,,,,,,,,,,,,,,,,,,,,,,,,,,,,,,,,,,,,,,,,,,,,,,,,,,,,,,,,,,,,,,,,,,,,,,,,,,,,,,,,,,,,,,,,,,,,,,,,
,,,,,,,,,,,,,,,,,,,,,,,,,,,,,,,,,,,,,,,,,,,,,,,,,,,,,,,,,,,,,,,,,,,,,,,,,,,,,,,,,,,,,,,,,,,,,,,,,,,
,,,,,,,,,,,,,,,,,,,,,,,,,,,,,,,,,,,,,,,,,,,,,,,,,,,,,,,,,,,,,,,,,,,,,,,,,,,,,,,,,,,,,,,,,,,,,,,,,,,
,,,,,,,,,,,,,,,,,,,,,,,,,,,,,,,,,,,,,,,,,,,,,,,,,,,,,,,,,,,,,,,,,,,,,,,,,,,,,,,,,,,,,,,,,,,,,,,,,,,
,,,,,,,,,,,,,,,,,,,,,,,,,,,,,,,,,,,,,,,,,,,,,,,,,,,,,,,,,,,,,,,,,,,,,,,,,,,,,,,,,,,,,,,,,,,,,,,,,,,
,,,,,,,,,,,,,,,,,,,,,,,,,,,,,,,,,,,,,,,,,,,,,,,,,,,,,,,,,,,,,,,,,,,,,,,,,,,,,,,,,,,,,,,,,,,,,,,,,,,
,,,,,,,,,,,,,,,,,,,,,,,,,,,,,,,,,,,,,,,,,,,,,,,,,,,,,,,,,,,,,,,,,,,,,,,,,,,,,,,,,,,,,,,,,,,,,,,,,,,
,,,,,,,,,,,,,,,,,,,,,,,,,,,,,,,,,,,,,,,,,,,,,,,,,,,,,,,,,,,,,,,,,,,,,,,,,,,,,,,,,,,,,,,,,,,,,,,,,,,
,,,,,,,,,,,,,,,,,,,,,,,,,,,,,,,,,,,,,,,,,,,,,,,,,,,,,,,,,,,,,,,,,,,,,,,,,,,,,,,,,,,,,,,,,,,,,,,,,,,
,,,,,,,,,,,,,,,,,,,,,,,,,,,,,,,,,,,,,,,,,,,,,,,,,,,,,,,,,,,,,,,,,,,,,,,,,,,,,,,,,,,,,,,,,,,,,,,,,,,
,,,,,,,,,,,,,,,,,,,,,,,,,,,,,,,,,,,,,,,,,,,,,,,,,,,,,,,,,,,,,,,,,,,,,,,,,,,,,,,,,,,,,,,,,,,,,,,,,,,
,,,,,,,,,,,,,,,,,,,,,,,,,,,,,,,,,,,,,,,,,,,,,,,,,,,,,,,,,,,,,,,,,,,,,,,,,,,,,,,,,,,,,,,,,,,,,,,,,,,
,,,,,,,,,,,,,,,,,,,,,,,,,,,,,,,,,,,,,,,,,,,,,,,,,,,,,,,,,,,,,,,,,,,,,,,,,,,,,,,,,,,,,,,,,,,,,,,,,,,
,,,,,,,,,,,,,,,,,,,,,,,,,,,,,,,,,,,,,,,,,,,,,,,,,,,,,,,,,,,,,,,,,,,,,,,,,,,,,,,,,,,,,,,,,,,,,,,,,,,
,,,,,,,,,,,,,,,,,,,,,,,,,,,,,,,,,,,,,,,,,,,,,,,,,,,,,,,,,,,,,,,,,,,,,,,,,,,,,,,,,,,,,,,,,,,,,,,,,,,
,,,,,,,,,,,,,,,,,,,,,,,,,,,,,,,,,,,,,,,,,,,,,,,,,,,,,,,,,,,,,,,,,,,,,,,,,,,,,,,,,,,,,,,,,,,,,,,,,,,
,,,,,,,,,,,,,,,,,,,,,,,,,,,,,,,,,,,,,,,,,,,,,,,,,,,,,,,,,,,,,,,,,,,,,,,,,,,,,,,,,,,,,,,,,,,,,,,,,,,
,,,,,,,,,,,,,,,,,,,,,,,,,,,,,,,,,,,,,,,,,,,,,,,,,,,,,,,,,,,,,,,,,,,,,,,,,,,,,,,,,,,,,,,,,,,,,,,,,,,
,,,,,,,,,,,,,,,,,,,,,,,,,,,,,,,,,,,,,,,,,,,,,,,,,,,,,,,,,,,,,,,,,,,,,,,,,,,,,,,,,,,,,,,,,,,,,,,,,,,
,,,,,,,,,,,,,,,,,,,,,,,,,,,,,,,,,,,,,,,,,,,,,,,,,,,,,,,,,,,,,,,,,,,,,,,,,,,,,,,,,,,,,,,,,,,,,,,,,,,
,,,,,,,,,,,,,,,,,,,,,,,,,,,,,,,,,,,,,,,,,,,,,,,,,,,,,,,,,,,,,,,,,,,,,,,,,,,,,,,,,,,,,,,,,,,,,,,,,,,
,,,,,,,,,,,,,,,,,,,,,,,,,,,,,,,,,,,,,,,,,,,,,,,,,,,,,,,,,,,,,,,,,,,,,,,,,,,,,,,,,,,,,,,,,,,,,,,,,,,
,,,,,,,,,,,,,,,,,,,,,,,,,,,,,,,,,,,,,,,,,,,,,,,,,,,,,,,,,,,,,,,,,,,,,,,,,,,,,,,,,,,,,,,,,,,,,,,,,,,
,,,,,,,,,,,,,,,,,,,,,,,,,,,,,,,,,,,,,,,,,,,,,,,,,,,,,,,,,,,,,,,,,,,,,,,,,,,,,,,,,,,,,,,,,,,,,,,,,,,
,,,,,,,,,,,,,,,,,,,,,,,,,,,,,,,,,,,,,,,,,,,,,,,,,,,,,,,,,,,,,,,,,,,,,,,,,,,,,,,,,,,,,,,,,,,,,,,,,,,
,,,,,,,,,,,,,,,,,,,,,,,,,,,,,,,,,,,,,,,,,,,,,,,,,,,,,,,,,,,,,,,,,,,,,,,,,,,,,,,42,,,,,,,,,,,,,,,,,,,,
,,,,,,,,,,,,,,,,,,,,,,,,,,,,,,,,,,,,,,,,,,,,,,,,,,,,,,,,,,39,,,,,,,,,,,,,,,,,,,,,,,,,,,,,,,,,,,,,,,,,
,,,,,,,,,,,,,,,,,,,,,,,,,,,,,,,,,,,,,,,,,,,,,,,,,,,,,,,,,,,,,,,,,,,,,,,,,,,,,,,,,,,,,,,,,,,,,,,,,,,
,,,,,,,,,,,,,,,,,,,,,,,,,,,,,,,,,,,,,,,,,,,,,,,,,,,,,,,,,,,,,,,,,,,,,,,,,,,,,,,,,,,,,,,,,,,,,,,,,,,
,,,,,,,,,,,,,,,,,,,,,,,,,,,,,,,,,,,,,,,,,,,,,,,,,,,,,,,,,,,,,,,,,,,,,,,,,,,,,,,,,,,,,,,,,,,,,,,,,,,
,,,,,,,,,,,,,,,,,,,,,,,,,,,,,,,,,,,,,,,,,,,,,,,,,,,,,,,,,,,,,,,,41,,,,,,,,,,,,,,,,,,,,,,,,,,,,,,,,,,,
,,,,,,,,,,,,,,,,,,,,,,,,,,,,,,,,,,,,,,,,,,,,,,,,,,,,,,40,,,,,,,,,,,,,,,,,,,,,,,,,,,,,,,,,,,,,,,,,,,,,
,,,,,,,,,,,,,,,,,,,,,,,,,,,,,,,,,,,,,,,,,,,,,,,,,,,,,,,,,,,,,,,,,,,,,,,,,,,,,,,,,,,,,,,,,,,,,,,,,,,
,,,,,,,,,,,,,,,,,,,,,,,,,,,,,,,,,,,,,,,,,,,,,,,,,,,,,,,,,,,,,,,,,,,,,,,,,,,,,,,,,,,,,,,,,,,,,,,,,,,
,,,,,,,,,,,,,,,,,,,,,,,,,,,,,,,,,,,,,,,,,,,,,,,,,,,,,,,,,,,,,,,,,,,,,,,,,,,,,,,,,,,,,,,,,,,,,,,,,,,
,,,,,,,,,,,,,,,,,,,,,,,,,,,,,,,,,,,,,,,,,,,,,,,,,,,,,,,,,,,,,,,,,,,,,,,,,,,,,,,,,,,,,,,,,,,,,,,,,,,
,,,,,,,,,,,,,,,,,,,,,,,,,,,,,,,,,,,,,,,,,,,,,,,,,,,,,,,,,,,,,,,,,,,,,,,,,,,,,,,,,,,,,,,,,,,,,,,,,,,
,,,,,,,,,,,,,,,,,,,,,,,,,,,,,,,,,,,,,,,,,,,,,,,,,,,,,,,,,,,,,,,,,,,,,,,,,,,,,,,,,,,,,,,,,,,,,,,,,,,
,,,,,,,,,,,,,,,,,,,,,,,,,,,,,,,,,,,,,,,,,,,,,,,,,,,,,,,,,,,,,,,,,,,,,,,,,,,,,,,,,,,,,,,,,,,,,,,,,,,
,,,,,,,,,,,,,,,,,,,,,,,,,,,,,,,,,,,,,,,,,,,,,,,,,,,,,,,,,,,,,,,,,,,,,,,,,,,,,,,,,,,,,,,,,,,,,,,,,,,
,,,,,,,,,,,,,,,,,,,,,,,,,,,,,,,,,,,,,,,,,,,,,,,,,,,,,,,,,,,,,,,,,,,,,,,,,,,,,,,,,,,,,,,,,,,,,,,,,,,
,,,,,,,,,,,,,,,,,,,,,,,,,,,,,,,,,,,,,,,,,,,,,,,,,,,,,,,,,,,,,,,,,,,,,,,,,,,,,,,,,,,,,,,,,,,,,,,,,,,
,,,,,,,,,,,,,,,,,,,,,,,,,,,,,,,,,,,,,,,,,,,,,,,,,,,,,,,,,,,,,,,,,,,,,,,,,,,,,,,,,,,,,,,,,,,,,,,,,,,
MoveObject: type=2 stepAdvance=1 stepRecede=1 timeStopStart=0 timeStopEnd=0 posStart=258;2564 posEnd=258;2564 posCurrent=258;2564 step=1 time=0 phase=1343 channel=10 icon=17 
MoveObject: type=2 stepAdvance=1 stepRecede=1 timeStopStart=0 timeStopEnd=0 posStart=386;2628 posEnd=386;2628 posCurrent=386;2628 step=1 time=0 phase=1343 channel=10 icon=17 
MoveObject: type=1 stepAdvance=60 stepRecede=60 timeStopStart=10 timeStopEnd=10 posStart=960;2880 posEnd=1344;2880 posCurrent=1190;2880 step=2 time=36 phase=1343 channel=1 icon=218 
MoveObject: type=1 stepAdvance=60 stepRecede=60 timeStopStart=10 timeStopEnd=10 posStart=1792;2880 posEnd=1408;2880 posCurrent=1562;2880 step=2 time=36 phase=1343 channel=1 icon=218 
MoveObject: type=3 stepAdvance=1 stepRecede=1 timeStopStart=0 timeStopEnd=0 posStart=514;2624 posEnd=514;2624 posCurrent=514;2624 step=1 time=0 phase=1343 channel=10 icon=53 
MoveObject: type=2 stepAdvance=1 stepRecede=1 timeStopStart=0 timeStopEnd=0 posStart=3266;2884 posEnd=3266;2884 posCurrent=3266;2884 step=1 time=0 phase=1343 channel=10 icon=17 
MoveObject: type=2 stepAdvance=1 stepRecede=1 timeStopStart=0 timeStopEnd=0 posStart=3330;2884 posEnd=3330;2884 posCurrent=3330;2884 step=1 time=0 phase=1343 channel=10 icon=17 
MoveObject: type=2 stepAdvance=1 stepRecede=1 timeStopStart=0 timeStopEnd=0 posStart=3394;2884 posEnd=3394;2884 posCurrent=3394;2884 step=1 time=0 phase=1343 channel=10 icon=17 
MoveObject: type=1 stepAdvance=80 stepRecede=80 timeStopStart=20 timeStopEnd=20 posStart=3712;2944 posEnd=3968;2944 posCurrent=3968;2944 step=3 time=17 phase=1343 channel=1 icon=218 
MoveObject: type=1 stepAdvance=80 stepRecede=80 timeStopStart=20 timeStopEnd=20 posStart=3776;2944 posEnd=4032;2944 posCurrent=4032;2944 step=3 time=17 phase=1343 channel=1 icon=218 
MoveObject: type=2 stepAdvance=1 stepRecede=1 timeStopStart=0 timeStopEnd=0 posStart=4802;2628 posEnd=4802;2628 posCurrent=4802;2628 step=1 time=0 phase=1343 channel=10 icon=17 
MoveObject: type=2 stepAdvance=1 stepRecede=1 timeStopStart=0 timeStopEnd=0 posStart=5058;2628 posEnd=5058;2628 posCurrent=5058;2628 step=1 time=0 phase=1343 channel=10 icon=17 
MoveObject: type=2 stepAdvance=1 stepRecede=1 timeStopStart=0 timeStopEnd=0 posStart=5378;2628 posEnd=5378;2628 posCurrent=5378;2628 step=1 time=0 phase=1343 channel=10 icon=17 
MoveObject: type=24 stepAdvance=1 stepRecede=1 timeStopStart=0 timeStopEnd=0 posStart=4674;5637 posEnd=4674;5637 posCurrent=4674;5637 step=1 time=0 phase=1343 channel=10 icon=135 
MoveObject: type=24 stepAdvance=1 stepRecede=1 timeStopStart=0 timeStopEnd=0 posStart=4738;5637 posEnd=4738;5637 posCurrent=4738;5637 step=1 time=0 phase=1343 channel=10 icon=135 
MoveObject: type=24 stepAdvance=1 stepRecede=1 timeStopStart=0 timeStopEnd=0 posStart=4802;5637 posEnd=4802;5637 posCurrent=4802;5637 step=1 time=0 phase=1343 channel=10 icon=135 
MoveObject: type=24 stepAdvance=1 stepRecede=1 timeStopStart=0 timeStopEnd=0 posStart=4866;5637 posEnd=4866;5637 posCurrent=4866;5637 step=1 time=0 phase=1343 channel=10 icon=135 
MoveObject: type=1 stepAdvance=40 stepRecede=40 timeStopStart=20 timeStopEnd=20 posStart=4864;2688 posEnd=4992;2688 posCurrent=4928;2688 step=4 time=20 phase=1343 channel=1 icon=218 
MoveObject: type=1 stepAdvance=40 stepRecede=40 timeStopStart=20 timeStopEnd=20 posStart=5248;2688 posEnd=5120;2688 posCurrent=5184;2688 step=4 time=20 phase=1343 channel=1 icon=218 
MoveObject: type=2 stepAdvance=1 stepRecede=1 timeStopStart=0 timeStopEnd=0 posStart=4354;5636 posEnd=4354;5636 posCurrent=4354;5636 step=1 time=0 phase=1343 channel=10 icon=17 
MoveObject: type=2 stepAdvance=1 stepRecede=1 timeStopStart=0 timeStopEnd=0 posStart=4290;5636 posEnd=4290;5636 posCurrent=4290;5636 step=1 time=0 phase=1343 channel=10 icon=17 
MoveObject: type=2 stepAdvance=1 stepRecede=1 timeStopStart=0 timeStopEnd=0 posStart=4226;5636 posEnd=4226;5636 posCurrent=4226;5636 step=1 time=0 phase=1343 channel=10 icon=17 
MoveObject: type=2 stepAdvance=1 stepRecede=1 timeStopStart=0 timeStopEnd=0 posStart=4162;5636 posEnd=4162;5636 posCurrent=4162;5636 step=1 time=0 phase=1343 channel=10 icon=17 
MoveObject: type=2 stepAdvance=1 stepRecede=1 timeStopStart=0 timeStopEnd=0 posStart=4098;5572 posEnd=4098;5572 posCurrent=4098;5572 step=1 time=0 phase=1343 channel=10 icon=17 
MoveObject: type=2 stepAdvance=1 stepRecede=1 timeStopStart=0 timeStopEnd=0 posStart=4034;5572 posEnd=4034;5572 posCurrent=4034;5572 step=1 time=0 phase=1343 channel=10 icon=17 
MoveObject: type=2 stepAdvance=1 stepRecede=1 timeStopStart=0 timeStopEnd=0 posStart=3970;5508 posEnd=3970;5508 posCurrent=3970;5508 step=1 time=0 phase=1343 channel=10 icon=17 
MoveObject: type=2 stepAdvance=1 stepRecede=1 timeStopStart=0 timeStopEnd=0 posStart=3906;5508 posEnd=3906;5508 posCurrent=3906;5508 step=1 time=0 phase=1343 channel=10 icon=17 
MoveObject: type=2 stepAdvance=1 stepRecede=1 timeStopStart=0 timeStopEnd=0 posStart=3842;5572 posEnd=3842;5572 posCurrent=3842;5572 step=1 time=0 phase=1343 channel=10 icon=17 
MoveObject: type=2 stepAdvance=1 stepRecede=1 timeStopStart=0 timeStopEnd=0 posStart=3778;5572 posEnd=3778;5572 posCurrent=3778;5572 step=1 time=0 phase=1343 channel=10 icon=17 
MoveObject: type=2 stepAdvance=1 stepRecede=1 timeStopStart=0 timeStopEnd=0 posStart=3714;5636 posEnd=3714;5636 posCurrent=3714;5636 step=1 time=0 phase=1343 channel=10 icon=17 
MoveObject: type=2 stepAdvance=1 stepRecede=1 timeStopStart=0 timeStopEnd=0 posStart=3650;5636 posEnd=3650;5636 posCurrent=3650;5636 step=1 time=0 phase=1343 channel=10 icon=17 
MoveObject: type=2 stepAdvance=1 stepRecede=1 timeStopStart=0 timeStopEnd=0 posStart=3586;5636 posEnd=3586;5636 posCurrent=3586;5636 step=1 time=0 phase=1343 channel=10 icon=17 
MoveObject: type=2 stepAdvance=1 stepRecede=1 timeStopStart=0 timeStopEnd=0 posStart=3522;5636 posEnd=3522;5636 posCurrent=3522;5636 step=1 time=0 phase=1343 channel=10 icon=17 
MoveObject: type=2 stepAdvance=1 stepRecede=1 timeStopStart=0 timeStopEnd=0 posStart=322;3972 posEnd=322;3972 posCurrent=322;3972 step=1 time=0 phase=1343 channel=10 icon=17 
MoveObject: type=2 stepAdvance=1 stepRecede=1 timeStopStart=0 timeStopEnd=0 posStart=258;4036 posEnd=258;4036 posCurrent=258;4036 step=1 time=0 phase=1343 channel=10 icon=17 
MoveObject: type=2 stepAdvance=1 stepRecede=1 timeStopStart=0 timeStopEnd=0 posStart=322;4228 posEnd=322;4228 posCurrent=322;4228 step=1 time=0 phase=1343 channel=10 icon=17 
MoveObject: type=2 stepAdvance=1 stepRecede=1 timeStopStart=0 timeStopEnd=0 posStart=386;4228 posEnd=386;4228 posCurrent=386;4228 step=1 time=0 phase=1343 channel=10 icon=17 
MoveObject: type=2 stepAdvance=1 stepRecede=1 timeStopStart=0 timeStopEnd=0 posStart=450;4228 posEnd=450;4228 posCurrent=450;4228 step=1 time=0 phase=1343 channel=10 icon=17 
MoveObject: type=2 stepAdvance=1 stepRecede=1 timeStopStart=0 timeStopEnd=0 posStart=514;4228 posEnd=514;4228 posCurrent=514;4228 step=1 time=0 phase=1343 channel=10 icon=17 
MoveObject: type=2 stepAdvance=1 stepRecede=1 timeStopStart=0 timeStopEnd=0 posStart=706;3780 posEnd=706;3780 posCurrent=706;3780 step=1 time=0 phase=1343 channel=10 icon=17 
MoveObject: type=2 stepAdvance=1 stepRecede=1 timeStopStart=0 timeStopEnd=0 posStart=770;3780 posEnd=770;3780 posCurrent=770;3780 step=1 time=0 phase=1343 channel=10 icon=17 
MoveObject: type=2 stepAdvance=1 stepRecede=1 timeStopStart=0 timeStopEnd=0 posStart=898;3780 posEnd=898;3780 posCurrent=898;3780 step=1 time=0 phase=1343 channel=10 icon=17 
MoveObject: type=2 stepAdvance=1 stepRecede=1 timeStopStart=0 timeStopEnd=0 posStart=962;3780 posEnd=962;3780 posCurrent=962;3780 step=1 time=0 phase=1343 channel=10 icon=17 
MoveObject: type=2 stepAdvance=1 stepRecede=1 timeStopStart=0 timeStopEnd=0 posStart=1026;3780 posEnd=1026;3780 posCurrent=1026;3780 step=1 time=0 phase=1343 channel=10 icon=17 
MoveObject: type=2 stepAdvance=1 stepRecede=1 timeStopStart=0 timeStopEnd=0 posStart=1154;3780 posEnd=1154;3780 posCurrent=1154;3780 step=1 time=0 phase=1343 channel=10 icon=17 
MoveObject: type=2 stepAdvance=1 stepRecede=1 timeStopStart=0 timeStopEnd=0 posStart=1218;3780 posEnd=1218;3780 posCurrent=1218;3780 step=1 time=0 phase=1343 channel=10 icon=17 
MoveObject: type=2 stepAdvance=1 stepRecede=1 timeStopStart=0 timeStopEnd=0 posStart=1282;3780 posEnd=1282;3780 posCurrent=1282;3780 step=1 time=0 phase=1343 channel=10 icon=17 
MoveObject: type=2 stepAdvance=1 stepRecede=1 timeStopStart=0 timeStopEnd=0 posStart=1410;3780 posEnd=1410;3780 posCurrent=1410;3780 step=1 time=0 phase=1343 channel=10 icon=17 
MoveObject: type=2 stepAdvance=1 stepRecede=1 timeStopStart=0 timeStopEnd=0 posStart=1474;3780 posEnd=1474;3780 posCurrent=1474;3780 step=1 time=0 phase=1343 channel=10 icon=17 
MoveObject: type=2 stepAdvance=1 stepRecede=1 timeStopStart=0 timeStopEnd=0 posStart=1538;3780 posEnd=1538;3780 posCurrent=1538;3780 step=1 time=0 phase=1343 channel=10 icon=17 
MoveObject: type=2 stepAdvance=1 stepRecede=1 timeStopStart=0 timeStopEnd=0 posStart=1666;3780 posEnd=1666;3780 posCurrent=1666;3780 step=1 time=0 phase=1343 channel=10 icon=17 
MoveObject: type=2 stepAdvance=1 stepRecede=1 timeStopStart=0 timeStopEnd=0 posStart=1730;3780 posEnd=1730;3780 posCurrent=1730;3780 step=1 time=0 phase=1343 channel=10 icon=17 
MoveObject: type=2 stepAdvance=1 stepRecede=1 timeStopStart=0 timeStopEnd=0 posStart=1794;3780 posEnd=1794;3780 posCurrent=1794;3780 step=1 time=0 phase=1343 channel=10 icon=17 
MoveObject: type=2 stepAdvance=1 stepRecede=1 timeStopStart=0 timeStopEnd=0 posStart=514;2500 posEnd=514;2500 posCurrent=514;2500 step=1 time=0 phase=1343 channel=10 icon=17 
MoveObject: type=24 stepAdvance=1 stepRecede=1 timeStopStart=0 timeStopEnd=0 posStart=2370;2885 posEnd=2370;2885 posCurrent=2370;2885 step=1 time=0 phase=1343 channel=10 icon=135 
MoveObject: type=24 stepAdvance=1 stepRecede=1 timeStopStart=0 timeStopEnd=0 posStart=2434;2885 posEnd=2434;2885 posCurrent=2434;2885 step=1 time=0 phase=1343 channel=10 icon=135 
MoveObject: type=2 stepAdvance=1 stepRecede=1 timeStopStart=0 timeStopEnd=0 posStart=962;2692 posEnd=962;2692 posCurrent=962;2692 step=1 time=0 phase=1343 channel=10 icon=17 
MoveObject: type=1 stepAdvance=80 stepRecede=80 timeStopStart=20 timeStopEnd=20 posStart=3840;2944 posEnd=4096;2944 posCurrent=4096;2944 step=3 time=17 phase=1343 channel=1 icon=218 
MoveObject: type=2 stepAdvance=1 stepRecede=1 timeStopStart=0 timeStopEnd=0 posStart=4226;2884 posEnd=4226;2884 posCurrent=4226;2884 step=1 time=0 phase=1343 channel=10 icon=17 
MoveObject: type=2 stepAdvance=1 stepRecede=1 timeStopStart=0 timeStopEnd=0 posStart=4290;2884 posEnd=4290;2884 posCurrent=4290;2884 step=1 time=0 phase=1343 channel=10 icon=17 
MoveObject: type=6 stepAdvance=1 stepRecede=1 timeStopStart=0 timeStopEnd=0 posStart=3330;2760 posEnd=3330;2760 posCurrent=3330;2760 step=1 time=0 phase=1343 channel=10 icon=28 
MoveObject: type=6 stepAdvance=1 stepRecede=1 timeStopStart=0 timeStopEnd=0 posStart=3266;2760 posEnd=3266;2760 posCurrent=3266;2760 step=1 time=0 phase=1343 channel=10 icon=28 
MoveObject: type=6 stepAdvance=1 stepRecede=1 timeStopStart=0 timeStopEnd=0 posStart=3394;2760 posEnd=3394;2760 posCurrent=3394;2760 step=1 time=0 phase=1343 channel=10 icon=28 
MoveObject: type=2 stepAdvance=1 stepRecede=1 timeStopStart=0 timeStopEnd=0 posStart=4994;5636 posEnd=4994;5636 posCurrent=4994;5636 step=1 time=0 phase=1343 channel=10 icon=17 
MoveObject: type=1 stepAdvance=40 stepRecede=40 timeStopStart=20 timeStopEnd=20 posStart=4736;2688 posEnd=4608;2688 posCurrent=4672;2688 step=4 time=20 phase=1343 channel=1 icon=218 
MoveObject: type=2 stepAdvance=1 stepRecede=1 timeStopStart=0 timeStopEnd=0 posStart=5890;5636 posEnd=5890;5636 posCurrent=5890;5636 step=1 time=0 phase=1343 channel=10 icon=17 
MoveObject: type=24 stepAdvance=1 stepRecede=1 timeStopStart=0 timeStopEnd=0 posStart=770;4101 posEnd=770;4101 posCurrent=770;4101 step=1 time=0 phase=1343 channel=10 icon=135 
MoveObject: type=5 stepAdvance=1 stepRecede=1 timeStopStart=0 timeStopEnd=0 posStart=5378;5828 posEnd=5378;5828 posCurrent=5378;5828 step=1 time=0 phase=1343 channel=10 icon=7 
MoveObject: type=5 stepAdvance=1 stepRecede=1 timeStopStart=0 timeStopEnd=0 posStart=5314;5764 posEnd=5314;5764 posCurrent=5314;5764 step=1 time=0 phase=1343 channel=10 icon=7 
MoveObject: type=5 stepAdvance=1 stepRecede=1 timeStopStart=0 timeStopEnd=0 posStart=5250;5700 posEnd=5250;5700 posCurrent=5250;5700 step=1 time=0 phase=1343 channel=10 icon=7 
MoveObject: type=5 stepAdvance=1 stepRecede=1 timeStopStart=0 timeStopEnd=0 posStart=5506;5828 posEnd=5506;5828 posCurrent=5506;5828 step=1 time=0 phase=1343 channel=10 icon=7 
MoveObject: type=5 stepAdvance=1 stepRecede=1 timeStopStart=0 timeStopEnd=0 posStart=5570;5764 posEnd=5570;5764 posCurrent=5570;5764 step=1 time=0 phase=1343 channel=10 icon=7 
MoveObject: type=5 stepAdvance=1 stepRecede=1 timeStopStart=0 timeStopEnd=0 posStart=5634;5700 posEnd=5634;5700 posCurrent=5634;5700 step=1 time=0 phase=1343 channel=10 icon=7 
MoveObject: type=5 stepAdvance=1 stepRecede=1 timeStopStart=0 timeStopEnd=0 posStart=5442;5892 posEnd=5442;5892 posCurrent=5442;5892 step=1 time=0 phase=1343 channel=10 icon=7 
MoveObject: type=24 stepAdvance=1 stepRecede=1 timeStopStart=0 timeStopEnd=0 posStart=898;4101 posEnd=898;4101 posCurrent=898;4101 step=1 time=0 phase=1343 channel=10 icon=135 
MoveObject: type=16 stepAdvance=20 stepRecede=20 timeStopStart=0 timeStopEnd=0 posStart=5312;5568 posEnd=5184;5568 posCurrent=5184;5568 step=4 time=0 phase=1343 channel=10 icon=70 
MoveObject: type=16 stepAdvance=20 stepRecede=20 timeStopStart=0 timeStopEnd=0 posStart=5568;5568 posEnd=5696;5568 posCurrent=5696;5568 step=4 time=0 phase=1343 channel=10 icon=70 
MoveObject: type=24 stepAdvance=1 stepRecede=1 timeStopStart=0 timeStopEnd=0 posStart=1026;4101 posEnd=1026;4101 posCurrent=1026;4101 step=1 time=0 phase=1343 channel=10 icon=135 
MoveObject: type=24 stepAdvance=1 stepRecede=1 timeStopStart=0 timeStopEnd=0 posStart=1154;4101 posEnd=1154;4101 posCurrent=1154;4101 step=1 time=0 phase=1343 channel=10 icon=135 
MoveObject: type=6 stepAdvance=1 stepRecede=1 timeStopStart=0 timeStopEnd=0 posStart=6082;5512 posEnd=6082;5512 posCurrent=6082;5512 step=1 time=0 phase=1343 channel=10 icon=28 
MoveObject: type=1 stepAdvance=30 stepRecede=30 timeStopStart=10 timeStopEnd=10 posStart=2688;5632 posEnd=2688;5440 posCurrent=2688;5632 step=4 time=30 phase=1343 channel=1 icon=217 
MoveObject: type=1 stepAdvance=30 stepRecede=30 timeStopStart=10 timeStopEnd=10 posStart=2752;5248 posEnd=2752;5440 posCurrent=2752;5248 step=4 time=30 phase=1343 channel=1 icon=217 
MoveObject: type=1 stepAdvance=30 stepRecede=30 timeStopStart=10 timeStopEnd=10 posStart=2688;5248 posEnd=2688;5056 posCurrent=2688;5248 step=4 time=30 phase=1343 channel=1 icon=217 
MoveObject: type=1 stepAdvance=30 stepRecede=30 timeStopStart=10 timeStopEnd=10 posStart=2752;4864 posEnd=2752;5056 posCurrent=2752;4864 step=4 time=30 phase=1343 channel=1 icon=217 
MoveObject: type=1 stepAdvance=30 stepRecede=30 timeStopStart=10 timeStopEnd=10 posStart=2688;4864 posEnd=2688;4672 posCurrent=2688;4864 step=4 time=30 phase=1343 channel=1 icon=217 
MoveObject: type=21 stepAdvance=1 stepRecede=1 timeStopStart=0 timeStopEnd=0 posStart=1986;3780 posEnd=1986;3780 posCurrent=1986;3780 step=1 time=0 phase=1343 channel=10 icon=125 
MoveObject: type=24 stepAdvance=1 stepRecede=1 timeStopStart=0 timeStopEnd=0 posStart=2306;2885 posEnd=2306;2885 posCurrent=2306;2885 step=1 time=0 phase=1343 channel=10 icon=135 
MoveObject: type=24 stepAdvance=1 stepRecede=1 timeStopStart=0 timeStopEnd=0 posStart=2562;2885 posEnd=2562;2885 posCurrent=2562;2885 step=1 time=0 phase=1343 channel=10 icon=135 
MoveObject: type=2 stepAdvance=1 stepRecede=1 timeStopStart=0 timeStopEnd=0 posStart=4354;2884 posEnd=4354;2884 posCurrent=4354;2884 step=1 time=0 phase=1343 channel=10 icon=17 
MoveObject: type=24 stepAdvance=1 stepRecede=1 timeStopStart=0 timeStopEnd=0 posStart=2498;2885 posEnd=2498;2885 posCurrent=2498;2885 step=1 time=0 phase=1343 channel=10 icon=135 
MoveObject: type=2 stepAdvance=1 stepRecede=1 timeStopStart=0 timeStopEnd=0 posStart=386;3972 posEnd=386;3972 posCurrent=386;3972 step=1 time=0 phase=1343 channel=10 icon=17 
