DescFile: posDecor=360;2900 dimDecor=100;100 world=0 music=3 region=22 blupiPos=706;3206 blupiDir=2 
Decor: 
,,,,,,,,,,,,,,,,,,,,,,,,,,,,,,,,,,,,,,,,,,,,,,,,,,,,,,,,,,,,,,,,,,,,,,,,,,,,,,,,,,,,,,,,,,,,,,,,,,,
,,,,,,,,,,,,,,,,,,,,,,,,,,,,,,,,,,,,,,,,,,,,,,,,,,,,,,,,,,,,,,,,,,,,,,,,,,,,,,,,,,,,,,,,,,,,,,,,,,,
,,,,,,,,,,,,,,,,,,,,,,,,,,,,,,,,,,,,,,,,,220,233,217,215,219,217,219,215,231,218,219,218,218,216,233,,,,,,,,,,,,,,,,,,,,,,,,,,,,,,,,,,,,,,,,,,,,
,,,,,,,,,,,,,,,,,,,,,,,,,,,,,,,,,,,,,,,,,218,215,220,230,215,231,233,215,222,217,221,222,222,218,220,,,,,,,,,,,,,,,,,,,,,,,,,,,,,,,,,,,,,,,,,,,,
,,,,,,,,,,,,,,,,,,,,,,,,,,,,,,,,,,,,,,,,,230,221,233,219,217,222,234,234,222,230,221,230,220,230,233,,,,,,,,,,,,,,,,,,,,,,,,,,,,,,,,,,,,,,,,,,,,
,,,,,,,,,,,,,,,,,,,,,,,,,,,,,,,,,,,,,,,,,221,231,218,231,219,234,219,218,221,219,222,216,217,222,220,,,,,,,,,,,,,,,,,,,,,,,,,,,,,,,,,,,,,,,,,,,,
,,,,,,,,,,,,,,,,,,,,,,,,,,,,,,,,,,,,,,,,,215,216,215,234,233,230,219,230,222,233,215,233,230,217,218,,,,,,,,,,,,,,,,,,,,,,,,,,,,,,,,,,,,,,,,,,,,
,,,,,,,,,,,,,,,,,,,,,,,,,,,,,,,,,,,,,,,,,219,215,219,221,233,215,215,230,215,220,234,233,215,231,230,,,,,,,,,,,,,,,,,,,,,,,,,,,,,,,,,,,,,,,,,,,,
,,,,,,,,,,,,,,,,,,,,,,,,,,,,,,,,,,,,,,,,,217,231,234,233,215,234,,,,,218,222,222,231,231,,,,,,,,,,,,,,,,,,,,,,,,,,,,,,,,,,,,,,,,,,,,
,,,,,,,,,,,,,,,,,,,,,,,,,,,,,,,,,,,,,,,,,219,230,222,218,231,215,,,,,231,216,233,215,221,,,,,,,,,,,,,,,,,,,,,,,,,,,,,,,,,,,,,,,,,,,,
,,,,,,,,,,,,,,,,,,,,,,,,,,,,,,,,,,,,,,,,,230,221,230,218,221,215,,,215,235,221,221,230,221,222,,,,,,,,,,,,,,,,,,,,,,,,,,,,,,,,,,,,,,,,,,,,
,,,,,,,,,,,,,,,,,,,,,,,,,,,,,,,,,,,,,,,,,219,218,230,218,216,234,,,,,216,234,233,216,217,,,,,,,,,,,,,,,,,,,,,,,,,,,,,,,,,,,,,,,,,,,,
,,,,,,,,,,220,215,219,233,217,220,219,216,216,218,220,234,231,219,219,230,221,233,220,,,,,,,,,,,,,222,234,217,217,231,230,,,215,235,216,221,233,217,234,,,,,,,,,,,,,,,,,,,,,,,,,,,,,,,,,,,,,,,,,,,,
,,,,,,,,,,222,230,215,220,233,220,230,233,215,231,216,230,219,220,218,230,217,234,220,,,,,,,,,,,,,219,231,233,215,215,215,,,,,220,231,218,216,233,,,,,,,,,,,,,,,,,,,,,,,,,,,,,,,,,,,,,,,,,,,,
,,,,,,,,,,218,230,217,230,220,219,233,221,231,218,231,222,218,234,216,234,221,218,222,216,216,222,220,215,216,230,221,218,230,217,215,218,216,215,230,234,216,,,,,231,230,219,218,219,,,,,,,,,,,,,,,,,,,,,,,,,,,,,,,,,,,,,,,,,,,,
,,,,,,,,,,216,222,233,215,219,221,234,219,234,222,221,231,218,220,222,222,234,221,220,218,217,230,218,217,221,219,220,215,215,230,219,215,218,234,216,216,220,221,221,231,236,218,218,230,222,233,,,,,,,,,,,,,,,,,,,,,,,,,,,,,,,,,,,,,,,,,,,,
,,,,,,,,,,216,233,219,219,220,231,221,217,234,217,215,231,233,218,233,231,231,230,220,230,233,222,220,217,221,219,216,218,222,217,217,215,230,222,220,218,219,230,215,233,,220,217,219,234,218,,,,,,,,,,,,,,,,,,,,,,,,,,,,,,,,,,,,,,,,,,,,
,,,,,,,,,,219,215,233,230,221,218,231,234,218,221,230,219,231,233,222,230,219,221,233,217,220,219,221,215,233,230,222,218,218,220,222,222,230,233,216,234,219,217,234,219,,219,216,217,219,221,,,,,,,,,,,,,,,,,,,,,,,,,,,,,,,,,,,,,,,,,,,,
,,,,,,,,,,220,215,222,231,221,231,234,217,218,221,234,219,218,216,233,234,230,217,230,215,217,219,217,233,219,220,219,219,234,219,234,230,221,217,217,222,218,220,222,222,,217,230,233,233,234,,,,,,,,,,,,,,,,,,,,,,,,,,,,,,,,,,,,,,,,,,,,
,,,,,,,,,,215,231,215,221,233,220,230,220,219,234,233,219,234,220,230,215,215,231,215,233,220,219,217,221,230,230,230,218,219,218,215,234,231,218,217,216,221,216,222,221,,218,222,230,220,215,,,,,,,,,,,,,,,,,,,,,,,,,,,,,,,,,,,,,,,,,,,,
,,,,,,,,,,218,231,231,220,222,234,233,217,219,216,218,221,218,215,218,216,233,218,217,222,233,233,217,220,221,216,215,,,,217,221,216,218,230,222,219,233,218,231,236,233,216,219,215,217,,,,,,,,,,,,,,,,,,,,,,,,,,,,,,,,,,,,,,,,,,,,
,,,,,,,,,,234,220,219,217,220,233,221,218,218,215,231,234,231,217,231,222,230,218,220,234,218,221,222,215,218,219,,,,,,234,233,216,221,233,216,,,,,219,222,218,221,217,,,,,,,,,,,,,,,,,,,,,,,,,,,,,,,,,,,,,,,,,,,,
,,,,,,,,,,221,230,220,216,231,220,219,219,231,219,218,220,220,218,220,222,218,234,234,234,234,233,217,222,222,219,,,215,235,235,231,222,219,218,219,221,,,,,219,233,234,216,230,,,,,,,,,,,,,,,,,,,,,,,,,,,,,,,,,,,,,,,,,,,,
,,,,,,,,,,219,220,234,222,215,216,221,220,215,230,222,233,221,219,216,219,219,218,220,220,221,220,230,233,215,216,,,,,,234,230,218,222,217,230,,,215,235,218,219,217,233,219,,,,,,,,,,,,,,,,,,,,,,,,,,,,,,,,,,,,,,,,,,,,
,,,,,,,,,,221,218,219,233,217,216,221,231,216,216,216,216,216,216,216,216,216,216,216,216,218,221,220,217,222,216,217,,,,231,221,230,216,215,216,217,,,,,231,233,230,234,220,,,,,,,,,,,,,,,,,,,,,,,,,,,,,,,,,,,,,,,,,,,,
,,,,,,,,,,220,231,217,231,230,218,233,216,216,,,,,,,,,,216,219,215,215,216,230,216,218,234,217,236,236,218,215,221,217,215,221,215,,,215,235,220,215,218,218,233,,,,,,,,,,,,,,,,,,,,,,,,,,,,,,,,,,,,,,,,,,,,
,,,,,,,,,,215,233,219,215,217,220,216,216,,,,,,,,,,,216,231,217,216,221,216,218,219,230,217,,,233,221,217,222,217,220,230,,,,,221,234,221,218,230,,,,,,,,,,,,,,,,,,,,,,,,,,,,,,,,,,,,,,,,,,,,
,,,,,,,,,,221,216,234,233,234,216,216,,,,,,,,,,215,235,216,215,215,215,234,215,215,215,215,215,,,230,215,220,218,222,218,221,,,,,219,216,234,234,234,219,231,220,220,221,,,,,,,,,,,,,,,,,,,,,,,,,,,,,,,,,,,,,,,
,,,,,,,,,,217,231,216,218,216,216,,,,,,,215,235,215,235,215,,216,215,235,235,235,235,235,235,235,215,235,235,215,234,230,222,216,220,218,217,231,216,236,230,230,221,234,234,230,234,216,234,234,,,,,,,,,,,,,,,,,,,,,,,,,,,,,,,,,,,,,,,
,,,,,,,,,,218,217,221,220,216,216,,,236,236,3,235,235,235,215,,215,236,236,236,236,236,236,236,236,236,236,236,236,236,215,215,219,219,219,234,231,219,233,217,,216,221,219,220,234,230,215,233,233,221,,,,,,,,,,,,,,,,,,,,,,,,,,,,,,,,,,,,,,,
,,,,,,,,,,231,220,234,230,216,216,,,,,,,215,235,215,235,215,,216,215,235,235,235,235,235,235,235,215,235,235,215,233,218,220,216,220,216,219,222,216,,231,219,219,230,215,215,231,218,221,216,,,,,,,,,,,,,,,,,,,,,,,,,,,,,,,,,,,,,,,
,,,,,,,,,,234,234,219,220,220,216,216,,,,,,,,,,215,235,216,215,215,215,215,215,215,215,215,215,,,230,233,215,219,215,220,231,219,222,230,,231,218,217,233,216,215,217,222,233,231,,,,,,,,,,,,,,,,,,,,,,,,,,,,,,,,,,,,,,,
,,,,,,,,,,230,230,220,221,215,219,216,216,,,,,,,,,,,216,233,230,230,215,217,234,231,234,231,,,220,234,216,219,230,217,231,233,217,231,236,217,216,216,215,218,220,219,234,233,215,,,,,,,,,,,,,,,,,,,,,,,,,,,,,,,,,,,,,,,
,,,,,,,,,,220,218,222,216,216,216,233,216,216,,,,,,,,,,216,220,230,233,216,221,218,230,230,216,236,236,217,220,230,222,233,216,234,217,218,216,,,68,234,222,230,220,216,217,231,219,,,,,,,,,,,,,,,,,,,,,,,,,,,,,,,,,,,,,,,
,,,,,,,,,,215,234,222,217,222,230,217,222,216,216,216,216,216,216,216,216,216,216,216,234,231,218,215,222,221,222,234,221,,,,,216,216,215,230,230,221,217,222,236,236,217,233,233,218,216,215,216,215,222,,,,,,,,,,,,,,,,,,,,,,,,,,,,,,,,,,,,,,,
,,,,,,,,,,221,231,215,234,234,215,215,233,221,231,219,220,221,222,218,215,218,233,234,217,220,233,233,215,234,220,221,234,,,,,,,231,231,217,215,218,233,,,,68,234,216,219,221,216,217,215,,,,,,,,,,,,,,,,,,,,,,,,,,,,,,,,,,,,,,,
,,,,,,,,,,217,222,231,218,218,221,219,233,216,215,233,230,220,217,216,215,216,219,233,233,233,215,230,216,230,220,231,222,222,215,236,236,236,236,215,218,230,218,222,230,218,236,236,216,215,215,215,217,231,215,231,,,,,,,,,,,,,,,,,,,,,,,,,,,,,,,,,,,,,,,
,,,,,,,,,,231,222,233,221,215,231,219,217,221,215,221,220,234,233,217,216,217,219,234,222,219,230,217,222,215,234,218,230,216,230,,,,,92,230,234,230,230,217,230,,,,68,217,217,222,219,220,218,,,,,,,,,,,,,,,,,,,,,,,,,,,,,,,,,,,,,,,
,,,,,,,,,,234,216,234,219,220,221,219,218,221,231,218,215,220,231,231,217,219,230,218,221,218,230,216,220,231,233,221,234,234,220,236,236,236,215,92,217,231,215,220,231,231,230,236,236,218,218,222,233,234,231,231,,,,,,,,,,,,,,,,,,,,,,,,,,,,,,,,,,,,,,,
,,,,,,,,,,231,230,221,216,216,217,216,234,220,231,222,217,222,216,219,222,233,219,220,216,234,217,219,217,219,216,233,216,233,219,,,,,92,233,216,234,231,234,234,219,,,,230,234,215,230,231,221,,,,,,,,,,,,,,,,,,,,,,,,,,,,,,,,,,,,,,,
,,,,,,,,,,215,220,218,220,234,230,216,216,220,217,221,233,217,230,233,217,219,233,233,219,230,231,215,220,219,230,219,218,217,233,236,236,236,215,92,215,219,234,220,221,221,230,218,236,236,230,233,231,230,221,231,,,,,,,,,,,,,,,,,,,,,,,,,,,,,,,,,,,,,,,
,,,,,,,,,,218,221,217,221,219,215,218,219,230,230,221,221,234,220,216,217,216,216,218,217,221,233,215,215,233,215,219,234,219,218,,,,,92,222,234,218,221,219,231,221,231,,,219,222,218,216,221,234,,,,,,,,,,,,,,,,,,,,,,,,,,,,,,,,,,,,,,,
,,,,,,,,,,233,231,221,233,234,220,216,220,233,216,230,234,219,231,219,217,230,219,218,215,215,217,216,216,234,234,218,216,215,,,,,,92,220,217,221,234,230,221,219,230,216,236,234,216,222,234,215,230,,,,,,,,,,,,,,,,,,,,,,,,,,,,,,,,,,,,,,,
,,,,,,,,,,216,222,215,217,216,230,216,234,217,219,215,220,230,220,220,222,234,216,221,215,219,231,217,221,222,231,231,220,,,,,,,92,218,220,220,220,233,231,218,220,218,,220,219,215,220,231,215,,,,,,,,,,,,,,,,,,,,,,,,,,,,,,,,,,,,,,,
,,,,,,,,,,219,221,231,218,215,220,233,221,220,215,219,221,231,217,216,215,231,218,220,216,217,231,220,216,234,215,221,,,,,,,,92,216,216,219,220,231,216,218,231,219,,231,218,220,219,218,219,,,,,,,,,,,,,,,,,,,,,,,,,,,,,,,,,,,,,,,
,,,,,,,,,,233,222,217,218,234,234,222,231,231,220,219,221,230,218,230,219,219,216,222,234,231,230,230,217,230,233,,,,,,,,,92,231,219,218,217,218,230,215,222,234,,219,217,220,233,222,217,,,,,,,,,,,,,,,,,,,,,,,,,,,,,,,,,,,,,,,
,,,,,,,,,,230,216,220,221,221,231,216,233,221,234,218,231,217,215,216,219,231,222,231,215,234,218,234,218,217,215,,,,,,,,,92,215,219,219,222,233,231,234,220,48,235,3,233,218,218,233,219,,,,,,,,,,,,,,,,,,,,,,,,,,,,,,,,,,,,,,,
,,,,,,,,,,221,222,219,218,220,215,234,231,230,233,216,218,216,216,233,215,215,233,230,215,234,217,221,221,230,217,,,,,,,,,92,220,217,230,222,230,215,220,230,48,235,3,222,221,218,219,221,,,,,,,,,,,,,,,,,,,,,,,,,,,,,,,,,,,,,,,
,,,,,,,,,,,,,,,,,,,,,,,,,,,,,,231,230,219,215,219,222,,,,,,,,,92,230,216,215,234,215,216,220,230,48,235,3,234,230,216,230,233,,,,,,,,,,,,,,,,,,,,,,,,,,,,,,,,,,,,,,,
,,,,,,,,,,,,,,,,,,,,,,,,,,,,,,220,218,220,234,219,233,,,,,,,,,92,218,215,219,217,217,234,218,218,,,218,219,216,233,217,219,,,,,,,,,,,,,,,,,,,,,,,,,,,,,,,,,,,,,,,
,,,,,,,,,,,,,,,,,,,217,220,219,219,234,234,216,216,230,231,219,220,217,230,219,234,231,236,216,220,233,218,222,222,234,222,217,221,216,220,218,230,234,216,138,,68,220,215,219,234,216,,,,,,,,,,,,,,,,,,,,,,,,,,,,,,,,,,,,,,,
,,,,,,,,,,,,,,,,,,,218,219,222,216,216,219,215,215,215,234,220,230,221,221,233,220,222,,233,215,221,220,219,215,216,215,219,216,216,218,219,234,234,217,138,,68,216,221,219,234,220,,,,,,,,,,,,,,,,,,,,,,,,,,,,,,,,,,,,,,,
,,,,,,,,,,,,,,,,,,,231,222,231,231,234,219,222,215,230,220,219,231,230,231,218,219,218,,217,215,216,219,217,217,218,220,218,217,222,219,216,221,217,215,138,,68,231,231,216,230,230,,,,,,,,,,,,,,,,,,,,,,,,,,,,,,,,,,,,,,,
,,,,,,,,,,,,,,,,,,,234,221,215,234,221,215,222,221,218,222,221,234,234,218,217,222,216,,217,216,220,222,230,218,217,230,220,221,220,215,233,234,234,220,138,,68,222,218,218,217,216,,,,,,,,,,,,,,,,,,,,,,,,,,,,,,,,,,,,,,,
,,,,,,,,,,,,,,,,,,,222,218,234,219,220,216,231,220,216,220,216,217,215,218,217,221,231,236,215,215,233,234,217,222,233,233,222,215,218,222,217,215,222,221,,,220,218,218,231,231,218,,,,,,,,,,,,,,,,,,,,,,,,,,,,,,,,,,,,,,,
,,,,,,,,,,,,,,,,,,,231,233,234,221,222,233,218,,,,218,222,218,221,233,218,215,427,218,215,215,233,234,231,219,220,216,220,230,230,216,217,233,220,218,236,219,222,215,215,234,215,,,,,,,,,,,,,,,,,,,,,,,,,,,,,,,,,,,,,,,
,,,,,,,,,,,,,,,,,,,218,221,221,233,220,220,215,,,,,,215,221,215,233,,,221,220,215,231,234,215,222,219,221,233,231,234,219,233,,,,,220,217,218,220,230,217,,,,,,,,,,,,,,,,,,,,,,,,,,,,,,,,,,,,,,,
,,,,,,,,,,,,,,,,,,,216,216,233,233,221,233,218,236,236,233,221,,,,231,231,,,233,216,216,218,231,233,217,219,233,234,231,220,220,220,,,,,218,215,230,217,233,218,,,,,,,,,,,,,,,,,,,,,,,,,,,,,,,,,,,,,,,
,,,,,,,,,,,,,,,,,,,219,231,233,222,219,215,220,,,222,220,230,,,218,217,,,234,216,230,218,230,216,215,217,222,230,234,234,215,234,236,236,236,233,230,233,230,231,233,216,,,,,,,,,,,,,,,,,,,,,,,,,,,,,,,,,,,,,,,
,,,,,,,,,,,,,,,,,,,216,231,230,220,217,233,219,,,221,218,217,,,202,202,,,233,222,221,218,219,220,215,218,217,231,221,215,233,221,,,,,215,221,216,216,216,230,,,,,,,,,,,,,,,,,,,,,,,,,,,,,,,,,,,,,,,
,,,,,,,,,,,,,,,,,,,234,216,221,216,216,217,220,,,222,230,220,,,216,216,,,222,233,219,233,219,215,233,221,215,219,230,215,218,220,236,236,221,219,220,221,234,234,234,218,,,,,,,,,,,,,,,,,,,,,,,,,,,,,,,,,,,,,,,
,,,,,,,,,,,,,,,,,,,218,220,215,216,218,222,215,236,236,219,216,,,,233,217,,,234,220,231,215,220,215,218,233,231,219,219,221,215,,,,,231,217,221,220,234,217,217,,,,,,,,,,,,,,,,,,,,,,,,,,,,,,,,,,,,,,,
,,,,,,,,,,,,,,,,,,,218,234,222,230,220,216,215,,,,,,215,215,233,,,,234,231,233,221,216,220,216,233,230,218,230,222,230,236,236,231,233,218,218,231,221,216,221,230,,,,,,,,,,,,,,,,,,,,,,,,,,,,,,,,,,,,,,,
,,,,,,,,,,,,,,,,,,,219,222,218,231,221,231,219,,,,233,219,234,231,220,,216,215,234,222,222,219,230,230,216,218,234,233,222,231,,,,,234,217,217,222,216,231,221,233,,,,,,,,,,,,,,,,,,,,,,,,,,,,,,,,,,,,,,,
,,,,,,,,,,,,,,,,,,,231,230,234,215,215,215,218,234,218,234,230,217,221,217,218,,202,,68,221,217,233,216,218,234,221,221,216,220,230,236,236,220,221,233,215,231,216,219,230,220,218,,,,,,,,,,,,,,,,,,,,,,,,,,,,,,,,,,,,,,,
,,,,,,,,,,,,,,,,,,,216,233,219,220,234,234,230,218,221,234,216,215,231,233,218,216,138,,68,216,219,231,230,222,218,219,219,216,219,,,,,231,234,233,220,217,219,220,234,218,,,,,,,,,,,,,,,,,,,,,,,,,,,,,,,,,,,,,,,
,,,,,,,,,,,,,,,,,,,217,231,230,220,231,216,220,234,220,221,217,215,222,220,230,216,138,,68,217,216,231,220,234,216,215,233,230,218,236,236,219,218,215,221,218,219,220,234,216,231,220,,,,,,,,,,,,,,,,,,,,,,,,,,,,,,,,,,,,,,,
,,,,,,,,,,,,,,,,,,,221,222,220,219,234,231,230,221,220,234,220,230,233,234,222,,202,,68,219,230,216,220,215,221,215,215,216,,,,,219,221,234,218,234,219,230,220,220,222,,,,,,,,,,,,,,,,,,,,,,,,,,,,,,,,,,,,,,,
,,,,,,,,,,,,,,,,,,,,,,,,,,,,,219,234,234,220,216,,,,222,231,221,215,217,216,230,234,233,219,236,236,216,216,215,217,233,231,222,218,221,231,219,220,,,,,,,,,,,,,,,,,,,,,,,,,,,,,,,,,,,,,,,
,,,,,,,,,,,,,,,,,,,,,,,,,,,,,219,234,215,231,234,,202,,68,231,221,231,231,216,222,230,221,216,215,425,217,218,218,218,233,217,231,230,215,230,220,234,,,,,,,,,,,,,,,,,,,,,,,,,,,,,,,,,,,,,,,
,,,,,,,,,,,,,,,,,,,,,,,,,,,,,215,231,234,222,220,216,138,,68,230,219,217,234,218,215,222,222,230,236,236,231,219,230,219,233,215,222,233,231,230,222,220,,,,,,,,,,,,,,,,,,,,,,,,,,,,,,,,,,,,,,,
,,,,,,,,,,,,,,,,,,,,,,,,,,,,,215,220,220,219,220,216,138,,68,233,217,218,221,216,219,217,230,231,138,,68,220,221,233,218,233,231,219,215,216,230,218,,,,,,,,,,,,,,,,,,,,,,,,,,,,,,,,,,,,,,,
,,,,,,,,,,,,,,,,,,,,,,,,,,,,,233,218,221,216,215,,202,,68,219,233,218,233,222,217,218,217,218,138,,68,234,217,219,231,221,221,215,233,217,219,234,,,,,,,,,,,,,,,,,,,,,,,,,,,,,,,,,,,,,,,
,,,,,,,,,,,,,,,,,,,,,,,,,,,,,219,219,218,217,215,,,,68,216,218,219,222,219,230,221,233,217,,,220,219,221,222,219,217,218,,,,,,,,,,,,,,,,,,,,,,,,,,,,,,,,,,,,,,,,,,,,
,,,,,,,,,,,,,,,,,,,,,,,,,,,,,220,220,220,215,215,236,236,236,216,221,222,216,218,233,231,221,230,219,138,,68,234,233,234,222,221,221,,,,,,,,,,,,,,,,,,,,,,,,,,,,,,,,,,,,,,,,,,,,
,,,,,,,,,,,,,,,,,,,,,,,,,,,,,234,217,234,215,220,,,,233,218,234,219,221,217,215,230,220,219,138,,68,216,230,217,234,215,234,,,,,,,,,,,,,,,,,,,,,,,,,,,,,,,,,,,,,,,,,,,,
,,,,,,,,,,,,,,,,,,,,,,,,,,,,,233,233,217,218,230,,,,218,222,221,220,234,222,222,221,230,220,236,236,217,216,218,220,221,215,218,,,,,,,,,,,,,,,,,,,,,,,,,,,,,,,,,,,,,,,,,,,,
,,,,,,,,,,,,,,,,,,,,,,,,,,,,,217,234,222,231,218,,,,221,234,215,220,217,233,219,221,221,218,,,231,222,217,217,217,219,219,,,,,,,,,,,,,,,,,,,,,,,,,,,,,,,,,,,,,,,,,,,,
,,,,,,,,,,,,,,,,,,,,,,,,,,,,,230,217,217,217,218,,,,233,216,233,220,230,217,216,217,230,231,236,236,233,216,215,220,218,221,219,,,,,,,,,,,,,,,,,,,,,,,,,,,,,,,,,,,,,,,,,,,,
,,,,,,,,,,,,,,,,,,,,,,,,,,,,,218,219,217,234,230,236,236,236,219,219,218,220,233,230,217,221,,,,,219,230,221,221,217,220,215,,,,,,,,,,,,,,,,,,,,,,,,,,,,,,,,,,,,,,,,,,,,
,,,,,,,,,,,,,,,,,,,,,,,,,,,,,233,220,215,217,234,,,,68,219,221,230,230,234,215,217,,,,,222,233,218,219,230,217,234,,,,,,,,,,,,,,,,,,,,,,,,,,,,,,,,,,,,,,,,,,,,
,,,,,,,,,,,,,,,,,,,,,,,,,,,,,221,222,220,216,230,,,,220,217,221,230,215,220,215,221,,,215,235,234,216,215,234,233,221,216,,,,,,,,,,,,,,,,,,,,,,,,,,,,,,,,,,,,,,,,,,,,
,,,,,,,,,,,,,,,,,,,,,,,,,,,,,221,220,221,230,221,,,,230,222,219,217,216,231,215,215,,,,,217,222,217,215,218,218,220,,,,,,,,,,,,,,,,,,,,,,,,,,,,,,,,,,,,,,,,,,,,
,,,,,,,,,,,,,,,,,,,,,,,,,,,,,234,231,217,219,231,,,,68,218,219,230,234,221,220,234,,,215,235,231,217,219,215,216,217,215,,,,,,,,,,,,,,,,,,,,,,,,,,,,,,,,,,,,,,,,,,,,
,,,,,,,,,,,,,,,,,,,,,,,,,,,,,222,234,218,215,216,236,236,236,218,219,231,220,218,231,219,231,,,,,234,215,216,215,220,221,221,,,,,,,,,,,,,,,,,,,,,,,,,,,,,,,,,,,,,,,,,,,,
,,,,,,,,,,,,,,,,,,,,,,,,,,,,,221,216,216,234,233,,,,220,218,219,233,233,234,234,217,,,,,222,234,216,231,231,221,218,,,,,,,,,,,,,,,,,,,,,,,,,,,,,,,,,,,,,,,,,,,,
,,,,,,,,,,,,,,,,,,,,,,,,,,,,,218,221,215,230,217,,,,216,215,233,216,222,222,219,233,215,221,236,236,234,216,230,215,217,234,220,,,,,,,,,,,,,,,,,,,,,,,,,,,,,,,,,,,,,,,,,,,,
,,,,,,,,,,,,,,,,,,,,,,,,,,,,,231,234,233,218,215,,,,222,221,218,221,221,219,233,231,217,234,,,222,222,215,221,217,231,222,,,,,,,,,,,,,,,,,,,,,,,,,,,,,,,,,,,,,,,,,,,,
,,,,,,,,,,,,,,,,,,,,,,,,,,,,,231,218,216,222,216,236,236,236,221,219,222,221,217,219,217,231,234,222,236,236,222,231,233,221,215,221,215,,,,,,,,,,,,,,,,,,,,,,,,,,,,,,,,,,,,,,,,,,,,
,,,,,,,,,,,,,,,,,,,,,,,,,,,,,231,216,219,221,230,,,,,,,,,,,,,,,,233,220,231,234,219,219,215,,,,,,,,,,,,,,,,,,,,,,,,,,,,,,,,,,,,,,,,,,,,
,,,,,,,,,,,,,,,,,,,,,,,,,,,,,230,219,222,230,218,,,,,,,,,,,,,,,,230,222,218,220,215,218,231,,,,,,,,,,,,,,,,,,,,,,,,,,,,,,,,,,,,,,,,,,,,
,,,,,,,,,,,,,,,,,,,,,,,,,,,,,234,230,218,215,220,,,,,,,,,,,,,,,,218,218,217,217,221,221,218,,,,,,,,,,,,,,,,,,,,,,,,,,,,,,,,,,,,,,,,,,,,
,,,,,,,,,,,,,,,,,,,,,,,,,,,,,221,220,219,231,218,,,,,,,,,,,,,,,,234,230,231,221,220,217,220,,,,,,,,,,,,,,,,,,,,,,,,,,,,,,,,,,,,,,,,,,,,
,,,,,,,,,,,,,,,,,,,,,,,,,,,,,216,219,233,215,233,236,236,236,231,215,220,233,219,221,216,234,216,216,220,216,233,220,233,218,218,220,220,,,,,,,,,,,,,,,,,,,,,,,,,,,,,,,,,,,,,,,,,,,,
,,,,,,,,,,,,,,,,,,,,,,,,,,,,,222,230,221,220,222,219,215,230,230,231,220,218,234,233,219,217,233,219,220,216,233,231,219,220,221,216,233,,,,,,,,,,,,,,,,,,,,,,,,,,,,,,,,,,,,,,,,,,,,
,,,,,,,,,,,,,,,,,,,,,,,,,,,,,233,215,221,222,230,218,221,233,233,219,231,220,233,215,219,217,234,230,234,215,222,219,216,219,231,233,220,,,,,,,,,,,,,,,,,,,,,,,,,,,,,,,,,,,,,,,,,,,,
,,,,,,,,,,,,,,,,,,,,,,,,,,,,,231,216,220,222,219,221,220,221,220,219,215,222,221,220,222,218,217,215,233,234,231,234,218,218,221,230,233,,,,,,,,,,,,,,,,,,,,,,,,,,,,,,,,,,,,,,,,,,,,
,,,,,,,,,,,,,,,,,,,,,,,,,,,,,218,220,218,234,220,217,221,219,215,218,230,230,222,215,215,215,216,230,221,219,234,230,230,233,215,230,217,,,,,,,,,,,,,,,,,,,,,,,,,,,,,,,,,,,,,,,,,,,,
,,,,,,,,,,,,,,,,,,,,,,,,,,,,,230,221,231,222,231,234,215,220,215,233,220,216,219,233,218,218,219,216,218,221,234,215,220,219,217,221,220,,,,,,,,,,,,,,,,,,,,,,,,,,,,,,,,,,,,,,,,,,,,
,,,,,,,,,,,,,,,,,,,,,,,,,,,,,221,221,231,220,219,234,220,218,217,231,219,215,233,230,220,218,219,217,231,217,218,219,219,215,215,216,231,,,,,,,,,,,,,,,,,,,,,,,,,,,,,,,,,,,,,,,,,,,,
BigDecor: 
,,,,,,,,,,,,,,,,,,,,,,,,,,,,,,,,,,,,,,,,,,,,,,,,,,,,,,,,,,,,,,,,,,,,,,,,,,,,,,,,,,,,,,,,,,,,,,,,,,,
,,,,,,,,,,,,,,,,,,,,,,,,,,,,,,,,,,,,,,,,,,,,,,,,,,,,,,,,,,,,,,,,,,,,,,,,,,,,,,,,,,,,,,,,,,,,,,,,,,,
,,,,,,,,,,,,,,,,,,,,,,,,,,,,,,,,,,,,,,,,,,,,,,,,,,,,,,,,,,,,,,,,,,,,,,,,,,,,,,,,,,,,,,,,,,,,,,,,,,,
,,,,,,,,,,,,,,,,,,,,,,,,,,,,,,,,,,,,,,,,,,,,,,,,,,,,,,,,,,,,,,,,,,,,,,,,,,,,,,,,,,,,,,,,,,,,,,,,,,,
,,,,,,,,,,,,,,,,,,,,,,,,,,,,,,,,,,,,,,,,,,,,,,,,,,,,,,,,,,,,,,,,,,,,,,,,,,,,,,,,,,,,,,,,,,,,,,,,,,,
,,,,,,,,,,,,,,,,,,,,,,,,,,,,,,,,,,,,,,,,,,,,,,,,,,,,,,,,,,,,,,,,,,,,,,,,,,,,,,,,,,,,,,,,,,,,,,,,,,,
,,,,,,,,,,,,,,,,,,,,,,,,,,,,,,,,,,,,,,,,,,,,,,,,,,,,,,,,,,,,,,,,,,,,,,,,,,,,,,,,,,,,,,,,,,,,,,,,,,,
,,,,,,,,,,,,,,,,,,,,,,,,,,,,,,,,,,,,,,,,,,,,,,,,,,,,,,,,,,,,,,,,,,,,,,,,,,,,,,,,,,,,,,,,,,,,,,,,,,,
,,,,,,,,,,,,,,,,,,,,,,,,,,,,,,,,,,,,,,,,,,,,,,,,,,,,,,,,,,,,,,,,,,,,,,,,,,,,,,,,,,,,,,,,,,,,,,,,,,,
,,,,,,,,,,,,,,,,,,,,,,,,,,,,,,,,,,,,,,,,,,,,,,,,,,,,,,,,,,,,,,,,,,,,,,,,,,,,,,,,,,,,,,,,,,,,,,,,,,,
,,,,,,,,,,,,,,,,,,,,,,,,,,,,,,,,,,,,,,,,,,,,,,,,,,,,,,,,,,,,,,,,,,,,,,,,,,,,,,,,,,,,,,,,,,,,,,,,,,,
,,,,,,,,,,,,,,,,,,,,,,,,,,,,,,,,,,,,,,,,,,,,,,,,,,,,,,,,,,,,,,,,,,,,,,,,,,,,,,,,,,,,,,,,,,,,,,,,,,,
,,,,,,,,,,,,,,,,,,,,,,,,,,,,,,,,,,,,,,,,,,,,,,,,,,,,,,,,,,,,,,,,,,,,,,,,,,,,,,,,,,,,,,,,,,,,,,,,,,,
,,,,,,,,,,,,,,,,,,,,,,,,,,,,,,,,,,,,,,,,,,,,,,,,,,,,,,,,,,,,,,,,,,,,,,,,,,,,,,,,,,,,,,,,,,,,,,,,,,,
,,,,,,,,,,,,,,,,,,,,,,,,,,,,,,,,,,,,,,,,,,,,,,,,,,,,,,,,,,,,,,,,,,,,,,,,,,,,,,,,,,,,,,,,,,,,,,,,,,,
,,,,,,,,,,,,,,,,,,,,,,,,,,,,,,,,,,,,,,,,,,,,,,,,,,,,,,,,,,,,,,,,,,,,,,,,,,,,,,,,,,,,,,,,,,,,,,,,,,,
,,,,,,,,,,,,,,,,,,,,,,,,,,,,,,,,,,,,,,,,,,,,,,,,,,,,,,,,,,,,,,,,,,,,,,,,,,,,,,,,,,,,,,,,,,,,,,,,,,,
,,,,,,,,,,,,,,,,,,,,,,,,,,,,,,,,,,,,,,,,,,,,,,,,,,,,,,,,,,,,,,,,,,,,,,,,,,,,,,,,,,,,,,,,,,,,,,,,,,,
,,,,,,,,,,,,,,,,,,,,,,,,,,,,,,,,,,,,,,,,,,,,,,,,,,,,,,,,,,,,,,,,,,,,,,,,,,,,,,,,,,,,,,,,,,,,,,,,,,,
,,,,,,,,,,,,,,,,,,,,,,,,,,,,,,,,,,,,,,,,,,,,,,,,,,,,,,,,,,,,,,,,,,,,,,,,,,,,,,,,,,,,,,,,,,,,,,,,,,,
,,,,,,,,,,,,,,,,,,,,,,,,,,,,,,,,,,,,,,,,,,,,,,,,,,,,,,,,,,,,,,,,,,,,,,,,,,,,,,,,,,,,,,,,,,,,,,,,,,,
,,,,,,,,,,,,,,,,,,,,,,,,,,,,,,,,,,,,,,,,,,,,,,,,,,,,,,,,,,,,,,,,,,,,,,,,,,,,,,,,,,,,,,,,,,,,,,,,,,,
,,,,,,,,,,,,,,,,,,,,,,,,,,,,,,,,,,,,,,,,,,,,,,,,,,,,,,,,,,,,,,,,,,,,,,,,,,,,,,,,,,,,,,,,,,,,,,,,,,,
,,,,,,,,,,,,,,,,,,,,,,,,,,,,,,,,,,,,,,,,,,,,,,,,,,,,,,,,,,,,,,,,,,,,,,,,,,,,,,,,,,,,,,,,,,,,,,,,,,,
,,,,,,,,,,,,,,,,,,,,,,,,,,,,,,,,,,,,,,,,,,,,,,,,,,,,,,,,,,,,,,,,,,,,,,,,,,,,,,,,,,,,,,,,,,,,,,,,,,,
,,,,,,,,,,,,,,,,,,,,,,,,,,40,,,,,,,,,,,,,,,,,,,,,,,,,,,,,,,,,,,,,,,,,,,,,,,,,,,,,,,,,,,,,,,,,,,,,,,,,
,,,,,,,,,,,,,,,,,,,,,,,,,,,,,,,,,,,,,,40,,,,,,,,,,,,,,,,,,,,,,,,,,,,,,,,,,,,,,,,,,,,,,,,,,,,,,,,,,,,,
,,,,,,,,,,,,,,,,,,,,,,,,,,,,,,,,,,,,,,,,,,,,,,,,,,,,,,,,,,,,,,,,,,,,,,,,,,,,,,,,,,,,,,,,,,,,,,,,,,,
,,,,,,,,,,,,,,,,,,,,,,,,,,,,,,,,,,,,,,,,,,,,,,,,,,,,,,,,,,,,,,,,,,,,,,,,,,,,,,,,,,,,,,,,,,,,,,,,,,,
,,,,,,,,,,,,,,,,,,,,,,,,,,,,,,,,,,,,,,,,,,,,,,,,,,,,,,,,,,,,,,,,,,,,,,,,,,,,,,,,,,,,,,,,,,,,,,,,,,,
,,,,,,,,,,,,,,,,,,,,,,,,,,,,,,,,,,,,,,,,,,,,,,,,,,,,,,,,,,,,,,,,,,,,,,,,,,,,,,,,,,,,,,,,,,,,,,,,,,,
,,,,,,,,,,,,,,,,,,,,,,,,,,,,,,,,,,,,,,39,,,,,,,,,,,,,,,,,,,,,,,,,,,,,,,,,,,,,,,,,,,,,,,,,,,,,,,,,,,,,
,,,,,,,,,,,,,,,,,,,,,,,,,,39,,,,,,,,,,,,,,,,,,,,,,,,,,,,,,,,,,,,,,,,,,,,,,,,,,,,,,,,,,,,,,,,,,,,,,,,,
,,,,,,,,,,,,,,,,,,,,,,,,,,,,,,,,,,,,,,,,,,,,,,,,,,,,,,,,,,,,,,,,,,,,,,,,,,,,,,,,,,,,,,,,,,,,,,,,,,,
,,,,,,,,,,,,,,,,,,,,,,,,,,,,,,,,,,,,,,,,,,,,,,,,,,,,,,,,,,,,,,,,,,,,,,,,,,,,,,,,,,,,,,,,,,,,,,,,,,,
,,,,,,,,,,,,,,,,,,,,,,,,,,,,,,,,,,,,,,,,,,,,,,,,,,,,,,,,,,,,,,,,,,,,,,,,,,,,,,,,,,,,,,,,,,,,,,,,,,,
,,,,,,,,,,,,,,,,,,,,,,,,,,,,,,,,,,,,,,,,,,,,,,,,,,,,,,,,,,,,,,,,,,,,,,,,,,,,,,,,,,,,,,,,,,,,,,,,,,,
,,,,,,,,,,,,,,,,,,,,,,,,,,,,,,,,,,,,,,,,,,,,,,,,,,,,,,,,,,,,,,,,,,,,,,,,,,,,,,,,,,,,,,,,,,,,,,,,,,,
,,,,,,,,,,,,,,,,,,,,,,,,,,,,,,,,,,,,,,,,,,,,,,,,,,,,,,,,,,,,,,,,,,,,,,,,,,,,,,,,,,,,,,,,,,,,,,,,,,,
,,,,,,,,,,,,,,,,,,,,,,,,,,,,,,,,,,,,,,,,,,,,,,,,,,,,,,,,,,,,,,,,,,,,,,,,,,,,,,,,,,,,,,,,,,,,,,,,,,,
,,,,,,,,,,,,,,,,,,,,,,,,,,,,,,,,,,,,,,,,,,,,,,,,,,,,,,,,,,,,,,,,,,,,,,,,,,,,,,,,,,,,,,,,,,,,,,,,,,,
,,,,,,,,,,,,,,,,,,,,,,,,,,,,,,,,,,,,,,,,,,,,,,,,,,,,,,,,,,,,,,,,,,,,,,,,,,,,,,,,,,,,,,,,,,,,,,,,,,,
,,,,,,,,,,,,,,,,,,,,,,,,,,,,,,,,,,,,,,,,,,,,,,,,,,,,,,,,,,,,,,,,,,,,,,,,,,,,,,,,,,,,,,,,,,,,,,,,,,,
,,,,,,,,,,,,,,,,,,,,,,,,,,,,,,,,,,,,,,,,,,,,,,,,,,,,,,,,,,,,,,,,,,,,,,,,,,,,,,,,,,,,,,,,,,,,,,,,,,,
,,,,,,,,,,,,,,,,,,,,,,,,,,,,,,,,,,,,,,,,,,,42,,,,,,,,,,,,,,,,,,,,,,,,,,,,,,,,,,,,,,,,,,,,,,,,,,,,,,,,
,,,,,,,,,,,,,,,,,,,,,,,,,,,,,,,,,,,,,,,,,,,,,,,,,,,,,,,,,,,,,,,,,,,,,,,,,,,,,,,,,,,,,,,,,,,,,,,,,,,
,,,,,,,,,,,,,,,,,,,,,,,,,,,,,,,,,,,,,,,,,,,,,,,,,,,,,,,,,,,,,,,,,,,,,,,,,,,,,,,,,,,,,,,,,,,,,,,,,,,
,,,,,,,,,,,,,,,,,,,,,,,,,,,,,,,,,,,,,,,,,,,41,,,,,,,,,,,,,,,,,,,,,,,,,,,,,,,,,,,,,,,,,,,,,,,,,,,,,,,,
,,,,,,,,,,,,,,,,,,,,,,,,,,,,,,,,,,,,,,,,,,,,,,,,,,,,,,,,,,,,,,,,,,,,,,,,,,,,,,,,,,,,,,,,,,,,,,,,,,,
,,,,,,,,,,,,,,,,,,,,,,,,,,,,,,,,,,,,,,,,,,,,,,,,,,,,,,,,,,,,,,,,,,,,,,,,,,,,,,,,,,,,,,,,,,,,,,,,,,,
,,,,,,,,,,,,,,,,,,,,,,,,,,,,,,,,,,,,,,,,,,,,,,,,,,,,,,,,,,,,,,,,,,,,,,,,,,,,,,,,,,,,,,,,,,,,,,,,,,,
,,,,,,,,,,,,,,,,,,,,,,,,,,,,,,,,,,,,,,,,,,,,,,,,,,,,,,,,,,,,,,,,,,,,,,,,,,,,,,,,,,,,,,,,,,,,,,,,,,,
,,,,,,,,,,,,,,,,,,,,,,,,,,,,,,,,,,,,,,,,,,,,,,,,,,,,,,,,,,,,,,,,,,,,,,,,,,,,,,,,,,,,,,,,,,,,,,,,,,,
,,,,,,,,,,,,,,,,,,,,,,,,,,,,,,,,,,,,,,,,,,,,,,,,,,,,,,,,,,,,,,,,,,,,,,,,,,,,,,,,,,,,,,,,,,,,,,,,,,,
,,,,,,,,,,,,,,,,,,,,,,,,,,,,,,,,,,,,,,,,,,,,,,,,,,,,,,,,,,,,,,,,,,,,,,,,,,,,,,,,,,,,,,,,,,,,,,,,,,,
,,,,,,,,,,,,,,,,,,,,,,,,,,,,,,,,,,,,,,,,,,,,,,,,,,,,,,,,,,,,,,,,,,,,,,,,,,,,,,,,,,,,,,,,,,,,,,,,,,,
,,,,,,,,,,,,,,,,,,,,,,,,,,,,,,,,,,,,,,,,,,,,,,,,,,,,,,,,,,,,,,,,,,,,,,,,,,,,,,,,,,,,,,,,,,,,,,,,,,,
,,,,,,,,,,,,,,,,,,,,,,,,,,,,,,,,,,,,,,,,,,,,,,,,,,,,,,,,,,,,,,,,,,,,,,,,,,,,,,,,,,,,,,,,,,,,,,,,,,,
,,,,,,,,,,,,,,,,,,,,,,,,,,,,,,,,,,,,,,,,,,,,,,,,,,,,,,,,,,,,,,,,,,,,,,,,,,,,,,,,,,,,,,,,,,,,,,,,,,,
,,,,,,,,,,,,,,,,,,,,,,,,,,,,,,,,,,,,,,,,,,,,,,,,,,,,,,,,,,,,,,,,,,,,,,,,,,,,,,,,,,,,,,,,,,,,,,,,,,,
,,,,,,,,,,,,,,,,,,,,,,,,,,,,,,,,,,,,,,,,,,,,,,,,,,,,,,,,,,,,,,,,,,,,,,,,,,,,,,,,,,,,,,,,,,,,,,,,,,,
,,,,,,,,,,,,,,,,,,,,,,,,,,,,,,,,,,,,,,,,,,,,,,,,,,,,,,,,,,,,,,,,,,,,,,,,,,,,,,,,,,,,,,,,,,,,,,,,,,,
,,,,,,,,,,,,,,,,,,,,,,,,,,,,,,,,,,,,,,,,,,,,,,,,,,,,,,,,,,,,,,,,,,,,,,,,,,,,,,,,,,,,,,,,,,,,,,,,,,,
,,,,,,,,,,,,,,,,,,,,,,,,,,,,,,,,,,,,,,,,,,,,,,,,,,,,,,,,,,,,,,,,,,,,,,,,,,,,,,,,,,,,,,,,,,,,,,,,,,,
,,,,,,,,,,,,,,,,,,,,,,,,,,,,,,,,,,,,,,,,,,,,,,,,,,,,,,,,,,,,,,,,,,,,,,,,,,,,,,,,,,,,,,,,,,,,,,,,,,,
,,,,,,,,,,,,,,,,,,,,,,,,,,,,,,,,,,,,,,,,,,,,,,,,,,,,,,,,,,,,,,,,,,,,,,,,,,,,,,,,,,,,,,,,,,,,,,,,,,,
,,,,,,,,,,,,,,,,,,,,,,,,,,,,,,,,,,,,,,,,,,,,,,,,,,,,,,,,,,,,,,,,,,,,,,,,,,,,,,,,,,,,,,,,,,,,,,,,,,,
,,,,,,,,,,,,,,,,,,,,,,,,,,,,,,,,,,,,,,,,,,,,,,,,,,,,,,,,,,,,,,,,,,,,,,,,,,,,,,,,,,,,,,,,,,,,,,,,,,,
,,,,,,,,,,,,,,,,,,,,,,,,,,,,,,,,,,,,,,,,,,,,,,,,,,,,,,,,,,,,,,,,,,,,,,,,,,,,,,,,,,,,,,,,,,,,,,,,,,,
,,,,,,,,,,,,,,,,,,,,,,,,,,,,,,,,,,,,,,,,,,,,,,,,,,,,,,,,,,,,,,,,,,,,,,,,,,,,,,,,,,,,,,,,,,,,,,,,,,,
,,,,,,,,,,,,,,,,,,,,,,,,,,,,,,,,,,,,,,,,,,,,,,,,,,,,,,,,,,,,,,,,,,,,,,,,,,,,,,,,,,,,,,,,,,,,,,,,,,,
,,,,,,,,,,,,,,,,,,,,,,,,,,,,,,,,,,,,,,,,,,,,,,,,,,,,,,,,,,,,,,,,,,,,,,,,,,,,,,,,,,,,,,,,,,,,,,,,,,,
,,,,,,,,,,,,,,,,,,,,,,,,,,,,,,,,,,,,,,,,,,,,,,,,,,,,,,,,,,,,,,,,,,,,,,,,,,,,,,,,,,,,,,,,,,,,,,,,,,,
,,,,,,,,,,,,,,,,,,,,,,,,,,,,,,,,,,,,,,,,,,,,,,,,,,,,,,,,,,,,,,,,,,,,,,,,,,,,,,,,,,,,,,,,,,,,,,,,,,,
,,,,,,,,,,,,,,,,,,,,,,,,,,,,,,,,,,,,,,,,,,,,,,,,,,,,,,,,,,,,,,,,,,,,,,,,,,,,,,,,,,,,,,,,,,,,,,,,,,,
,,,,,,,,,,,,,,,,,,,,,,,,,,,,,,,,,,,,,,,,,,,,,,,,,,,,,,,,,,,,,,,,,,,,,,,,,,,,,,,,,,,,,,,,,,,,,,,,,,,
,,,,,,,,,,,,,,,,,,,,,,,,,,,,,,,,,,,37,,,,,,,,,,,,,,,,,,,,,,,,,,,,,,,,,,,,,,,,,,,,,,,,,,,,,,,,,,,,,,,,
,,,,,,,,,,,,,,,,,,,,,,,,,,,,,,,,,,,,,,,,,,,,,,,,,,,,,,,,,,,,,,,,,,,,,,,,,,,,,,,,,,,,,,,,,,,,,,,,,,,
,,,,,,,,,,,,,,,,,,,,,,,,,,,,,,,,,,,,,,,,,,,,,,,,,,,,,,,,,,,,,,,,,,,,,,,,,,,,,,,,,,,,,,,,,,,,,,,,,,,
,,,,,,,,,,,,,,,,,,,,,,,,,,,,,,,,,,,,,,,,,,,,,,,,,,,,,,,,,,,,,,,,,,,,,,,,,,,,,,,,,,,,,,,,,,,,,,,,,,,
,,,,,,,,,,,,,,,,,,,,,,,,,,,,,,,,,,,,,,,,,,,,,,,,,,,,,,,,,,,,,,,,,,,,,,,,,,,,,,,,,,,,,,,,,,,,,,,,,,,
,,,,,,,,,,,,,,,,,,,,,,,,,,,,,,,,,,,,,,,,,,,,,,,,,,,,,,,,,,,,,,,,,,,,,,,,,,,,,,,,,,,,,,,,,,,,,,,,,,,
,,,,,,,,,,,,,,,,,,,,,,,,,,,,,,,,,,,,,,,,,,,,,,,,,,,,,,,,,,,,,,,,,,,,,,,,,,,,,,,,,,,,,,,,,,,,,,,,,,,
,,,,,,,,,,,,,,,,,,,,,,,,,,,,,,,,,,,,,,,,,,,,,,,,,,,,,,,,,,,,,,,,,,,,,,,,,,,,,,,,,,,,,,,,,,,,,,,,,,,
,,,,,,,,,,,,,,,,,,,,,,,,,,,,,,,,,,,,,,,,,,,,,,,,,,,,,,,,,,,,,,,,,,,,,,,,,,,,,,,,,,,,,,,,,,,,,,,,,,,
,,,,,,,,,,,,,,,,,,,,,,,,,,,,,,,,,,,,,,,,,,,,,,,,,,,,,,,,,,,,,,,,,,,,,,,,,,,,,,,,,,,,,,,,,,,,,,,,,,,
,,,,,,,,,,,,,,,,,,,,,,,,,,,,,,,,,,,,,,,,,,,,,,,,,,,,,,,,,,,,,,,,,,,,,,,,,,,,,,,,,,,,,,,,,,,,,,,,,,,
,,,,,,,,,,,,,,,,,,,,,,,,,,,,,,,,,,,,,,,,,,,,,,,,,,,,,,,,,,,,,,,,,,,,,,,,,,,,,,,,,,,,,,,,,,,,,,,,,,,
,,,,,,,,,,,,,,,,,,,,,,,,,,,,,,,,,,,,,,,,,,,,,,,,,,,,,,,,,,,,,,,,,,,,,,,,,,,,,,,,,,,,,,,,,,,,,,,,,,,
,,,,,,,,,,,,,,,,,,,,,,,,,,,,,,,,,,,,,,,,,,,,,,,,,,,,,,,,,,,,,,,,,,,,,,,,,,,,,,,,,,,,,,,,,,,,,,,,,,,
,,,,,,,,,,,,,,,,,,,,,,,,,,,,,,,,,,,,,,,,,,,,,,,,,,,,,,,,,,,,,,,,,,,,,,,,,,,,,,,,,,,,,,,,,,,,,,,,,,,
,,,,,,,,,,,,,,,,,,,,,,,,,,,,,,,,,,,,,,,,,,,,,,,,,,,,,,,,,,,,,,,,,,,,,,,,,,,,,,,,,,,,,,,,,,,,,,,,,,,
,,,,,,,,,,,,,,,,,,,,,,,,,,,,,,,,,,,,,,,,,,,,,,,,,,,,,,,,,,,,,,,,,,,,,,,,,,,,,,,,,,,,,,,,,,,,,,,,,,,
,,,,,,,,,,,,,,,,,,,,,,,,,,,,,,,,,,,,,,,,,,,,,,,,,,,,,,,,,,,,,,,,,,,,,,,,,,,,,,,,,,,,,,,,,,,,,,,,,,,
,,,,,,,,,,,,,,,,,,,,,,,,,,,,,,,,,,,,,,,,,,,,,,,,,,,,,,,,,,,,,,,,,,,,,,,,,,,,,,,,,,,,,,,,,,,,,,,,,,,
,,,,,,,,,,,,,,,,,,,,,,,,,,,,,,,,,,,,,,,,,,,,,,,,,,,,,,,,,,,,,,,,,,,,,,,,,,,,,,,,,,,,,,,,,,,,,,,,,,,
,,,,,,,,,,,,,,,,,,,,,,,,,,,,,,,,,,,,,,,,,,,,,,,,,,,,,,,,,,,,,,,,,,,,,,,,,,,,,,,,,,,,,,,,,,,,,,,,,,,
,,,,,,,,,,,,,,,,,,,,,,,,,,,,,,,,,,,,,,,,,,,,,,,,,,,,,,,,,,,,,,,,,,,,,,,,,,,,,,,,,,,,,,,,,,,,,,,,,,,
,,,,,,,,,,,,,,,,,,,,,,,,,,,,,,,,,,,,,,,,,,,,,,,,,,,,,,,,,,,,,,,,,,,,,,,,,,,,,,,,,,,,,,,,,,,,,,,,,,,
,,,,,,,,,,,,,,,,,,,,,,,,,,,,,,,,,,,,,,,,,,,,,,,,,,,,,,,,,,,,,,,,,,,,,,,,,,,,,,,,,,,,,,,,,,,,,,,,,,,
MoveObject: type=2 stepAdvance=1 stepRecede=1 timeStopStart=0 timeStopEnd=0 posStart=1218;3204 posEnd=1218;3204 posCurrent=1218;3204 step=1 time=0 phase=3167 channel=10 icon=20 
MoveObject: type=2 stepAdvance=1 stepRecede=1 timeStopStart=0 timeStopEnd=0 posStart=1154;3204 posEnd=1154;3204 posCurrent=1154;3204 step=1 time=0 phase=3167 channel=10 icon=20 
MoveObject: type=2 stepAdvance=1 stepRecede=1 timeStopStart=0 timeStopEnd=0 posStart=2818;3460 posEnd=2818;3460 posCurrent=2818;3460 step=1 time=0 phase=3167 channel=10 icon=20 
MoveObject: type=2 stepAdvance=1 stepRecede=1 timeStopStart=0 timeStopEnd=0 posStart=2754;3460 posEnd=2754;3460 posCurrent=2754;3460 step=1 time=0 phase=3167 channel=10 icon=20 
MoveObject: type=2 stepAdvance=1 stepRecede=1 timeStopStart=0 timeStopEnd=0 posStart=2882;3460 posEnd=2882;3460 posCurrent=2882;3460 step=1 time=0 phase=3167 channel=10 icon=20 
MoveObject: type=2 stepAdvance=1 stepRecede=1 timeStopStart=0 timeStopEnd=0 posStart=5442;2308 posEnd=5442;2308 posCurrent=5442;2308 step=1 time=0 phase=3167 channel=10 icon=20 
MoveObject: type=2 stepAdvance=1 stepRecede=1 timeStopStart=0 timeStopEnd=0 posStart=5570;2308 posEnd=5570;2308 posCurrent=5570;2308 step=1 time=0 phase=3167 channel=10 icon=20 
MoveObject: type=1 stepAdvance=40 stepRecede=40 timeStopStart=10 timeStopEnd=10 posStart=5696;3136 posEnd=5696;2880 posCurrent=5696;2906 step=2 time=36 phase=3167 channel=1 icon=215 
MoveObject: type=6 stepAdvance=1 stepRecede=1 timeStopStart=0 timeStopEnd=0 posStart=3714;1736 posEnd=3714;1736 posCurrent=3714;1736 step=1 time=0 phase=3167 channel=10 icon=28 
MoveObject: type=6 stepAdvance=1 stepRecede=1 timeStopStart=0 timeStopEnd=0 posStart=3778;1736 posEnd=3778;1736 posCurrent=3778;1736 step=1 time=0 phase=3167 channel=10 icon=28 
MoveObject: type=2 stepAdvance=1 stepRecede=1 timeStopStart=0 timeStopEnd=0 posStart=5506;2308 posEnd=5506;2308 posCurrent=5506;2308 step=1 time=0 phase=3167 channel=10 icon=20 
MoveObject: type=2 stepAdvance=1 stepRecede=1 timeStopStart=0 timeStopEnd=0 posStart=3266;2308 posEnd=3266;2308 posCurrent=3266;2308 step=1 time=0 phase=3167 channel=10 icon=20 
MoveObject: type=2 stepAdvance=1 stepRecede=1 timeStopStart=0 timeStopEnd=0 posStart=3330;2308 posEnd=3330;2308 posCurrent=3330;2308 step=1 time=0 phase=3167 channel=10 icon=20 
MoveObject: type=2 stepAdvance=1 stepRecede=1 timeStopStart=0 timeStopEnd=0 posStart=3394;2308 posEnd=3394;2308 posCurrent=3394;2308 step=1 time=0 phase=3167 channel=10 icon=20 
MoveObject: type=24 stepAdvance=1 stepRecede=1 timeStopStart=0 timeStopEnd=0 posStart=642;3077 posEnd=642;3077 posCurrent=642;3077 step=1 time=0 phase=3167 channel=10 icon=130 
MoveObject: type=24 stepAdvance=1 stepRecede=1 timeStopStart=0 timeStopEnd=0 posStart=770;3077 posEnd=770;3077 posCurrent=770;3077 step=1 time=0 phase=3167 channel=10 icon=130 
MoveObject: type=24 stepAdvance=1 stepRecede=1 timeStopStart=0 timeStopEnd=0 posStart=1602;3077 posEnd=1602;3077 posCurrent=1602;3077 step=1 time=0 phase=3167 channel=10 icon=130 
MoveObject: type=24 stepAdvance=1 stepRecede=1 timeStopStart=0 timeStopEnd=0 posStart=1474;3077 posEnd=1474;3077 posCurrent=1474;3077 step=1 time=0 phase=3167 channel=10 icon=130 
MoveObject: type=24 stepAdvance=1 stepRecede=1 timeStopStart=0 timeStopEnd=0 posStart=5186;2949 posEnd=5186;2949 posCurrent=5186;2949 step=1 time=0 phase=3167 channel=10 icon=130 
MoveObject: type=24 stepAdvance=1 stepRecede=1 timeStopStart=0 timeStopEnd=0 posStart=5314;2949 posEnd=5314;2949 posCurrent=5314;2949 step=1 time=0 phase=3167 channel=10 icon=130 
MoveObject: type=1 stepAdvance=40 stepRecede=40 timeStopStart=10 timeStopEnd=10 posStart=5760;3136 posEnd=5760;2880 posCurrent=5760;2906 step=2 time=36 phase=3167 channel=1 icon=215 
MoveObject: type=1 stepAdvance=40 stepRecede=40 timeStopStart=10 timeStopEnd=10 posStart=5824;2624 posEnd=5824;2880 posCurrent=5824;2854 step=2 time=36 phase=3167 channel=1 icon=215 
MoveObject: type=1 stepAdvance=40 stepRecede=40 timeStopStart=10 timeStopEnd=10 posStart=5888;2624 posEnd=5888;2880 posCurrent=5888;2854 step=2 time=36 phase=3167 channel=1 icon=215 
MoveObject: type=1 stepAdvance=40 stepRecede=40 timeStopStart=10 timeStopEnd=10 posStart=5760;2624 posEnd=5760;2368 posCurrent=5760;2394 step=2 time=36 phase=3167 channel=1 icon=215 
MoveObject: type=1 stepAdvance=40 stepRecede=40 timeStopStart=10 timeStopEnd=10 posStart=5696;2624 posEnd=5696;2368 posCurrent=5696;2394 step=2 time=36 phase=3167 channel=1 icon=215 
MoveObject: type=6 stepAdvance=1 stepRecede=1 timeStopStart=0 timeStopEnd=0 posStart=3842;1736 posEnd=3842;1736 posCurrent=3842;1736 step=1 time=0 phase=3167 channel=10 icon=28 
MoveObject: type=5 stepAdvance=1 stepRecede=1 timeStopStart=0 timeStopEnd=0 posStart=2434;2692 posEnd=2434;2692 posCurrent=2434;2692 step=1 time=0 phase=3167 channel=10 icon=1 
MoveObject: type=5 stepAdvance=1 stepRecede=1 timeStopStart=0 timeStopEnd=0 posStart=2562;2692 posEnd=2562;2692 posCurrent=2562;2692 step=1 time=0 phase=3167 channel=10 icon=1 
MoveObject: type=1 stepAdvance=40 stepRecede=40 timeStopStart=10 timeStopEnd=10 posStart=1856;2560 posEnd=1856;2304 posCurrent=1856;2330 step=2 time=36 phase=3167 channel=1 icon=227 
MoveObject: type=24 stepAdvance=1 stepRecede=1 timeStopStart=0 timeStopEnd=0 posStart=3650;2053 posEnd=3650;2053 posCurrent=3650;2053 step=1 time=0 phase=3167 channel=10 icon=130 
MoveObject: type=24 stepAdvance=1 stepRecede=1 timeStopStart=0 timeStopEnd=0 posStart=3714;2053 posEnd=3714;2053 posCurrent=3714;2053 step=1 time=0 phase=3167 channel=10 icon=130 
MoveObject: type=24 stepAdvance=1 stepRecede=1 timeStopStart=0 timeStopEnd=0 posStart=3842;2053 posEnd=3842;2053 posCurrent=3842;2053 step=1 time=0 phase=3167 channel=10 icon=130 
MoveObject: type=24 stepAdvance=1 stepRecede=1 timeStopStart=0 timeStopEnd=0 posStart=3906;2053 posEnd=3906;2053 posCurrent=3906;2053 step=1 time=0 phase=3167 channel=10 icon=130 
MoveObject: type=1 stepAdvance=40 stepRecede=40 timeStopStart=10 timeStopEnd=10 posStart=1792;2048 posEnd=1792;2304 posCurrent=1792;2278 step=2 time=36 phase=3167 channel=1 icon=227 
MoveObject: type=6 stepAdvance=1 stepRecede=1 timeStopStart=0 timeStopEnd=0 posStart=1410;2376 posEnd=1410;2376 posCurrent=1410;2376 step=1 time=0 phase=3167 channel=10 icon=28 
MoveObject: type=1 stepAdvance=40 stepRecede=40 timeStopStart=10 timeStopEnd=10 posStart=1920;2048 posEnd=1920;2304 posCurrent=1920;2278 step=2 time=36 phase=3167 channel=1 icon=227 
MoveObject: type=1 stepAdvance=40 stepRecede=40 timeStopStart=10 timeStopEnd=10 posStart=1856;2048 posEnd=1856;1792 posCurrent=1856;1818 step=2 time=36 phase=3167 channel=1 icon=227 
MoveObject: type=7 stepAdvance=1 stepRecede=1 timeStopStart=0 timeStopEnd=0 posStart=1858;1092 posEnd=1858;1092 posCurrent=1858;1092 step=1 time=0 phase=3167 channel=10 icon=36 
MoveObject: type=5 stepAdvance=1 stepRecede=1 timeStopStart=0 timeStopEnd=0 posStart=3778;2308 posEnd=3778;2308 posCurrent=3778;2308 step=1 time=0 phase=3167 channel=10 icon=1 
MoveObject: type=5 stepAdvance=1 stepRecede=1 timeStopStart=0 timeStopEnd=0 posStart=4354;2308 posEnd=4354;2308 posCurrent=4354;2308 step=1 time=0 phase=3167 channel=10 icon=1 
MoveObject: type=5 stepAdvance=1 stepRecede=1 timeStopStart=0 timeStopEnd=0 posStart=3778;3460 posEnd=3778;3460 posCurrent=3778;3460 step=1 time=0 phase=3167 channel=10 icon=1 
MoveObject: type=5 stepAdvance=1 stepRecede=1 timeStopStart=0 timeStopEnd=0 posStart=3906;3396 posEnd=3906;3396 posCurrent=3906;3396 step=1 time=0 phase=3167 channel=10 icon=1 
MoveObject: type=5 stepAdvance=1 stepRecede=1 timeStopStart=0 timeStopEnd=0 posStart=4034;3332 posEnd=4034;3332 posCurrent=4034;3332 step=1 time=0 phase=3167 channel=10 icon=1 
MoveObject: type=5 stepAdvance=1 stepRecede=1 timeStopStart=0 timeStopEnd=0 posStart=4162;3268 posEnd=4162;3268 posCurrent=4162;3268 step=1 time=0 phase=3167 channel=10 icon=1 
MoveObject: type=5 stepAdvance=1 stepRecede=1 timeStopStart=0 timeStopEnd=0 posStart=4290;3204 posEnd=4290;3204 posCurrent=4290;3204 step=1 time=0 phase=3167 channel=10 icon=1 
MoveObject: type=2 stepAdvance=1 stepRecede=1 timeStopStart=0 timeStopEnd=0 posStart=1026;3204 posEnd=1026;3204 posCurrent=1026;3204 step=1 time=0 phase=3167 channel=10 icon=20 
MoveObject: type=2 stepAdvance=1 stepRecede=1 timeStopStart=0 timeStopEnd=0 posStart=1090;3204 posEnd=1090;3204 posCurrent=1090;3204 step=1 time=0 phase=3167 channel=10 icon=20 
MoveObject: type=2 stepAdvance=1 stepRecede=1 timeStopStart=0 timeStopEnd=0 posStart=1858;3204 posEnd=1858;3204 posCurrent=1858;3204 step=1 time=0 phase=3167 channel=10 icon=20 
MoveObject: type=2 stepAdvance=1 stepRecede=1 timeStopStart=0 timeStopEnd=0 posStart=1922;3204 posEnd=1922;3204 posCurrent=1922;3204 step=1 time=0 phase=3167 channel=10 icon=20 
MoveObject: type=2 stepAdvance=1 stepRecede=1 timeStopStart=0 timeStopEnd=0 posStart=1986;3204 posEnd=1986;3204 posCurrent=1986;3204 step=1 time=0 phase=3167 channel=10 icon=20 
