DescFile: posDecor=2982;2950 dimDecor=100;100 world=0 music=1 region=31 blupiPos=3330;3142 blupiDir=2 
Decor: 
,,,,,,,,,,,,,,,,,,,,,,,,,,,,,,,,,,,,,,,,,,,,,,,,,,,,,,,,,,,,,,,,,,,,,,,,,,,,,,,,,,,,,,,,,,,,,,,,,,,
,,,,,,,,,,,,,,,,,,,,,,,,,,,,,,,,,,,,,,,,,,,,,,,,,,,,,,,,,,,,,,,,,,,,,,,,,,,,,,,,,,,,,,,,,,,,,,,,,,,
,,,,,,,,,,,,,,,,,,,,,,,,,,,,,,,,,,,,,,,,,,,,,,,,,,,,,,,,,,,,,,,,,,,,,,,,,,,,,,,,,,,,,,,,,,,,,,,,,,,
,,,,,,,,,,,,,,,,,,,,,,,,,,,,,,,,,,,,,,,,,,,,,,,,,,,,,,,,,,,,,,,,,,,,,,,,,,,,,,,,,,,,,,,,,,,,,,,,,,,
,,,,,,,,,,,,,,,,,,,,,,,,,,,,,,,,,,,,,,,,,,,,,,,,,,,,,,,,,,,,,,,,,,,,,,,,,,,,,,,,,,,,,,,,,,,,,,,,,,,
,,,,,,,,,,,,,,,,,,,,,,,,,,,,,,,,,,,,,,,,,,,,,,,,,,,,,,,,,,,,,,,,,,,,,,,,,,,,,,,,,,,,,,,,,,,,,,,,,,,
,,,,,,,,,,,,,,,,,,,,,,,,,,,,,,,,,,,,,,,,,,,,,,,,,,,,,,,,,,,,,,,,,,,,,,,,,,,,,,,,,,,,,,,,,,,,,,,,,,,
,,,,,,,,,,,,,,,,,,,,,,,,,,,,,,,,,,,,,,,,,,,,,,,,,,,,,,,,,,,,,,,,,,,,,,,,,,,,,,,,,,,,,,,,,,,,,,,,,,,
,,,,,,,,,,,,,,,,,,,,,,,,,,,,,,,,,,,,,,,,,,,,,,,,,,,,,,,,,,,,,,,,,,,,,,,,,,,,,,,,,,,,,,,,,,,,,,,,,,,
,,,,,,,,,,,,,,,,,,,,,,,,,,,,,,,,,,,,,,,,,,,,,,,,,,,,,,,,,,,,,,,,,,,,,,,,,,,,,,,,,,,,,,,,,,,,,,,,,,,
,,,,,,,,,,,,,,,,,,,,,,,,,,,,,,,,,,,,,,,,,,,,,,,,,,,,,,,,,,,,,,,,,,,,,,,,,,,,,,,,,,,,,,,,,,,,,,,,,,,
,,,,,,,,,,,,,,,,,,,,,,,,,,,,,,,,,,,,,,,,,,,,,,,,,,,,,,,,,,,,,,,,,,,,,,,,,,,,,,,,,,,,,,,,,,,,,,,,,,,
,,,,,,,,,,,,,,,,,,,,,,,,,,,,,,,,,,,,,,,,,,,,,,,,,,,,,,,,,,,,,,,,,,,,,,,,,,,,,,,,,,,,,,,,,,,,,,,,,,,
,,,,,,,,,,,,,,,,,,,,,,,,,,,,,,,,,,,,,,,,,,,,,,,,,,,,,,,,,,,,,,,,,,,,,,,,,,,,,,,,,,,,,,,,,,,,,,,,,,,
,,,,,,,,,,,,,,,,,,,,,,,,,,,,,,,,,,,,,,,,,,,,,,,,,,,,,,,,,,,,,,,,,,,,,,,,,,,,,,,,,,,,,,,,,,,,,,,,,,,
,,,,,,,,,,,,,,,,,,,,,,,,,,,,,,,,,,,,,,,,,,,,,,,,,,,,,,,,,,,,,,,,,,,,,,,,,,,,,,,,,,,,,,,,,,,,,,,,,,,
,,,,,,,,,,,,,,,,,,,,,,,,,,,,,,,,,,,,,,,,,,,,,,,,,,,,,,,,,,,,,,,,,,,,,,,,,,,,,,,,,,,,,,,,,,,,,,,,,,,
,,,,,,,,,,,,,,,,,,,,,,,,,,,,,,,,,,,,,,,,,,,,,,,,,,,,,,,,,,,,,,,,,,,,,,,,,,,,,,,,,,,,,,,,,,,,,,,,,,,
,,,,,,,,,,,,,,,,,,,,,,,,,,,,,,,,,,,,,,,,,,,,,,,,,,,,,,,,,,,,,,,,,,,,,,,,,,,,,,,,,,,,,,,,,,,,,,,,,,,
,,,,,,,,,,,,,,,,,,,,,,,,,,,,,,,,,,,,,,,,,,,,,,,,,,,,,,,,,,,,,,,,,,,,,,,,,,,,,,,,,,,,,,,,,,,,,,,,,,,
,,,,,,,,,,,,,,,,,,,,,,,,,,,,,,,,,,,,,,,,,,,,,,,,,,,,,,,,,,,,,,,,,,,,,,,,,,,,,,,,,,,,,,,,,,,,,,,,,,,
,,,,,,,,,,,,,,,,,,,,,,,,,,,,,,,,,,,,,,,,,,,,,,,,,,,,,,,,,,,,,,,,,,,,,,,,,,,,,,,,,,,,,,,,,,,,,,,,,,,
,,,,,,,,,,,,,,,,,,,,,,,,,,,,,,,,,,,,,,,,,,,,,,,,,,,,,,,,,,,,,,,,,,,,,,,,,,,,,,,,,,,,,,,,,,,,,,,,,,,
,,,,,,,,,,,,,,,,,,,,,,,,,,,,,,,,,,,,,,,,,,,,,,,,,,,,,,,,,,,,,,,,,,,,,,,,,,,,,,,,,,,,,,,,,,,,,,,,,,,
,,,,,,,,,,,,,,,,,,,,,,,,,,,,,,,,,,,,,,,,,,,,,,,,,,,,,,,,,,,,,,,,,,,,,,,,,,,,,,,,,,,,,,,,,,,,,,,,,,,
,,,,,,,,,,,,,,,,,,,,,,,,,,,,,,,,,,,,,,,,,,,,,,,,,,,,,,,,,,,,,,,,,,,,,,,,,,,,,,,,,,,,,,,,,,,,,,,,,,,
,,,,,,,,,,,,,,,,,,,,,,,,,,,,,,,,,,,,,,,,,,,,,,,,,,,,,,,,,,,,,,,,,,,,,,,,,,,,,,,,,,,,,,,,,,,,,,,,,,,
,,,,,,,,,,,,,,,,,,,,,,,,,,,,,,,,,,,,,,,,,,,,,,,,,,,,,,,,,,,,,,,,,,,,,,,,,,,,,,,,,,,,,,,,,,,,,,,,,,,
,,,,,,,,,,,,,,,,,,,,,,,,,,,,,,,,,,,,,,,,,,,,,,,,,,,,,,,,,,,,,,,,,,,,,,,,,,,,,,,,,,,,,,,,,,,,,,,,,,,
,,,,,,,,,,,,,,,,,,,,,,,,,,,,,,,,,,,,,,,,,,,,,,,,,,,,,,,,,,,,,,,,,,,,,,,,,,,,,,,,,,,,,,,,,,,,,,,,,,,
,,,,,,,,,,,,,,,,,,,,,,,,,,,,,,,,,,,,,,,,,,,,,,,,,,,,,,,,,,,,,,,,,,,,,,,,,,,,,,,,,,,,,,,,,,,,,,,,,,,
,,,,,,,,353,349,349,349,349,349,349,349,349,349,349,349,349,349,349,349,349,349,349,349,349,349,349,349,349,349,349,349,349,349,349,349,349,349,349,349,349,349,349,349,349,349,349,349,349,349,349,349,349,349,349,349,349,349,349,349,349,349,349,355,,,,,,,,,,,,,,,,,,,,,,,,,,,,,,,,
,,,,,,,,362,342,342,341,341,345,343,341,344,344,345,344,341,343,345,342,343,342,342,345,345,341,343,344,341,344,345,344,345,342,341,341,343,345,341,343,343,345,342,342,341,342,345,345,345,341,342,342,342,342,343,342,343,341,342,344,341,344,341,363,,,,,,,,,,,,,,,,,,,,,,,,,,,,,,,,
,,,,,,,,347,341,342,344,342,343,342,341,345,342,342,344,345,343,342,343,342,343,343,344,345,341,341,342,344,342,342,341,343,342,343,345,341,344,345,341,343,343,344,341,341,344,343,343,343,345,342,345,345,341,345,341,344,342,344,345,341,342,343,363,,,,,,,,,,,,,,,,,,,,,,,,,,,,,,,,
,,,,,,,,347,341,343,345,345,342,345,342,341,344,343,341,345,344,345,345,344,345,344,341,345,345,344,342,341,341,342,343,341,344,343,344,341,345,345,344,341,342,343,341,342,342,341,341,341,342,344,343,341,344,343,344,343,344,341,342,344,341,344,363,,,,,,,,,,,,,,,,,,,,,,,,,,,,,,,,
,,,,,,,,347,343,342,345,344,344,343,341,344,344,341,341,345,345,341,343,344,343,341,342,344,342,343,345,344,345,344,343,341,345,342,343,344,342,343,345,344,344,345,341,342,343,344,344,341,345,342,345,343,341,342,344,344,343,342,342,342,342,343,348,,,,,,,,,,,,,,,,,,,,,,,,,,,,,,,,
,,,,,,,,362,344,342,341,345,343,341,344,345,345,344,344,344,343,341,344,345,341,345,341,344,345,343,341,342,342,344,345,344,342,344,342,342,344,344,344,341,341,343,343,345,341,341,343,345,345,345,344,345,344,344,341,345,344,342,345,343,345,342,363,,,,,,,,,,,,,,,,,,,,,,,,,,,,,,,,
,,,,,,,,362,346,346,346,344,342,341,342,343,345,346,344,344,346,344,343,341,344,341,342,346,342,341,342,341,343,342,341,345,343,345,343,346,342,342,344,344,343,341,342,341,344,346,345,344,344,342,344,342,346,345,345,341,343,344,343,342,345,345,348,,,,,,,,,,,,,,,,,,,,,,,,,,,,,,,,
,,,,,,,,347,344,344,342,345,341,341,344,345,342,341,342,344,341,346,343,346,345,343,345,346,341,346,343,342,345,343,341,346,343,345,341,346,346,346,346,344,346,342,346,342,345,345,344,345,344,341,345,346,343,342,345,344,342,341,344,342,341,344,348,,,,,,,,,,,,,,,,,,,,,,,,,,,,,,,,
,,,,,,,,362,343,343,342,346,345,342,341,343,345,345,342,343,341,343,345,344,343,342,341,342,344,342,344,342,341,344,344,342,343,344,346,343,346,343,346,345,344,345,346,345,343,341,344,346,342,345,346,345,341,341,343,345,341,342,343,341,345,345,363,,,,,,,,,,,,,,,,,,,,,,,,,,,,,,,,
,,,,,,,,362,345,343,345,343,343,346,344,341,345,341,343,341,344,345,346,343,341,342,344,344,344,342,345,342,345,342,345,346,343,341,345,346,343,341,342,345,344,343,346,344,342,343,344,341,341,341,344,346,343,342,346,346,345,343,344,342,343,345,363,,,,,,,,,,,,,,,,,,,,,,,,,,,,,,,,
,,,,,,,,362,346,342,341,345,345,345,345,341,341,344,341,345,350,350,344,345,345,341,342,345,344,342,342,341,343,346,341,341,341,344,343,346,344,342,342,341,341,344,345,341,346,344,346,346,343,342,341,342,341,341,341,341,342,346,344,341,345,344,363,,,,,,,,,,,,,,,,,,,,,,,,,,,,,,,,
,,,,,,,,347,346,341,343,346,346,344,346,346,344,346,350,356,,,354,350,341,344,346,344,341,341,343,341,345,350,345,343,341,345,346,341,342,343,344,343,344,346,342,344,342,343,345,346,344,344,346,342,344,342,344,346,346,342,342,343,344,345,348,,,,,,,,,,,,,,,,,,,,,,,,,,,,,,,,
,,,,,,,,347,341,344,345,345,344,343,350,350,350,356,,,,,,,354,350,350,350,350,343,343,345,363,,362,346,345,344,343,342,346,345,343,350,350,350,350,350,350,343,346,342,344,343,342,345,342,341,342,342,343,345,343,344,343,343,363,,,,,,,,,,,,,,,,,,,,,,,,,,,,,,,,
,,,,,,,,362,341,342,344,344,342,356,,,,,,,,,,,,,,,,347,344,341,363,,347,341,343,345,343,346,342,345,356,,,,,,,10,350,346,341,345,341,341,344,345,346,343,343,341,345,345,343,345,348,,,,,,,,,,,,,,,,,,,,,,,,,,,,,,,,
,,,,,,,,347,342,342,345,346,363,,,,,,,,361,,,,,,,,,347,344,342,348,,347,342,345,346,346,344,350,356,,,,54,,10,,,,354,350,343,341,344,346,344,344,344,344,344,341,346,343,341,363,,,,,,,,,,,,,,,,,,,,,,,,,,,,,,,,
,,,,,,,,347,343,341,345,342,356,,,,,,,,,,,,,,,,353,342,342,345,363,,347,342,344,341,343,348,,,,,,10,349,343,349,355,,,,354,344,341,341,344,341,345,341,344,346,344,341,343,348,,,,,,,,,,,,,,,,,,,,,,,,,,,,,,,,
,,,,,,,,347,341,343,344,348,,,,,,,,,,,,,,,,218,345,344,343,342,363,,362,345,344,346,342,356,,,,353,349,341,344,343,346,341,349,355,,,354,350,342,344,345,341,346,344,344,342,342,341,363,,,,,,,,,,,,,,,,,,,,,,,,,,,,,,,,
,,,,,,,,362,343,342,343,348,,,,,,,,,,,,,,,,,354,345,346,343,348,,362,342,341,346,363,,,353,349,345,343,346,345,342,345,344,343,348,,,,,354,343,342,343,341,342,344,346,344,341,348,,,,,,,,,,,,,,,,,,,,,,,,,,,,,,,,
,,,,,,,,362,345,343,346,363,,,,,,58,,58,,,,,361,,,,,362,342,343,348,,347,343,345,342,363,,353,342,342,344,346,343,343,343,345,342,342,346,355,,,,,10,342,345,343,341,345,341,342,342,348,,,,,,,,,,,,,,,,,,,,,,,,,,,,,,,,
,,,,,,,,362,345,345,344,348,,,,60,3,10,10,10,10,15,,,,,,,353,346,341,341,348,,362,345,341,346,363,,347,341,341,345,350,350,350,350,350,342,345,345,348,,,,,,362,342,342,344,345,346,342,343,363,,,,,,,,,,,,,,,,,,,,,,,,,,,,,,,,
,,,,,,,,347,346,344,341,348,,,,,,10,53,73,53,10,59,,353,349,349,349,346,344,346,341,345,236,342,345,343,343,342,235,362,345,346,348,,,,,,362,346,341,363,,,,,,347,344,346,343,343,343,346,342,363,,,,,,,,,,,,,,,,,,,,,,,,,,,,,,,,
,,,,,,,,362,341,346,345,363,,,,,56,10,427,10,55,10,27,10,350,350,350,350,350,350,350,350,356,,354,350,350,350,356,,354,350,350,356,,,,,,362,345,341,363,,,,,,354,345,344,346,344,346,342,343,363,,,,,,,,,,,,,,,,,,,,,,,,,,,,,,,,
,,,,,,,,347,342,346,342,363,,,,,,73,,3,,73,,,,,,,,,,,,,,,,,,,,,,,,,,,,218,343,343,363,,,,,,,347,343,343,345,344,342,341,348,,,,,,,,,,,,,,,,,,,,,,,,,,,,,,,,
,,,,,,,,362,344,344,346,363,,,,,56,10,427,10,55,10,27,10,349,349,349,349,349,349,349,349,355,,353,349,349,349,355,,353,349,349,355,,,,,,347,344,342,363,,60,3,236,236,236,10,10,344,345,345,343,343,363,,,,,,,,,,,,,,,,,,,,,,,,,,,,,,,,
,,,,,,,,362,342,343,344,363,,,,,,10,54,73,54,10,59,,354,350,344,346,342,346,343,345,341,236,343,344,346,344,341,235,341,344,345,343,355,,,,,347,343,341,348,,,,,,,68,10,343,345,344,345,342,363,,,,,,,,,,,,,,,,,,,,,,,,,,,,,,,,
,,,,,,,,347,345,343,343,363,,,,60,3,10,10,10,10,17,,,,,354,350,341,346,346,345,348,,362,341,342,350,356,,362,342,341,341,341,360,,359,352,345,344,341,363,,,,,,,68,10,343,343,341,345,344,348,,,,,,,,,,,,,,,,,,,,,,,,,,,,,,,,
,,,,,,,,347,346,344,341,363,,,,,,57,,57,,,,,,,,,354,344,344,345,348,,362,345,363,,,,3,10,10,344,363,,,,,362,342,341,363,,,,,,,68,10,343,342,343,342,342,363,,,,,,,,,,,,,,,,,,,,,,,,,,,,,,,,
,,,,,,,,347,341,345,344,363,,,,,,,,,,,,,,,,,,362,344,344,348,,347,341,348,,,,,68,10,344,342,355,,353,349,346,346,345,356,,60,3,236,236,236,10,10,342,341,342,342,345,348,,,,,,,,,,,,,,,,,,,,,,,,,,,,,,,,
,,,,,,,,362,345,346,345,363,,,,,,,,,,,,,,,,,,362,344,345,363,,347,346,344,138,,,,68,10,342,343,356,,354,350,344,350,356,,,,,,,,362,344,345,342,341,341,343,348,,,,,,,,,,,,,,,,,,,,,,,,,,,,,,,,
,,,,,,,,347,342,345,345,348,,,,,,,,,,,,,,,,,,362,346,342,363,,347,345,341,138,,,56,10,10,344,348,,,,,351,,,,,,,,,,347,345,346,342,343,344,343,348,,,,,,,,,,,,,,,,,,,,,,,,,,,,,,,,
,,,,,,,,347,342,345,341,348,,56,10,235,10,55,,,,,,,,,,,,347,343,345,363,,362,341,348,,,,3,10,10,344,363,,,,,351,,,,,,,,353,349,343,343,345,342,345,343,345,348,,,,,,,,,,,,,,,,,,,,,,,,,,,,,,,,
,,,,,,,,362,341,343,345,341,235,235,10,235,235,235,10,55,,,,,,,,,,347,344,344,345,349,341,341,363,,,,,92,10,343,345,360,,359,352,363,,,,,,353,349,346,345,342,345,342,342,345,343,345,348,,,,,,,,,,,,,,,,,,,,,,,,,,,,,,,,
,,,,,,,,347,344,345,343,363,,56,10,235,235,235,235,235,10,55,,,,,,,,362,345,345,345,341,341,344,342,138,,,,92,10,341,363,,,,,351,,,,,10,343,346,343,341,346,343,341,346,346,344,344,348,,,,,,,,,,,,,,,,,,,,,,,,,,,,,,,,
,,,,,,,,347,344,346,342,348,,,,,,,,,,,,,,,,,,347,345,341,342,344,342,342,344,138,,,56,10,10,342,363,,,,,351,,,,,,354,350,342,343,341,346,341,343,343,343,343,348,,,,,,,,,,,,,,,,,,,,,,,,,,,,,,,,
,,,,,,,,362,345,341,345,363,,,,,,,,,,,,,,,,,,347,342,345,342,344,342,343,348,,,,3,10,10,341,343,360,,359,352,363,,,,,,,,354,350,343,346,342,346,346,343,344,348,,,,,,,,,,,,,,,,,,,,,,,,,,,,,,,,
,,,,,,,,347,345,344,344,363,,,,,,,,,,,,,,,,,,347,341,346,341,342,344,342,363,,,,,92,10,344,348,,,,,351,,,,,,,,,,347,345,345,342,344,341,345,363,,,,,,,,,,,,,,,,,,,,,,,,,,,,,,,,
,,,,,,,,347,346,346,345,348,,,,,,,,,,,,,,,,,,347,342,341,345,345,342,344,341,138,,,,92,10,343,363,,,,,351,,,,,,,,,,347,345,344,342,345,343,344,363,,,,,,,,,,,,,,,,,,,,,,,,,,,,,,,,
,,,,,,,,347,343,346,345,363,,,,,,,,,,,,,,,,,,347,342,342,345,344,342,344,343,138,,,56,10,10,341,363,,,,353,356,,,,,,,,,353,345,346,341,341,341,344,342,348,,,,,,,,,,,,,,,,,,,,,,,,,,,,,,,,
,,,,,,,,362,341,342,346,348,,,,,,60,10,236,10,235,235,235,235,10,235,235,235,362,343,341,341,345,343,341,363,,,,3,10,10,345,215,235,215,235,215,,,,,,,,,,354,346,344,343,345,345,344,343,348,,,,,,,,,,,,,,,,,,,,,,,,,,,,,,,,
,,,,,,,,362,341,346,341,363,,,,,,,,,,,,,,,,,,347,346,344,345,342,341,345,341,355,,,,,347,350,215,,215,422,215,,,,,,,,,,,347,342,344,345,346,345,342,363,,,,,,,,,,,,,,,,,,,,,,,,,,,,,,,,
,,,,,,,,347,346,345,342,348,,,,,,,,,,,,,,,,,,347,346,343,343,343,342,342,342,345,349,355,,,351,,,,351,,351,,,,,,,60,3,236,236,10,10,10,341,342,342,341,348,,,,,,,,,,,,,,,,,,,,,,,,,,,,,,,,
,,,,,,,,362,344,342,344,363,,,,,,,,,,,,,,,,,,362,344,346,341,344,343,341,342,350,350,356,,,351,,,,351,,351,,,,,,,,,,,364,68,10,344,342,341,345,348,,,,,,,,,,,,,,,,,,,,,,,,,,,,,,,,
,,,,,,,,362,343,342,342,348,,,,,,,,,,,,,,,,,,362,344,342,342,342,341,344,356,,,,,,217,235,217,235,217,,351,,,,,,,,,,,364,68,10,343,346,343,342,363,,,,,,,,,,,,,,,,,,,,,,,,,,,,,,,,
,,,,,,,,347,341,342,345,348,,,,,,,,56,10,236,10,235,235,235,235,235,235,362,346,346,341,344,344,363,,,,,353,349,217,,217,,217,,351,,,,,,,,,,,364,68,10,343,344,344,341,348,,,,,,,,,,,,,,,,,,,,,,,,,,,,,,,,
,,,,,,,,362,345,341,342,348,,,,,,,,,,,,,,,,,,347,344,345,345,344,343,363,,,353,352,350,350,356,410,348,,351,,351,,,,,,,,,,,364,68,10,345,346,341,345,363,,,,,,,,,,,,,,,,,,,,,,,,,,,,,,,,
,,,,,,,,362,344,345,345,348,,,,,,,,,,,,,,,,,,347,345,341,343,345,343,363,,,351,,,,,,351,,351,,351,,,,,,,,,,,364,68,10,341,345,342,343,363,,,,,,,,,,,,,,,,,,,,,,,,,,,,,,,,
,,,,,,,,362,341,343,341,341,355,,,,,,,,,,,,,,,,,347,342,346,342,343,344,348,,,351,,,,353,352,356,,351,,351,,,,,,,,,,,364,68,10,344,342,345,343,348,,,,,,,,,,,,,,,,,,,,,,,,,,,,,,,,
,,,,,,,,347,344,346,345,346,342,355,,,,,,,,,,,,,,,,362,343,342,344,343,343,348,,,216,235,216,235,216,,,,351,,351,,,,,,,,,,,364,68,10,343,341,341,345,348,,,,,,,,,,,,,,,,,,,,,,,,,,,,,,,,
,,,,,,,,347,346,341,341,342,350,348,,,,,,,,,,,,,,,,347,346,346,345,345,341,363,,,216,,216,,216,,,,351,,351,,,,,,,60,3,236,236,10,10,10,343,345,346,342,348,,,,,,,,,,,,,,,,,,,,,,,,,,,,,,,,
,,,,,,,,362,344,344,343,363,,354,349,235,235,235,235,235,11,10,426,10,11,235,235,235,235,347,346,345,344,344,341,348,,,351,,351,410,363,,,,351,,351,,,,,,,,,,,347,342,341,342,344,343,341,348,,,,,,,,,,,,,,,,,,,,,,,,,,,,,,,,
,,,,,,,,347,344,342,342,363,,,351,,,,,,,,,,,,,,,362,342,342,344,345,344,348,,,351,,351,,218,235,218,235,218,,351,,,,,,,,,,,362,344,345,342,343,346,344,348,,,,,,,,,,,,,,,,,,,,,,,,,,,,,,,,
,,,,,,,,347,346,344,341,348,,,362,355,,,,,,,,,,,,,,347,345,345,344,344,345,348,,,351,,351,,218,424,218,421,218,,351,,,,,,,,,,,354,341,345,346,343,346,343,348,,,,,,,,,,,,,,,,,,,,,,,,,,,,,,,,
,,,,,,,,362,344,342,341,363,,,362,363,,,,,,,,,,,,,,362,344,344,344,345,344,348,,,351,,351,,351,,351,,351,,351,,,,,,,,,,,,347,344,345,345,342,342,348,,,,,,,,,,,,,,,,,,,,,,,,,,,,,,,,
,,,,,,,,347,344,343,346,363,,,347,363,,,,,,,,,,,,,,362,343,346,343,343,345,363,,,358,,351,,351,,351,,347,235,356,,,,,,,,,,,,354,343,341,345,344,341,348,,,,,,,,,,,,,,,,,,,,,,,,,,,,,,,,
,,,,,,,,362,342,342,342,363,410,,362,356,,,,56,10,236,10,235,235,235,235,235,235,362,344,346,346,341,341,342,355,,,,351,,351,410,351,,351,,,,,,,,,,,,,,,10,343,344,346,345,363,,,,,,,,,,,,,,,,,,,,,,,,,,,,,,,,
,,,,,,,,362,343,344,346,348,,,351,,,,,,,,,,,,,359,349,343,346,342,345,341,343,342,341,349,349,349,363,,351,,351,,362,349,360,,,,,,,,,,,,353,343,342,345,346,341,348,,,,,,,,,,,,,,,,,,,,,,,,,,,,,,,,
,,,,,,,,347,346,344,341,348,,,351,,,,,,,,,,,,,,354,345,345,346,341,343,341,346,346,346,345,343,342,352,356,,351,410,341,356,,,,,,,,,,,,,347,342,342,341,342,341,348,,,,,,,,,,,,,,,,,,,,,,,,,,,,,,,,
,,,,,,,,347,345,346,342,363,,,358,,,,,,,,,,,,,,,10,350,345,343,344,344,341,345,342,345,350,356,,,,351,,351,,,,,,,,,,,,,353,346,344,341,342,345,342,348,,,,,,,,,,,,,,,,,,,,,,,,,,,,,,,,
,,,,,,,,347,341,346,346,348,,,,,,,,,,,,,,,,,,,,354,350,343,343,346,346,350,356,,,,353,352,356,,351,,,,,,,,,,,,,362,344,341,345,341,342,344,363,,,,,,,,,,,,,,,,,,,,,,,,,,,,,,,,
,,,,,,,,347,345,341,342,348,,,,,,,,,,,,,,,,,,10,,,,354,344,350,356,,,,353,349,356,,,,354,349,355,,,,,,,,353,349,349,344,342,344,342,345,345,345,348,,,,,,,,,,,,,,,,,,,,,,,,,,,,,,,,
,,,,,,,,362,346,343,343,363,,,,,,,,,,,,,,,,,353,344,349,355,,,10,,,,353,349,342,348,,,,,,362,343,349,349,349,349,349,349,349,343,343,343,343,344,342,342,345,341,341,348,,,,,,,,,,,,,,,,,,,,,,,,,,,,,,,,
,,,,,,,,347,345,342,346,342,355,,,,,,,,,,,,,,,359,350,341,341,344,355,,,,353,349,344,341,350,356,,,,,,354,344,345,342,342,345,345,345,345,343,342,344,345,342,345,344,342,344,342,348,,,,,,,,,,,,,,,,,,,,,,,,,,,,,,,,
,,,,,,,,347,343,343,344,343,348,,,56,10,235,235,235,235,235,10,59,,,,,,347,342,344,344,349,349,349,341,345,344,348,,,,,,,,,347,341,341,345,342,343,344,342,344,344,345,344,341,346,344,343,341,342,348,,,,,,,,,,,,,,,,,,,,,,,,,,,,,,,,
,,,,,,,,347,341,342,341,343,346,360,,,,,,,,,,,,,,,,362,346,343,345,345,346,343,341,341,346,348,,,,,,,353,236,362,343,342,341,345,344,343,343,341,343,345,344,346,345,346,341,342,343,363,,,,,,,,,,,,,,,,,,,,,,,,,,,,,,,,
,,,,,,,,347,341,341,342,345,348,,,,,,,,,,,,,,,,,347,343,342,346,344,342,341,341,346,345,356,,,,,353,236,363,,347,343,344,345,343,345,344,343,343,344,343,345,343,342,345,341,343,344,348,,,,,,,,,,,,,,,,,,,,,,,,,,,,,,,,
,,,,,,,,362,341,345,345,345,343,355,,,,,,,,,,,,,,,353,346,345,342,346,341,343,343,343,346,356,,,,353,236,348,,362,349,344,345,345,344,344,344,341,345,342,345,344,341,345,344,343,344,345,345,363,,,,,,,,,,,,,,,,,,,,,,,,,,,,,,,,
,,,,,,,,347,346,344,346,341,342,344,355,,,,,,,,,,,,357,,362,345,346,346,342,341,346,342,342,363,,,353,236,341,349,341,349,341,342,343,343,343,343,342,341,341,342,342,343,345,345,342,342,344,344,344,344,363,,,,,,,,,,,,,,,,,,,,,,,,,,,,,,,,
,,,,,,,,362,346,341,343,343,345,346,346,349,355,,,,,,,,,353,346,349,343,346,341,343,344,345,344,346,345,342,236,236,345,342,344,342,343,341,342,345,346,341,343,345,341,342,343,345,343,343,343,341,346,342,342,343,343,343,348,,,,,,,,,,,,,,,,,,,,,,,,,,,,,,,,
,,,,,,,,347,343,345,345,343,343,346,346,346,346,349,349,349,349,349,349,349,349,345,341,346,344,343,345,341,344,342,345,343,346,345,349,349,341,342,342,344,342,345,342,341,345,346,345,341,345,346,343,346,341,342,341,343,346,343,341,345,341,344,348,,,,,,,,,,,,,,,,,,,,,,,,,,,,,,,,
BigDecor: 
,,,,,,,,,,,,,,,,,,,,,,,,,,,,,,,,,,,,,,,,,,,,,,,,,,,,,,,,,,,,,,,,,,,,,,,,,,,,,,,,,,,,,,,,,,,,,,,,,,,
,,,,,,,,,,,,,,,,,,,,,,,,,,,,,,,,,,,,,,,,,,,,,,,,,,,,,,,,,,,,,,,,,,,,,,,,,,,,,,,,,,,,,,,,,,,,,,,,,,,
,,,,,,,,,,,,,,,,,,,,,,,,,,,,,,,,,,,,,,,,,,,,,,,,,,,,,,,,,,,,,,,,,,,,,,,,,,,,,,,,,,,,,,,,,,,,,,,,,,,
,,,,,,,,,,,,,,,,,,,,,,,,,,,,,,,,,,,,,,,,,,,,,,,,,,,,,,,,,,,,,,,,,,,,,,,,,,,,,,,,,,,,,,,,,,,,,,,,,,,
,,,,,,,,,,,,,,,,,,,,,,,,,,,,,,,,,,,,,,,,,,,,,,,,,,,,,,,,,,,,,,,,,,,,,,,,,,,,,,,,,,,,,,,,,,,,,,,,,,,
,,,,,,,,,,,,,,,,,,,,,,,,,,,,,,,,,,,,,,,,,,,,,,,,,,,,,,,,,,,,,,,,,,,,,,,,,,,,,,,,,,,,,,,,,,,,,,,,,,,
,,,,,,,,,,,,,,,,,,,,,,,,,,,,,,,,,,,,,,,,,,,,,,,,,,,,,,,,,,,,,,,,,,,,,,,,,,,,,,,,,,,,,,,,,,,,,,,,,,,
,,,,,,,,,,,,,,,,,,,,,,,,,,,,,,,,,,,,,,,,,,,,,,,,,,,,,,,,,,,,,,,,,,,,,,,,,,,,,,,,,,,,,,,,,,,,,,,,,,,
,,,,,,,,,,,,,,,,,,,,,,,,,,,,,,,,,,,,,,,,,,,,,,,,,,,,,,,,,,,,,,,,,,,,,,,,,,,,,,,,,,,,,,,,,,,,,,,,,,,
,,,,,,,,,,,,,,,,,,,,,,,,,,,,,,,,,,,,,,,,,,,,,,,,,,,,,,,,,,,,,,,,,,,,,,,,,,,,,,,,,,,,,,,,,,,,,,,,,,,
,,,,,,,,,,,,,,,,,,,,,,,,,,,,,,,,,,,,,,,,,,,,,,,,,,,,,,,,,,,,,,,,,,,,,,,,,,,,,,,,,,,,,,,,,,,,,,,,,,,
,,,,,,,,,,,,,,,,,,,,,,,,,,,,,,,,,,,,,,,,,,,,,,,,,,,,,,,,,,,,,,,,,,,,,,,,,,,,,,,,,,,,,,,,,,,,,,,,,,,
,,,,,,,,,,,,,,,,,,,,,,,,,,,,,,,,,,,,,,,,,,,,,,,,,,,,,,,,,,,,,,,,,,,,,,,,,,,,,,,,,,,,,,,,,,,,,,,,,,,
,,,,,,,,,,,,,,,,,,,,,,,,,,,,,,,,,,,,,,,,,,,,,,,,,,,,,,,,,,,,,,,,,,,,,,,,,,,,,,,,,,,,,,,,,,,,,,,,,,,
,,,,,,,,,,,,,,,,,,,,,,,,,,,,,,,,,,,,,,,,,,,,,,,,,,,,,,,,,,,,,,,,,,,,,,,,,,,,,,,,,,,,,,,,,,,,,,,,,,,
,,,,,,,,,,,,,,,,,,,,,,,,,,,,,,,,,,,,,,,,,,,,,,,,,,,,,,,,,,,,,,,,,,,,,,,,,,,,,,,,,,,,,,,,,,,,,,,,,,,
,,,,,,,,,,,,,,,,,,,,,,,,,,,,,,,,,,,,,,,,,,,,,,,,,,,,,,,,,,,,,,,,,,,,,,,,,,,,,,,,,,,,,,,,,,,,,,,,,,,
,,,,,,,,,,,,,,,,,,,,,,,,,,,,,,,,,,,,,,,,,,,,,,,,,,,,,,,,,,,,,,,,,,,,,,,,,,,,,,,,,,,,,,,,,,,,,,,,,,,
,,,,,,,,,,,,,,,,,,,,,,,,,,,,,,,,,,,,,,,,,,,,,,,,,,,,,,,,,,,,,,,,,,,,,,,,,,,,,,,,,,,,,,,,,,,,,,,,,,,
,,,,,,,,,,,,,,,,,,,,,,,,,,,,,,,,,,,,,,,,,,,,,,,,,,,,,,,,,,,,,,,,,,,,,,,,,,,,,,,,,,,,,,,,,,,,,,,,,,,
,,,,,,,,,,,,,,,,,,,,,,,,,,,,,,,,,,,,,,,,,,,,,,,,,,,,,,,,,,,,,,,,,,,,,,,,,,,,,,,,,,,,,,,,,,,,,,,,,,,
,,,,,,,,,,,,,,,,,,,,,,,,,,,,,,,,,,,,,,,,,,,,,,,,,,,,,,,,,,,,,,,,,,,,,,,,,,,,,,,,,,,,,,,,,,,,,,,,,,,
,,,,,,,,,,,,,,,,,,,,,,,,,,,,,,,,,,,,,,,,,,,,,,,,,,,,,,,,,,,,,,,,,,,,,,,,,,,,,,,,,,,,,,,,,,,,,,,,,,,
,,,,,,,,,,,,,,,,,,,,,,,,,,,,,,,,,,,,,,,,,,,,,,,,,,,,,,,,,,,,,,,,,,,,,,,,,,,,,,,,,,,,,,,,,,,,,,,,,,,
,,,,,,,,,,,,,,,,,,,,,,,,,,,,,,,,,,,,,,,,,,,,,,,,,,,,,,,,,,,,,,,,,,,,,,,,,,,,,,,,,,,,,,,,,,,,,,,,,,,
,,,,,,,,,,,,,,,,,,,,,,,,,,,,,,,,,,,,,,,,,,,,,,,,,,,,,,,,,,,,,,,,,,,,,,,,,,,,,,,,,,,,,,,,,,,,,,,,,,,
,,,,,,,,,,,,,,,,,,,,,,,,,,,,,,,,,,,,,,,,,,,,,,,,,,,,,,,,,,,,,,,,,,,,,,,,,,,,,,,,,,,,,,,,,,,,,,,,,,,
,,,,,,,,,,,,,,,,,,,,,,,,,,,,,,,,,,,,,,,,,,,,,,,,,,,,,,,,,,,,,,,,,,,,,,,,,,,,,,,,,,,,,,,,,,,,,,,,,,,
,,,,,,,,,,,,,,,,,,,,,,,,,,,,,,,,,,,,,,,,,,,,,,,,,,,,,,,,,,,,,,,,,,,,,,,,,,,,,,,,,,,,,,,,,,,,,,,,,,,
,,,,,,,,,,,,,,,,,,,,,,,,,,,,,,,,,,,,,,,,,,,,,,,,,,,,,,,,,,,,,,,,,,,,,,,,,,,,,,,,,,,,,,,,,,,,,,,,,,,
,,,,,,,,,,,,,,,,,,,,,,,,,,,,,,,,,,,,,,,,,,,,,,,,,,,,,,,,,,,,,,,,,,,,,,,,,,,,,,,,,,,,,,,,,,,,,,,,,,,
,,,,,,,,,,,,,,,,,,,,,,,,,,,,,,,,,,,,,,,,,,,,,,,,,,,,,,,,,,,,,,,,,,,,,,,,,,,,,,,,,,,,,,,,,,,,,,,,,,,
,,,,,,,,,,,,,,,,,,,,,,,,,,,,,,,,,,,,,,,,,,,,,,,,,,,,,,,,,,,,,,,,,,,,,,,,,,,,,,,,,,,,,,,,,,,,,,,,,,,
,,,,,,,,,,,,,,,,,,,,,,,,,,,,,,,,,,,,,,,,,,,,,,,,,,,,,,,,,,,,,,,,,,,,,,,,,,,,,,,,,,,,,,,,,,,,,,,,,,,
,,,,,,,,,,,,,,,,,,,,,,,,,,,,,,,,,,,,,,,,,,,,,,,,,,,,,,,,,,,,,,,,,,,,,,,,,,,,,,,,,,,,,,,,,,,,,,,,,,,
,,,,,,,,,,,,,,,,,,,,,,,,,,,,,,,,,,,,,,,,,,,,,,,,,,,,,,,,,,,,,,,,,,,,,,,,,,,,,,,,,,,,,,,,,,,,,,,,,,,
,,,,,,,,,,,,,,,,,,,,,,,,,,,,,,,,,,,,,,,,,,,,,,,,,,,,,,,,,,,,,,,,,,,,,,,,,,,,,,,,,,,,,,,,,,,,,,,,,,,
,,,,,,,,,,,,,,,,,,,,,,,,,,,,,,,,,,,,,,,,,,,,,,,,,,,,,,,,,,,,,,,,,,,,,,,,,,,,,,,,,,,,,,,,,,,,,,,,,,,
,,,,,,,,,,,,,,,,,,,,,,,,,,,,,,,,,,,,,,,,,,,,,,,,,,,,,,,,,,,,,,,,,,,,,,,,,,,,,,,,,,,,,,,,,,,,,,,,,,,
,,,,,,,,,,,,,,,,,,,,,,,,,,,,,,,,,,,,,,,,,,,,,,,,,,,,,,,,,,,,,,,,,,,,,,,,,,,,,,,,,,,,,,,,,,,,,,,,,,,
,,,,,,,,,,,,,,,,,,,,,,,,,,,,,,,,,,,,,,,,,,,,,,,,,,,,,,,,,,,,,,,,,,,,,,,,,,,,,,,,,,,,,,,,,,,,,,,,,,,
,,,,,,,,,,,,,,,,,,,,,,,,,,,,,,,,,,,,,,,,,,,,,,,,,,,,,,,,,,,,,,,,,,,,,,,,,,,,,,,,,,,,,,,,,,,,,,,,,,,
,,,,,,,,,,,,,,,,,,,,,,,,,,,,,,,,,,,,,,,,,,,,,,,,,,,,,,,,,,,,,,,,,,,,,,,,,,,,,,,,,,,,,,,,,,,,,,,,,,,
,,,,,,,,,,,,,,,,,,,,,,,,,,,,,,,,,,,,,,,,,,,,,,,,,,,,,,,,,,,,,,,,,,,,,,,,,,,,,,,,,,,,,,,,,,,,,,,,,,,
,,,,,,,,,,,,,,,,,,,,,,,,,,,,,,,,,,,,,,,,,,,,,,,,,,,,,,,,,,,,,,,,,,,,,,,,,,,,,,,,,,,,,,,,,,,,,,,,,,,
,,,,,,,,,,,,,,,,,,,,,,,,,,,,,,,,,,,,,,,,,,,,,,,,,,,,,,,,,,,,,,,,,,,,,,,,,,,,,,,,,,,,,,,,,,,,,,,,,,,
,,,,,,,,,,,,,,,,,,,,,,,,,,,,,,,,,,,,,,,,,,,,,,,,,,,,,,,,,,,,,,,,,,,,,,,,,,,,,,,,,,,,,,,,,,,,,,,,,,,
,,,,,,,,,,,,,,,,,,,,,,,,,,,,,,,,,,,,,,,,,,,,,,,,,,,,,,,,,,,,,,,,,,,,,,,,,,,,,,,,,,,,,,,,,,,,,,,,,,,
,,,,,,,,,,,,,,,,,,,,,,,,,,,,,,,,,,,,,,,,,,,,,,,,,,,,,,,,,,,,,,,,,,,,,,,,,,,,,,,,,,,,,,,,,,,,,,,,,,,
,,,,,,,,,,,,,,,,,,,,,,,,,,,,,,,,,,,,,,,,,,,,,,,,,,,,,,,,,,,,,,,,,,,,,,,,,,,,,,,,,,,,,,,,,,,,,,,,,,,
,,,,,,,,,,,,,,,,,,,,,,,,,,,,,,,,,,,,,,,,,,,,,,,,,,,,,,,,,,,,,,,,,,,,,,,,,,,,,,,,,,,,,,,,,,,,,,,,,,,
,,,,,,,,,,,,,,,,,,,,,,,,,,,,,,,,,,,,,,,,,,,,,,,,69,,,,,,,,,,,,,,,,,,,,,,,,,,,,,,,,,,,,,,,,,,,,,,,,,,,
,,,,,,,,,,,,,,,,,,,,,,,,,,,,,,,,,,,,,,,,,,,,,,,,,,,,,,,,,,,,,,,,,,,,,,,,,,,,,,,,,,,,,,,,,,,,,,,,,,,
,,,,,,,,,,,,,,,,,,,,,,,,,,,,,,,,,,,,,,,,,,,,,,,,,,,,,,,,,,,,,,,,,,,,,,,,,,,,,,,,,,,,,,,,,,,,,,,,,,,
,,,,,,,,,,,,,,,,,,,,,,,,,,,,,,,,,,,,,,,,,,,,,,,,69,,,,,,,,,,,,,,,,,,,,,,,,,,,,,,,,,,,,,,,,,,,,,,,,,,,
,,,,,,,,,,,,,,,,,,,,,,,,,,,,,,,,,,,,,,,,,,,,,,,,,,,,,,,,,,,,,,,,,,,,,,,,,,,,,,,,,,,,,,,,,,,,,,,,,,,
,,,,,,,,,,,,,,,,,,,,,,,,,,,,,,,,,,,,,,,,,,,,,,,,,,,,,,,,,,,,,,,,,,,,,,,,,,,,,,,,,,,,,,,,,,,,,,,,,,,
,,,,,,,,,,,,,,,,,,,,,,,,,,,,,,,,,,,,,,,,,,,,,,,,,,,,,,,,,,,,,,,,,,,,,,,,,,,,,,,,,,,,,,,,,,,,,,,,,,,
,,,,,,,,,,,,,,,,,,,,,,,,,,,,,,,,,,,,,,,,,,,,,,,,,,,,,,,,,,,,,,,,,,,,,,,,,,,,,,,,,,,,,,,,,,,,,,,,,,,
,,,,,,,,,,,,,,,,,,,,,,,,,,,,,,,,,,,,,,,,,,,,,,,,,,,,,,,,,,,,,,,,,,,,,,,,,,,,,,,,,,,,,,,,,,,,,,,,,,,
,,,,,,,,,,,,,,,,,,,,,,,,,,,,,,,,,,,,,,,,,,,,,,,,,,,,,,,,,,,,,,,,,,,,,,,,,,,,,,,,,,,,,,,,,,,,,,,,,,,
,,,,,,,,,,,,,,,,,,,,,,,,,,,,,,,,,,,,,,,,,,,,,,,,,,,,,,,,,,,,,,,,,,,,,,,,,,,,,,,,,,,,,,,,,,,,,,,,,,,
,,,,,,,,,,,,,,,,,,,,,,,,,,,,,,,,,,,,,,,,,,,,,,,,,,,,,,,,,,,,,,,,,,,,,,,,,,,,,,,,,,,,,,,,,,,,,,,,,,,
,,,,,,,,,,,,,,,,,,,,,,,,,,,,,,,,,,,,,,,,,,,,,,,,,,,,,,,,,,,,,,,,,,,,,,,,,,,,,,,,,,,,,,,,,,,,,,,,,,,
,,,,,,,,,,,,,,,,,,,,,,,,,,,,,,,,,,,,,,,,,,,,,,,,,,,,,,,,,,,,,,,,,,,,,,,,,,,,,,,,,,,,,,,,,,,,,,,,,,,
,,,,,,,,,,,,,,,,,,,,,,,,,,,,,,,,,,,,,,,,,,,,,,,,,,,,,,,,,,,,,,,,,,,,,,,,,,,,,,,,,,,,,,,,,,,,,,,,,,,
,,,,,,,,,,,,,,,,,,,,,,,,,,,,,,,,,,,,,,,,,,,,,,,,,,,,,,,,,,,,,,,,,,,,,,,,,,,,,,,,,,,,,,,,,,,,,,,,,,,
,,,,,,,,,,,,,,,,,,,,,,,,,,,,,,,,,,,,,,,,,,,,,,,,,,,,,,,,,,,,,,,,,,,,,,,,,,,,,,,,,,,,,,,,,,,,,,,,,,,
,,,,,,,,,,,,,,,,,,,,,,,,,,,,,,,,,,,,,,,,,,,,,,,,,,,,,,,,,,,,,,,,,,,,,,,,,,,,,,,,,,,,,,,,,,,,,,,,,,,
,,,,,,,,,,,,,,,,,,,,,,,,,,,,,,,,,,,,,,,,,,,,,,,,,,,,,,,,,,,,,,,,,,,,,,,,,,,,,,,,,,,,,,,,,,,,,,,,,,,
,,,,,,,,,,,,,,,,,,,,,,,,,,,,,,,,,,,,,,,,,,,,,,,,,,,,,,,,,,,,,,,,,,,,,,,,,,,,,,,,,,,,,,,,,,,,,,,,,,,
,,,,,,,,,,,,,,,,,,,,,,,,,,,,,,,,,,,,,,,,,67,,,,,,,,,,,,,,,,,,,,,,,,,,,,,,,,,,,,,,,,,,,,,,,,,,,,,,,,,,
,,,,,,,,,,,,,,,,,,,,,,,,,,,,,,,,,,,,,,,,,,,,,,,,,,,,,,,,,,,,,,,,,,,,,,,,,,,,,,,,,,,,,,,,,,,,,,,,,,,
,,,,,,,,,,,,,,,,,,,,,,,,,,,,,,,,,,,,,,,,,,,,,,,,,,,,,,,,,,,,,,,,,,,,,,,,,,,,,,,,,,,,,,,,,,,,,,,,,,,
,,,,,,,,,,,,,,,,,,,,,,,,,,,,,,,,,,,,,,,,,,,,,,,,,,,,,,,,,,,,,,,,,,,,,,,,,,,,,,,,,,,,,,,,,,,,,,,,,,,
,,,,,,,,,,,,,,,,,,,,,,,,,,,,,,,,,,,,,,,,,,,,,,,,,,,,,,,,,,,,,,,,,,,,,,,,,,,,,,,,,,,,,,,,,,,,,,,,,,,
,,,,,,,,,,,,,,,,,,,,,,,,,,,,,,,,,,,,,66,,,,,,,,,,,,,,,,,,,,,,,,,,,,,,,,,,,,,,,,,,,,,,,,,,,,,,,,,,,,,,
,,,,,,,,,,,,,,,,,,,,,,,,,,,,,,,,,,,,,,,,,,,,,,,,,,,,,,,,,,,,,,,,,,,,,,,,,,,,,,,,,,,,,,,,,,,,,,,,,,,
,,,,,,,,,,,,,,,,,,,,,,,,,,,,,,,,,,,,,,,,,,,,,,,,,,,,,,,,,,,,,,,,,,,,,,,,,,,,,,,,,,,,,,,,,,,,,,,,,,,
,,,,,,,,,,,,,,,,,,,,,,,,,,,,,,,,,,,,,,,,,,,,,,,,,,,,,,,,,,,,,,,,,,,,,,,,,,,,,,,,,,,,,,,,,,,,,,,,,,,
,,,,,,,,,,,,,,,,,,,,,,,,,,,,,,,,,,,,,,,,,,,,,,,,,,,,,,,,,,,,,,,,,,,,,,,,,,,,,,,,,,,,,,,,,,,,,,,,,,,
,,,,,,,,,,,,,67,,,,,,,,,,,,,,,,,,,,,,,,,,,,,,,,,,,,,,,,,,,,,,,,,,,,,,,,,,,,,,,,,,,,,,,,,,,,,,,,,,,,,,
,,,,,,,,,,,,,,,,,,,,,,,,,,,,,,,,,,,,,67,,,,,,,,,,,,,,,,,,,,,,,,,,,,,,,,,,,,,,,,,,,,,,,,,,,,,,,,,,,,,,
,,,,,,,,,,,,,,,,,,,,,,,,,,,,,,,,,,,,,,,,,,,,,,,,,,,,,,,,,,,,,,,,,,,,,,,,,,,,,,,,,,,,,,,,,,,,,,,,,,,
,,,,,,,,,,,,,,,,,,,,,,,,,,,,,,,,,,,,,,,,,,,,,,,,,,,,,,,,,,,,,,,,,,,,,,,,,,,,,,,,,,,,,,,,,,,,,,,,,,,
,,,,,,,,,,,,,,,,,,,,,,,,,,,,,,,,,,,,,,,,,,,,,,,,,,,,,,,,,,,,,,,,,,,,,,,,,,,,,,,,,,,,,,,,,,,,,,,,,,,
,,,,,,,,,,,,,68,,,,,,,,,,,,,,,,,,,,,,,,,,,,,,,,,,,,,,,,,,,,,,,,,,,,,,,,,,,,,,,,,,,,,,,,,,,,,,,,,,,,,,
,,,,,,,,,,,,,,,,,,,,,,,,,,,,,,,,,,,,,,,,,,,,,,,,,,,,,,,,,,,,,,,,,,,,,,,,,,,,,,,,,,,,,,,,,,,,,,,,,,,
,,,,,,,,,,,,,,,,,,,,,,,,,,,,,,,,,,,,,,,,,,,,,,,,,,,,,,,,,,,,,,,,,,,,,,,,,,,,,,,,,,,,,,,,,,,,,,,,,,,
,,,,,,,,,,,,,,,,,,,,,,,,,,,,,,,,,,,,,,,,,,,,,,,,,,,,,,,,,,,,,,,,,,,,,,,,,,,,,,,,,,,,,,,,,,,,,,,,,,,
,,,,,,,,,,,,,,,,,,,,,,,,,,,,,,,,,,,,,,,,,,,,,,,,,,,,,,,,,,,,,,,,,,,,,,,,,,,,,,,,,,,,,,,,,,,,,,,,,,,
,,,,,,,,,,,,,,,,,,,,,,,,,,,,,,,,,,,,,,,,,,,,,,,,,,,,,,,,,,,,,,,,,,,,,,,,,,,,,,,,,,,,,,,,,,,,,,,,,,,
,,,,,,,,,,,,,,,,,,,,,,,,,,,,,,,,,,,,,,,,,,,,,,,,,,,,,,,,,,,,,,,,,,,,,,,,,,,,,,,,,,,,,,,,,,,,,,,,,,,
,,,,,,,,,,,,,,,,,,,,,,,,,,,,,,,,,,,,,,,,,,,,,,,,,,,,,,,,,,,,,,,,,,,,,,,,,,,,,,,,,,,,,,,,,,,,,,,,,,,
,,,,,,,,,,,,,,,,,,,,,,,,,,,,,,,,,,,,,,,,,,,,,,,,,,,,,,,,,,,,,,,,,,,,,,,,,,,,,,,,,,,,,,,,,,,,,,,,,,,
,,,,,,,,,,,,,,,,,,,,,,,,,,,,,,,,,,,,,,,,,,,,,,,,,,,,,,,,,,,,,,,,,,,,,,,,,,,,,,,,,,,,,,,,,,,,,,,,,,,
,,,,,,,,,,,,,,,,,,,,,,,,,,,,,,,,,,,,,,,,,,,,,,,,,,,,,,,,,,,,,,,,,,,,,,,,,,,,,,,,,,,,,,,,,,,,,,,,,,,
,,,,,,,,,,,,,,,,,,,,,,,,,,,,,,,,,,,,,,,,,,,,,,,,,,,,,,,,,,,,,,,,,,,,,,,,,,,,,,,,,,,,,,,,,,,,,,,,,,,
,,,,,,,,,,,,,,,,,,,,,,,,,,,,,,,,,,,,,,,,,,,,,,,,,,,,,,,,,,,,,,,,,,,,,,,,,,,,,,,,,,,,,,,,,,,,,,,,,,,
,,,,,,,,,,,,,,,,,,,,,,,,,,,,,,,,,,,,,,,,,,,,,,,,,,,,,,,,,,,,,,,,,,,,,,,,,,,,,,,,,,,,,,,,,,,,,,,,,,,
MoveObject: type=2 stepAdvance=1 stepRecede=1 timeStopStart=0 timeStopEnd=0 posStart=4034;3460 posEnd=4034;3460 posCurrent=4034;3460 step=1 time=0 phase=4178 channel=10 icon=12 
MoveObject: type=5 stepAdvance=1 stepRecede=1 timeStopStart=0 timeStopEnd=0 posStart=2818;3140 posEnd=2818;3140 posCurrent=2818;3140 step=1 time=0 phase=4178 channel=10 icon=6 
MoveObject: type=6 stepAdvance=1 stepRecede=1 timeStopStart=0 timeStopEnd=0 posStart=6082;3080 posEnd=6082;3080 posCurrent=6082;3080 step=1 time=0 phase=4178 channel=10 icon=25 
MoveObject: type=6 stepAdvance=1 stepRecede=1 timeStopStart=0 timeStopEnd=0 posStart=6146;2952 posEnd=6146;2952 posCurrent=6146;2952 step=1 time=0 phase=4178 channel=10 icon=25 
MoveObject: type=2 stepAdvance=1 stepRecede=1 timeStopStart=0 timeStopEnd=0 posStart=3842;3140 posEnd=3842;3140 posCurrent=3842;3140 step=1 time=0 phase=4178 channel=10 icon=12 
MoveObject: type=2 stepAdvance=1 stepRecede=1 timeStopStart=0 timeStopEnd=0 posStart=4098;3140 posEnd=4098;3140 posCurrent=4098;3140 step=1 time=0 phase=4178 channel=10 icon=12 
MoveObject: type=2 stepAdvance=1 stepRecede=1 timeStopStart=0 timeStopEnd=0 posStart=4290;3140 posEnd=4290;3140 posCurrent=4290;3140 step=1 time=0 phase=4178 channel=10 icon=12 
MoveObject: type=2 stepAdvance=1 stepRecede=1 timeStopStart=0 timeStopEnd=0 posStart=3138;3652 posEnd=3138;3652 posCurrent=3138;3652 step=1 time=0 phase=4178 channel=10 icon=12 
MoveObject: type=16 stepAdvance=10 stepRecede=10 timeStopStart=0 timeStopEnd=0 posStart=4800;3776 posEnd=4800;3776 posCurrent=4800;3776 step=1 time=0 phase=4178 channel=10 icon=70 
MoveObject: type=6 stepAdvance=1 stepRecede=1 timeStopStart=0 timeStopEnd=0 posStart=4546;3592 posEnd=4546;3592 posCurrent=4546;3592 step=1 time=0 phase=4178 channel=10 icon=25 
MoveObject: type=1 stepAdvance=30 stepRecede=30 timeStopStart=10 timeStopEnd=10 posStart=3648;1088 posEnd=3840;1088 posCurrent=3783;1088 step=4 time=9 phase=4178 channel=1 icon=361 
MoveObject: type=6 stepAdvance=1 stepRecede=1 timeStopStart=0 timeStopEnd=0 posStart=3906;2568 posEnd=3906;2568 posCurrent=3906;2568 step=1 time=0 phase=4178 channel=10 icon=25 
MoveObject: type=5 stepAdvance=1 stepRecede=1 timeStopStart=0 timeStopEnd=0 posStart=4162;2564 posEnd=4162;2564 posCurrent=4162;2564 step=1 time=0 phase=4178 channel=10 icon=6 
MoveObject: type=6 stepAdvance=1 stepRecede=1 timeStopStart=0 timeStopEnd=0 posStart=3906;904 posEnd=3906;904 posCurrent=3906;904 step=1 time=0 phase=4178 channel=10 icon=25 
MoveObject: type=6 stepAdvance=1 stepRecede=1 timeStopStart=0 timeStopEnd=0 posStart=4034;904 posEnd=4034;904 posCurrent=4034;904 step=1 time=0 phase=4178 channel=10 icon=25 
MoveObject: type=1 stepAdvance=20 stepRecede=20 timeStopStart=10 timeStopEnd=10 posStart=3520;3776 posEnd=3648;3776 posCurrent=3564;3776 step=2 time=7 phase=4178 channel=1 icon=29 
MoveObject: type=7 stepAdvance=1 stepRecede=1 timeStopStart=0 timeStopEnd=0 posStart=3394;3140 posEnd=3394;3140 posCurrent=3394;3140 step=1 time=0 phase=4178 channel=10 icon=29 
MoveObject: type=6 stepAdvance=1 stepRecede=1 timeStopStart=0 timeStopEnd=0 posStart=5698;3784 posEnd=5698;3784 posCurrent=5698;3784 step=1 time=0 phase=4178 channel=10 icon=25 
MoveObject: type=54 stepAdvance=80 stepRecede=80 timeStopStart=200 timeStopEnd=200 posStart=5120;2560 posEnd=5376;2560 posCurrent=5212;2560 step=2 time=29 phase=4178 channel=10 icon=250 
MoveObject: type=54 stepAdvance=100 stepRecede=100 timeStopStart=200 timeStopEnd=200 posStart=4672;3072 posEnd=4992;3072 posCurrent=4829;3072 step=4 time=51 phase=4178 channel=10 icon=250 
MoveObject: type=1 stepAdvance=24 stepRecede=24 timeStopStart=3 timeStopEnd=3 posStart=3136;1472 posEnd=2880;1472 posCurrent=3136;1472 step=1 time=2 phase=4178 channel=1 icon=361 
MoveObject: type=1 stepAdvance=24 stepRecede=24 timeStopStart=3 timeStopEnd=3 posStart=3136;1728 posEnd=2880;1728 posCurrent=3136;1728 step=1 time=2 phase=4178 channel=1 icon=361 
MoveObject: type=5 stepAdvance=1 stepRecede=1 timeStopStart=0 timeStopEnd=0 posStart=6274;2564 posEnd=6274;2564 posCurrent=6274;2564 step=1 time=0 phase=4178 channel=10 icon=6 
MoveObject: type=5 stepAdvance=1 stepRecede=1 timeStopStart=0 timeStopEnd=0 posStart=5442;3908 posEnd=5442;3908 posCurrent=5442;3908 step=1 time=0 phase=519 channel=10 icon=4 
MoveObject: type=1 stepAdvance=24 stepRecede=24 timeStopStart=3 timeStopEnd=3 posStart=3136;1216 posEnd=2880;1216 posCurrent=3136;1216 step=1 time=2 phase=4178 channel=1 icon=361 
MoveObject: type=6 stepAdvance=1 stepRecede=1 timeStopStart=0 timeStopEnd=0 posStart=6210;1800 posEnd=6210;1800 posCurrent=6210;1800 step=1 time=0 phase=4178 channel=10 icon=25 
MoveObject: type=5 stepAdvance=1 stepRecede=1 timeStopStart=0 timeStopEnd=0 posStart=3010;1732 posEnd=3010;1732 posCurrent=3010;1732 step=1 time=0 phase=4178 channel=10 icon=6 
MoveObject: type=1 stepAdvance=20 stepRecede=88 timeStopStart=2 timeStopEnd=2 posStart=4352;1344 posEnd=4096;1344 posCurrent=4352;1344 step=1 time=2 phase=4178 channel=1 icon=361 
MoveObject: type=1 stepAdvance=18 stepRecede=18 timeStopStart=3 timeStopEnd=3 posStart=4480;1344 posEnd=4672;1472 posCurrent=4555;1394 step=4 time=11 phase=4178 channel=1 icon=361 
MoveObject: type=1 stepAdvance=24 stepRecede=24 timeStopStart=3 timeStopEnd=3 posStart=4800;1472 posEnd=5056;1536 posCurrent=4800;1472 step=1 time=2 phase=4178 channel=1 icon=361 
MoveObject: type=1 stepAdvance=18 stepRecede=18 timeStopStart=3 timeStopEnd=3 posStart=5184;1536 posEnd=5376;1472 posCurrent=5259;1511 step=4 time=11 phase=4178 channel=1 icon=361 
MoveObject: type=1 stepAdvance=24 stepRecede=24 timeStopStart=3 timeStopEnd=3 posStart=5504;1472 posEnd=5568;1728 posCurrent=5504;1472 step=1 time=2 phase=4178 channel=1 icon=361 
MoveObject: type=1 stepAdvance=24 stepRecede=24 timeStopStart=3 timeStopEnd=3 posStart=5824;1728 posEnd=5888;1472 posCurrent=5824;1728 step=1 time=2 phase=4178 channel=1 icon=361 
MoveObject: type=1 stepAdvance=36 stepRecede=36 timeStopStart=3 timeStopEnd=3 posStart=6016;1472 posEnd=6016;1088 posCurrent=6016;1440 step=4 time=33 phase=4178 channel=1 icon=361 
MoveObject: type=1 stepAdvance=18 stepRecede=18 timeStopStart=3 timeStopEnd=3 posStart=5888;1088 posEnd=5696;960 posCurrent=5813;1038 step=4 time=11 phase=4178 channel=1 icon=361 
MoveObject: type=5 stepAdvance=1 stepRecede=1 timeStopStart=0 timeStopEnd=0 posStart=5314;900 posEnd=5314;900 posCurrent=5314;900 step=1 time=0 phase=4178 channel=10 icon=6 
MoveObject: type=6 stepAdvance=1 stepRecede=1 timeStopStart=0 timeStopEnd=0 posStart=2690;1416 posEnd=2690;1416 posCurrent=2690;1416 step=1 time=0 phase=4178 channel=10 icon=25 
MoveObject: type=6 stepAdvance=1 stepRecede=1 timeStopStart=0 timeStopEnd=0 posStart=5122;840 posEnd=5122;840 posCurrent=5122;840 step=1 time=0 phase=4178 channel=10 icon=25 
MoveObject: type=1 stepAdvance=24 stepRecede=24 timeStopStart=3 timeStopEnd=3 posStart=3968;1920 posEnd=4224;1920 posCurrent=3968;1920 step=1 time=2 phase=4178 channel=1 icon=361 
MoveObject: type=1 stepAdvance=36 stepRecede=36 timeStopStart=3 timeStopEnd=3 posStart=4608;1920 posEnd=4992;1920 posCurrent=4640;1920 step=4 time=33 phase=4178 channel=1 icon=361 
MoveObject: type=1 stepAdvance=12 stepRecede=12 timeStopStart=3 timeStopEnd=3 posStart=5312;1920 posEnd=5440;1920 posCurrent=5344;1920 step=4 time=9 phase=4178 channel=1 icon=361 
MoveObject: type=6 stepAdvance=1 stepRecede=1 timeStopStart=0 timeStopEnd=0 posStart=6274;1608 posEnd=6274;1608 posCurrent=6274;1608 step=1 time=0 phase=4178 channel=10 icon=25 
MoveObject: type=6 stepAdvance=1 stepRecede=1 timeStopStart=0 timeStopEnd=0 posStart=5442;2696 posEnd=5442;2696 posCurrent=5442;2696 step=1 time=0 phase=4178 channel=10 icon=25 
MoveObject: type=6 stepAdvance=1 stepRecede=1 timeStopStart=0 timeStopEnd=0 posStart=5506;2696 posEnd=5506;2696 posCurrent=5506;2696 step=1 time=0 phase=4178 channel=10 icon=25 
MoveObject: type=6 stepAdvance=1 stepRecede=1 timeStopStart=0 timeStopEnd=0 posStart=2882;3016 posEnd=2882;3016 posCurrent=2882;3016 step=1 time=0 phase=4178 channel=10 icon=25 
MoveObject: type=5 stepAdvance=1 stepRecede=1 timeStopStart=0 timeStopEnd=0 posStart=5442;1284 posEnd=5442;1284 posCurrent=5442;1284 step=1 time=0 phase=4178 channel=10 icon=6 
