DescFile: posDecor=2700;2000 dimDecor=100;100 world=0 music=8 region=30 blupiPos=3074;2310 blupiDir=1 
Decor: 
,,,,,,,,,,,,,,,,,,,,,,,,,,,,,,,,,,,,,,,,,,,,,,,,,,,,,,,,,,,,,,,,,,,,,,,,,,,,,,,,,,,,,,,,,,,,,,,,,,,
,,,,,,,,,,,,,,,,,,,,,,,,,,,,,,,,,,,,,,,,,,,,,,,,,,,,,,,,,,,,,,,,,,,,,,,,,,,,,,,,,,,,,,,,,,,,,,,,,,,
,,,,,,,,,,,,,,,,,,,,,,,,,,,,,,,,,,,,,,,,,,,,,,,,,,,,,,,,,,,,,,,,,,,,,,,,,,,,,,,,,,,,,,,,,,,,,,,,,,,
,,,,,,,,,,,,,,,,,,,,,,,,,,,,,,,,,,,,,,,,,,,,,,,,,,,,,,,,,,,,,,,,,,,,,,,,,,,,,,,,,,,,,,,,,,,,,,,,,,,
,,,,,,,,,,,,,,,,,,,,,,,,,,,,,,,,,,,,,,,,,,,,,,,,,,,,,,,,,,,,,,,,,,,,,,,,,,,,,,,,,,,,,,,,,,,,,,,,,,,
,,,,,,,,,,,,,,,,,,,,,,,,,,,,,,,,,,,,,,,,,,,,,,,,,,,,,,,,,,,,,,,,,,,,,,,,,,,,,,,,,,,,,,,,,,,,,,,,,,,
,,,,,,,,,,,,,,,,,,,,,,,,,,,,,,,,,,,,,,,,,,,,,,,,,,,,,,,,,,,,,,,,,,,,,,,,,,,,,,,,,,,,,,,,,,,,,,,,,,,
,,,,,,,,,,,,,,,,,,,,,,,,,,,,,,,,,,,,,,,,,,,,,,,,,,,,,,,,,,,,,,,,,,,,,,,,,,,,,,,,,,,,,,,,,,,,,,,,,,,
,,,,,,,,,,,,,,,,,,,,,,,,,,,,,,,,,,,,,,,,,,,,,,,,,,,,,,,,,,,,,,,,,,,,,,,,,,,,,,,,,,,,,,,,,,,,,,,,,,,
,,,,,,,,,,,,,,,,,,,,,,,,,,,,,,,,,,,,,,,,,,,,,,,,,,,,,,,,,,,,,,,,,,,,,,,,,,,,,,,,,,,,,,,,,,,,,,,,,,,
,,,,,,,,,,,,,,,,,,,,,,,,,,,,,,,,,,,,,,,,,,,,,,,,,,,,,,,,,,,,,,,,,,,,,,,,,,,,,,,,,,,,,,,,,,,,,,,,,,,
,,,,,,,,,,,,,,,,,,,,,,,,,,,,,,,,,,,,,,,,,,,,,,,,,,,,,,,,,,,,,,,,,,,,,,,,,,,,,,,,,,,,,,,,,,,,,,,,,,,
,,,,,,,,,394,392,392,392,392,392,392,392,389,391,392,392,390,388,392,392,392,392,392,392,392,392,392,392,392,392,392,392,392,392,392,,,,,,,,,,,,,,,,,,,,,,,,,,,,,,,,,,,,,,,,,,,,,,,,,,,,,,,,,,,,
,,,,,,,,,397,396,396,396,396,389,396,396,396,396,388,396,391,396,396,390,396,390,396,389,388,396,396,396,396,389,396,396,396,396,396,,,,,,,,,,,,,,,,,,,,,,,,,,,,,,,,,,,,,,,,,,,,,,,,,,,,,,,,,,,,
,,,,,,,,,397,396,391,396,396,396,391,396,390,396,396,393,393,393,389,396,396,388,396,396,396,396,388,396,396,396,396,396,396,396,396,,,,,,,,,,,,,,,,,,,,,,,,,,,,,,,,,,,,,,,,,,,,,,,,,,,,,,,,,,,,
,,,,,,,,,397,396,396,388,396,389,396,396,388,400,245,,,,395,393,393,393,390,393,393,393,393,393,393,393,393,389,396,396,396,,,,,,,,,,,,,,,,,,,,,,,,,,,,,,,,,,,,,,,,,,,,,,,,,,,,,,,,,,,,
,,,,,,,,,397,396,396,396,396,396,388,396,396,400,396,,,,,,,,,,,,,,,,398,397,396,396,396,392,392,392,392,392,392,,,,,,,,,,,,,,,,,,,,,,,,,,,,,,,,,,,,,,,,,,,,,,,,,,,,,,
,,,,,,,,,397,388,396,389,393,400,400,396,396,400,391,399,391,,,,,,,,,,,,,,398,397,396,396,396,396,396,396,396,396,396,392,,,,,,,,,,,,,,,,,,,,,,,,,,,,,,,,,,,,,,,,,,,,,,,,,,,,,
,,,,,,,,,397,396,396,396,,,,397,396,,,,397,,,,,,,,,,,,,,398,397,396,396,396,396,396,396,396,396,396,396,392,392,392,392,392,392,392,392,,,,,,,,,,,,,,,,,,,,,,,,,,,,,,,,,,,,,,,,,,,,,
,,,,,,,,,397,396,388,396,,,,397,393,399,387,386,393,388,392,392,392,392,392,392,392,392,392,386,,,398,397,396,396,396,396,396,396,396,396,396,396,396,396,396,396,396,396,396,396,,,,,,,,,,,,,,,,,,,,,,,,,,,,,,,,,,,,,,,,,,,,,
,,,,,,,,,397,396,396,389,,,,397,304,305,305,305,305,397,396,396,396,396,396,396,396,396,393,,,,394,396,396,389,396,396,396,396,389,396,396,396,396,396,396,396,396,396,396,396,,,,,,,,,,,,,,,,,,,,,,,,,,,,,,,,,,,,,,,,,,,,,
,,,,,,,,,397,396,391,396,,,,397,391,399,391,392,384,397,391,396,396,396,396,396,396,393,,,,,395,396,396,393,393,396,396,396,396,396,396,396,396,396,396,396,396,396,396,396,,,,,,,,,,,,,,,,,,,,,,,,,,,,,,,,,,,,,,,,,,,,,
,,,,,,,,,397,396,389,388,,,,395,393,399,395,393,399,397,396,396,396,396,396,388,396,,,,,,68,397,396,399,399,400,400,393,396,396,396,396,396,396,396,396,396,396,396,396,,,,,,,,,,,,,,,,,,,,,,,,,,,,,,,,,,,,,,,,,,,,,
,,,,,,,,,397,396,396,396,,,,,,,,,,390,396,396,391,396,396,396,396,,,,,,68,397,396,,,,,,395,388,396,396,396,396,396,396,396,396,396,396,,,,,,,,,,,,,,,,,,,,,,,,,,,,,,,,,,,,,,,,,,,,,
,,,,,,,,,388,396,396,396,,,,,,,,,378,395,396,396,396,396,396,396,396,,,,,387,392,396,396,399,399,387,386,,,395,396,396,396,388,396,396,396,396,396,396,,,,,,,,,,,,,,,,,,,,,,,,,,,,,,,,,,,,,,,,,,,,,
,,,,,,,,,397,396,389,396,,,,,,,,,,378,397,396,396,396,396,388,388,,,,,,395,393,396,,,,,,,378,395,396,396,388,396,396,396,396,396,396,,,,,,,,,,,,,,,,,,,,,,,,,,,,,,,,,,,,,,,,,,,,,
,,,,,,,,,397,396,388,396,,,,,,,,,378,387,396,396,396,396,396,396,396,,,,,,,68,397,,,394,,,,,,395,396,396,396,396,388,396,396,396,,,,,,,,,,,,,,,,,,,,,,,,,,,,,,,,,,,,,,,,,,,,,
,,,,,,,,,397,396,396,396,,,,,,,,,,378,397,396,396,396,389,396,389,,,,,,,68,397,399,399,388,,,,,,,395,396,396,396,396,396,396,396,,,,,,,,,,,,,,,,,,,,,,,,,,,,,,,,,,,,,,,,,,,,,
,,,,,,,,,397,391,396,396,,,,,,,,,378,387,396,396,396,396,396,396,396,,,,,,394,392,396,,,397,,,,,,,,395,396,388,396,396,396,396,,,,,,,,,,,,,,,,,,,,,,,,,,,,,,,,,,,,,,,,,,,,,
,,,,,,,,,397,396,396,396,,,,,,,,,,378,397,396,396,396,391,390,396,,,,,,397,396,396,,,395,214,214,,,,,,,395,396,396,396,396,396,,,,,,,,,,,,,,,,,,,,,,,,,,,,,,,,,,,,,,,,,,,,,
,,,,,,,,,397,388,396,396,,,,,,,,,378,387,396,396,396,389,396,396,390,,,,,,395,388,396,,,,,214,,,,,,,68,397,396,396,396,396,,,,,,,,,,,,,,,,,,,,,,,,,,,,,,,,,,,,,,,,,,,,,
,,,,,,,,,397,396,396,389,,,,,,,,,,378,397,396,396,396,396,388,396,,,,,,,398,397,399,388,392,,214,,,,,,,394,396,396,396,396,396,,,,,,,,,,,,,,,,,,,,,,,,,,,,,,,,,,,,,,,,,,,,,
,,,,,,,,,397,396,396,396,,,,,,,,,378,387,396,396,391,396,391,396,396,,,,,,394,398,397,,398,397,,,214,,,,,,397,396,396,396,396,396,,,,,,,,,,,,,,,,,,,,,,,,,,,,,,,,,,,,,,,,,,,,,
,,,,,,,,,397,389,396,396,,,,,,,,,,378,397,396,396,396,388,388,388,,,,,,397,398,397,,398,397,,,214,,,,,,395,393,396,396,396,396,,,,,,,,,,,,,,,,,,,,,,,,,,,,,,,,,,,,,,,,,,,,,
,,,,,,,,,397,396,396,388,392,,,,,,,,378,387,396,396,396,396,396,389,396,392,,,,,395,392,393,,398,397,,,214,,,,,,,68,397,396,396,396,,,,,,,,,,,,,,,,,,,,,,,,,,,,,,,,,,,,,,,,,,,,,
,,,,,,,,,397,388,396,396,396,392,,,,,,,,378,397,396,396,396,396,388,396,396,392,,,,398,395,,,398,397,,,,,,,394,392,392,392,396,396,396,396,,,,,,,,,,,,,,,,,,,,,,,,,,,,,,,,,,,,,,,,,,,,,
,,,,,,,,,397,396,396,391,396,396,392,,,,,,378,394,396,396,396,396,396,388,396,388,388,392,399,399,399,399,399,394,392,396,,,,,,,395,388,396,396,396,396,396,396,,,,,,,,,,,,,,,,,,,,,,,,,,,,,,,,,,,,,,,,,,,,,
,,,,,,,,,397,396,389,396,396,396,396,392,388,392,392,392,399,397,396,396,396,396,396,396,391,396,396,389,388,392,392,392,392,388,396,396,,,,,,,,395,396,396,396,396,396,396,,,,,,,,,,,,,,,,,,,,,,,,,,,,,,,,,,,,,,,,,,,,,
,,,,,,,,,397,388,396,396,396,396,396,396,396,396,390,396,,397,396,396,396,396,396,396,396,396,396,396,388,396,396,396,396,396,396,396,,,,,,,,,397,389,396,396,396,396,,,,,,,,,,,,,,,,,,,,,,,,,,,,,,,,,,,,,,,,,,,,,
,,,,,,,,,397,396,396,389,396,396,396,396,396,396,388,396,,397,391,396,396,396,396,389,396,396,396,396,396,396,388,388,396,389,396,396,,,,,,,,,397,396,396,396,396,396,,,,,,,,,,,,,,,,,,,,,,,,,,,,,,,,,,,,,,,,,,,,,
,,,,,,,,,397,396,396,396,396,396,396,396,391,396,391,396,,397,396,396,396,396,396,396,396,396,389,396,396,396,396,396,396,396,396,396,,,,,,,,,397,389,396,396,396,396,,,,,,,,,,,,,,,,,,,,,,,,,,,,,,,,,,,,,,,,,,,,,
,,,,,,,,,397,396,396,388,396,396,396,396,396,389,390,396,,397,396,396,396,396,396,396,391,396,396,396,396,396,389,396,396,388,396,389,392,392,392,392,392,392,,,397,388,396,396,396,396,,,,,,,,,,,,,,,,,,,,,,,,,,,,,,,,,,,,,,,,,,,,,
,,,,,,,,,397,388,391,396,396,396,396,396,396,396,396,396,399,395,393,393,393,393,393,393,393,393,393,393,396,396,396,393,393,393,393,393,393,393,393,393,393,393,,,397,396,396,396,396,396,,,,,,,,,,,,,,,,,,,,,,,,,,,,,,,,,,,,,,,,,,,,,
,,,,,,,,,397,396,396,396,396,396,396,396,396,396,396,396,,,,,,,,,,,,398,395,396,396,,,,,,,,,,,,,,388,396,396,396,396,396,,,,,,,,,,,,,,,,,,,,,,,,,,,,,,,,,,,,,,,,,,,,,
,,,,,,,,,397,396,396,389,396,396,396,396,396,396,396,396,392,392,392,392,392,392,392,392,392,,,,398,395,396,400,392,392,392,392,392,392,388,388,388,388,386,400,393,396,396,396,396,396,,,,,,,,,,,,,,,,,,,,,,,,,,,,,,,,,,,,,,,,,,,,,
,,,,,,,,,397,396,396,396,396,396,396,396,396,396,396,396,396,396,396,396,393,393,393,396,396,392,,,,398,395,400,396,396,396,396,396,396,396,396,396,396,,,,397,396,396,396,396,,,,,,,,,,,,,,,,,,,,,,,,,,,,,,,,,,,,,,,,,,,,,
,,,,,,,,,397,396,396,396,396,396,396,396,396,389,396,396,396,396,396,393,,,,397,396,396,392,,,,,,397,396,396,396,396,396,396,396,389,396,,,,388,396,396,396,396,,,,,,,,,,,,,,,,,,,,,,,,,,,,,,,,,,,,,,,,,,,,,
,,,,,,,,,397,396,396,396,389,396,396,396,396,396,396,396,391,396,396,,,,,395,393,393,388,388,399,399,399,399,397,389,396,396,389,396,396,396,396,396,,,,397,396,396,396,396,,,,,,,,,,,,,,,,,,,,,,,,,,,,,,,,,,,,,,,,,,,,,
,,,,,,,,,397,396,396,396,396,396,396,391,396,388,396,396,390,396,396,,,,,,,,,,,,,,397,396,396,396,396,396,396,388,389,396,,,,397,396,396,396,396,,,,,,,,,,,,,,,,,,,,,,,,,,,,,,,,,,,,,,,,,,,,,
,,,,,,,,,397,396,396,396,396,389,396,393,393,393,393,393,393,396,396,,,,,,,,,,,,,,397,396,396,396,396,396,396,396,388,396,,,,397,388,396,396,396,,,,,,,,,,,,,,,,,,,,,,,,,,,,,,,,,,,,,,,,,,,,,
,,,,,,,,,395,396,396,396,396,396,396,,,,,,,397,396,,,,,394,392,392,388,388,399,399,399,399,397,396,396,396,396,396,396,391,396,389,,,,397,396,396,396,396,,,,,,,,,,,,,,,,,,,,,,,,,,,,,,,,,,,,,,,,,,,,,
,,,,,,,,,,397,396,396,396,396,396,398,387,388,386,392,400,396,396,392,,,,397,396,396,393,,,,,,397,396,396,396,396,396,396,396,396,396,,,,397,396,396,388,396,,,,,,,,,,,,,,,,,,,,,,,,,,,,,,,,,,,,,,,,,,,,,
,,,,,,,,,,397,396,396,391,396,396,,92,91,91,397,400,396,396,396,392,392,392,396,396,393,,,,398,394,400,396,396,396,396,396,396,396,396,396,396,392,392,392,389,396,396,396,396,,,,,,,,,,,,,,,,,,,,,,,,,,,,,,,,,,,,,,,,,,,,,
,,,,,,,,,,397,396,396,396,396,396,386,386,386,91,397,400,393,390,393,393,388,393,393,393,,,,398,394,396,400,393,393,393,393,393,391,393,393,396,396,396,390,396,396,396,396,396,396,,,,,,,,,,,,,,,,,,,,,,,,,,,,,,,,,,,,,,,,,,,,,
,,,,,,,,,,397,396,396,396,393,393,,92,91,91,397,,,,,,,,,,,,398,394,396,396,,,,,,,,,,397,388,396,396,396,396,396,396,396,396,,,,,,,,,,,,,,,,,,,,,,,,,,,,,,,,,,,,,,,,,,,,,
,,,,,,,,,,397,396,396,396,,,398,387,392,392,396,392,392,392,392,392,392,392,392,392,392,392,392,396,396,396,392,392,392,386,386,388,386,,,397,396,396,396,396,388,396,396,396,396,,,,,,,,,,,,,,,,,,,,,,,,,,,,,,,,,,,,,,,,,,,,,
,,,,,,,,,,397,396,396,396,,,,68,397,396,396,396,396,396,396,396,396,396,396,388,396,396,396,396,396,396,396,396,396,,,,,,,397,396,396,396,396,396,396,396,396,396,,,,,,,,,,,,,,,,,,,,,,,,,,,,,,,,,,,,,,,,,,,,,
,,,,,,,,,,397,396,396,393,,,,68,397,388,396,389,396,390,396,396,396,396,396,396,396,396,396,388,396,396,396,396,396,,,,,,394,396,390,396,396,396,396,396,396,396,396,,,,,,,,,,,,,,,,,,,,,,,,,,,,,,,,,,,,,,,,,,,,,
,,,,,,,,,,397,396,396,10,,,,68,397,396,396,396,396,396,396,396,396,396,396,396,396,396,396,396,396,396,396,388,396,,,,,394,396,396,396,396,396,396,396,396,396,396,396,392,392,392,392,392,392,392,392,392,392,392,392,392,392,,,,,,,,,,,,,,,,,,,,,,,,,,,,,,,
,,,,,,,,,,397,396,396,392,,,,68,397,396,396,396,396,396,396,396,396,390,396,396,396,388,396,396,396,396,396,396,396,,,,,395,388,396,396,396,396,396,396,396,396,396,396,396,396,396,396,396,396,396,396,396,396,396,396,396,396,,,,,,,,,,,,,,,,,,,,,,,,,,,,,,,
,,,,,,,,,,397,396,396,396,,,,68,397,396,396,393,393,393,393,393,393,393,393,393,393,393,393,393,396,396,396,396,396,,,,,398,397,396,396,396,396,396,396,396,393,393,393,393,393,393,393,393,393,393,393,393,393,393,396,396,396,,,,,,,,,,,,,,,,,,,,,,,,,,,,,,,
,,,,,,,,,,397,396,396,393,,,,68,397,396,396,,,,,,,,,,,,,,397,396,388,396,389,,,,,398,395,389,396,396,396,396,396,396,,,,,261,261,261,261,261,261,261,261,261,261,397,396,396,,,,,,,,,,,,,,,,,,,,,,,,,,,,,,,
,,,,,,,,,,397,396,396,10,,,,68,397,388,396,,,,,,,,,,,,,,397,396,396,396,396,,,,,,68,397,396,396,396,396,396,396,,,,,261,261,263,261,261,261,261,261,261,261,397,390,396,,,,,,,,,,,,,,,,,,,,,,,,,,,,,,,
,,,,,,,,,,397,396,396,392,,,,68,397,396,396,,,,,,,,,,,,,,397,396,396,396,396,,,,,,68,397,396,388,396,396,396,396,,,,,261,261,,261,261,261,261,261,261,261,397,396,396,,,,,,,,,,,,,,,,,,,,,,,,,,,,,,,
,,,,,,,,,,397,396,396,396,,,,68,397,396,396,,,,,,,,,,,,,,397,396,396,396,396,,,,,398,394,396,391,396,396,396,396,396,,,,,261,401,,261,261,261,261,261,261,261,397,396,396,,,,,,,,,,,,,,,,,,,,,,,,,,,,,,,
,,,,,,,,,,397,396,396,396,,,378,387,396,390,396,,,,,,,,,,,,,,397,396,396,396,396,,,,,398,397,396,396,396,396,396,390,396,,,,,261,,,263,261,261,261,261,261,261,397,396,396,,,,,,,,,,,,,,,,,,,,,,,,,,,,,,,
,,,,,,,,,,397,396,396,388,,,,378,395,396,396,,,,,,,,,,,,,,397,396,396,396,396,392,392,392,392,400,400,393,393,396,389,396,396,396,,,,,261,,,,263,261,261,261,261,261,397,396,396,,,,,,,,,,,,,,,,,,,,,,,,,,,,,,,
,,,,,,,,,,397,396,396,396,,,,,68,397,396,,,,,,,,,,,,,,397,396,396,396,396,396,388,396,396,,,,,395,393,396,396,396,,,,,261,,,,,261,261,261,261,261,397,396,396,,,,,,,,,,,,,,,,,,,,,,,,,,,,,,,
,,,,,,,,,,397,396,396,396,,,,,68,397,388,386,386,386,386,386,386,386,386,386,386,386,386,386,396,396,396,396,396,396,396,391,396,,,,,,,395,393,396,,,,,261,,,,,263,261,261,261,261,397,396,396,,,,,,,,,,,,,,,,,,,,,,,,,,,,,,,
,,,,,,,,,,397,396,391,396,,,,,68,397,396,91,91,91,91,91,91,91,91,91,91,91,91,91,397,396,396,396,396,396,396,396,396,,,,,,,,,397,,,,,261,,,,,,261,261,261,261,397,396,396,,,,,,,,,,,,,,,,,,,,,,,,,,,,,,,
,,,,,,,,,,397,396,396,396,,,,,68,397,396,91,91,91,91,91,91,91,91,91,91,91,91,91,397,396,396,396,396,396,396,396,389,,,,,,,,,397,,,,,403,,,,,262,261,261,261,261,397,396,396,,,,,,,,,,,,,,,,,,,,,,,,,,,,,,,
,,,,,,,,,,397,396,396,388,,,,,394,388,396,91,91,91,91,91,91,91,91,91,91,91,91,91,397,396,396,396,396,396,391,396,396,,,,,,394,,,397,,,,,261,262,402,,,261,261,261,261,261,397,396,396,,,,,,,,,,,,,,,,,,,,,,,,,,,,,,,
,,,,,,,,,,397,396,396,396,,,,,397,396,396,91,91,91,91,91,91,91,91,91,91,91,91,91,397,396,396,396,396,396,396,396,391,,,398,387,386,396,,,397,,,,,261,261,262,,,261,261,261,261,261,397,396,396,,,,,,,,,,,,,,,,,,,,,,,,,,,,,,,
,,,,,,,,,,397,396,396,396,,,,,397,396,396,91,91,91,91,91,91,91,91,91,91,91,91,91,397,388,396,396,396,396,396,389,396,,,,92,91,397,,,397,,,,,261,261,261,,,261,261,261,261,261,397,396,396,,,,,,,,,,,,,,,,,,,,,,,,,,,,,,,
386,386,386,386,386,386,386,386,386,386,393,393,393,393,,,,,397,396,391,392,388,386,386,386,386,386,391,386,386,386,392,392,396,396,396,396,396,396,396,396,396,,394,386,386,91,397,,,395,,,,,261,261,261,262,262,261,261,261,261,261,397,396,396,,,,,,,,,,,,,,,,,,,,,,,,,,,,,,,
,,,,,,,,,,,,,,,,,,400,400,391,396,,,,,,,,,,398,397,396,396,391,396,388,388,388,396,396,396,392,393,,92,91,389,,,,,,,,261,261,261,261,261,261,261,261,261,261,397,396,396,,,,,,,,,,,,,,,,,,,,,,,,,,,,,,,
386,386,386,386,386,386,386,386,386,386,386,386,386,386,386,386,386,386,396,400,400,396,400,392,386,386,386,386,386,386,399,394,393,393,393,393,393,390,393,393,393,393,393,393,,398,387,392,396,392,392,392,,,,,261,261,261,261,261,261,261,261,261,261,397,396,396,,,,,,,,,,,,,,,,,,,,,,,,,,,,,,,
,,,,,,,,,,,,,,,,,,400,400,245,400,400,396,,,,,,,,397,,,,,,,,,,,,,,,398,397,396,396,390,396,,,,,261,261,261,261,261,261,261,261,261,261,397,396,396,,,,,,,,,,,,,,,,,,,,,,,,,,,,,,,
386,386,386,386,386,386,386,386,386,386,386,386,386,386,386,386,386,386,393,393,391,393,393,393,386,386,388,386,386,386,399,395,386,386,386,386,399,387,392,386,386,391,386,386,386,386,386,393,393,393,393,393,386,386,386,386,386,386,386,386,386,386,386,386,386,386,393,393,393,,,,,,,,,,,,,,,,,,,,,,,,,,,,,,,
,,,,,,,,,,,,,,,,,,,,,,,,,,,,,,,,,,,,,398,397,,,,,,,,,,,,,,,,,,,,,,,,,,,,,,,,,,,,,,,,,,,,,,,,,,,,,,,,,,,,,
386,386,386,386,386,386,386,386,386,386,386,386,386,386,386,386,386,386,386,386,386,386,386,386,386,386,386,386,386,386,386,386,386,386,386,386,386,386,393,386,386,386,386,386,386,386,386,386,389,386,386,386,386,386,386,386,386,386,386,386,386,386,386,386,386,386,386,386,,,,,,,,,,,,,,,,,,,,,,,,,,,,,,,,
,,,,,,,,,,,,,,,,,,,,,,,,,,,,,,,,,,,,,,,,,,,,,,,,,,,,,,,,,,,,,,,,,,,,,,,,,,,,,,,,,,,,,,,,,,,,,,,,,,,
386,386,386,386,386,386,386,386,386,386,386,386,386,386,386,386,386,386,386,386,386,386,386,386,386,386,386,386,386,386,386,386,386,386,386,386,386,386,386,386,386,386,386,386,386,386,386,386,386,386,386,386,386,386,386,386,386,386,386,386,386,386,386,386,386,386,386,386,,,,,,,,,,,,,,,,,,,,,,,,,,,,,,,,
,,,,,,,,,,,,,,,,,,,,,,,,,,,,,,,,,,,,,,,,,,,,,,,,,,,,,,,,,,,,,,,,,,,,,,,,,,,,,,,,,,,,,,,,,,,,,,,,,,,
386,386,386,386,386,386,386,386,386,386,386,386,386,386,386,386,386,386,386,386,386,386,386,386,386,386,386,386,386,386,386,386,386,386,386,386,386,386,386,386,386,386,386,386,386,386,386,386,386,386,386,386,386,386,386,386,386,386,386,386,386,386,386,386,386,386,386,386,,,,,,,,,,,,,,,,,,,,,,,,,,,,,,,,
,,,,,,,,,,,,,,,,,,,,,,,,,,,,,,,,,,,,,,,,,,,,,,,,,,,,,,,,,,,,,,,,,,,,,,,,,,,,,,,,,,,,,,,,,,,,,,,,,,,
,,,,,,,,,,,,,,,,,,,,,,,,,,,,,,,,,,,,,,,,,,,,,,,,,,,,,,,,,,,,,,,,,,,,,,,,,,,,,,,,,,,,,,,,,,,,,,,,,,,
,,,,,,,,,,,,,,,,,,,,,,,,,,,,,,,,,,,,,,,,,,,,,,,,,,,,,,,,,,,,,,,,,,,,,,,,,,,,,,,,,,,,,,,,,,,,,,,,,,,
,,,,,,,,,,,,,,,,,,,,,,,,,,,,,,,,,,,,,,,,,,,,,,,,,,,,,,,,,,,,,,,,,,,,,,,,,,,,,,,,,,,,,,,,,,,,,,,,,,,
,,,,,,,,,,,,,,,,,,,,,,,,,,,,,,,,,,,,,,,,,,,,,,,,,,,,,,,,,,,,,,,,,,,,,,,,,,,,,,,,,,,,,,,,,,,,,,,,,,,
,,,,,,,,,,,,,,,,,,,,,,,,,,,,,,,,,,,,,,,,,,,,,,,,,,,,,,,,,,,,,,,,,,,,,,,,,,,,,,,,,,,,,,,,,,,,,,,,,,,
,,,,,,,,,,,,,,,,,,,,,,,,,,,,,,,,,,,,,,,,,,,,,,,,,,,,,,,,,,,,,,,,,,,,,,,,,,,,,,,,,,,,,,,,,,,,,,,,,,,
,,,,,,,,,,,,,,,,,,,,,,,,,,,,,,,,,,,,,,,,,,,,,,,,,,,,,,,,,,,,,,,,,,,,,,,,,,,,,,,,,,,,,,,,,,,,,,,,,,,
,,,,,,,,,,,,,,,,,,,,,,,,,,,,,,,,,,,,,,,,,,,,,,,,,,,,,,,,,,,,,,,,,,,,,,,,,,,,,,,,,,,,,,,,,,,,,,,,,,,
,,,,,,,,,,,,,,,,,,,,,,,,,,,,,,,,,,,,,,,,,,,,,,,,,,,,,,,,,,,,,,,,,,,,,,,,,,,,,,,,,,,,,,,,,,,,,,,,,,,
,,,,,,,,,,,,,,,,,,,,,,,,,,,,,,,,,,,,,,,,,,,,,,,,,,,,,,,,,,,,,,,,,,,,,,,,,,,,,,,,,,,,,,,,,,,,,,,,,,,
,,,,,,,,,,,,,,,,,,,,,,,,,,,,,,,,,,,,,,,,,,,,,,,,,,,,,,,,,,,,,,,,,,,,,,,,,,,,,,,,,,,,,,,,,,,,,,,,,,,
,,,,,,,,,,,,,,,,,,,,,,,,,,,,,,,,,,,,,,,,,,,,,,,,,,,,,,,,,,,,,,,,,,,,,,,,,,,,,,,,,,,,,,,,,,,,,,,,,,,
,,,,,,,,,,,,,,,,,,,,,,,,,,,,,,,,,,,,,,,,,,,,,,,,,,,,,,,,,,,,,,,,,,,,,,,,,,,,,,,,,,,,,,,,,,,,,,,,,,,
,,,,,,,,,,,,,,,,,,,,,,,,,,,,,,,,,,,,,,,,,,,,,,,,,,,,,,,,,,,,,,,,,,,,,,,,,,,,,,,,,,,,,,,,,,,,,,,,,,,
BigDecor: 
,,,,,,,,,,,,,,,,,,,,,,,,,,,,,,,,,,,,,,,,,,,,,,,,,,,,,,,,,,,,,,,,,,,,,,,,,,,,,,,,,,,,,,,,,,,,,,,,,,,
,,,,,,,,,,,,,,,,,,,,,,,,,,,,,,,,,,,,,,,,,,,,,,,,,,,,,,,,,,,,,,,,,,,,,,,,,,,,,,,,,,,,,,,,,,,,,,,,,,,
,,,,,,,,,,,,,,,,,,,,,,,,,,,,,,,,,,,,,,,,,,,,,,,,,,,,,,,,,,,,,,,,,,,,,,,,,,,,,,,,,,,,,,,,,,,,,,,,,,,
,,,,,,,,,,,,,,,,,,,,,,,,,,,,,,,,,,,,,,,,,,,,,,,,,,,,,,,,,,,,,,,,,,,,,,,,,,,,,,,,,,,,,,,,,,,,,,,,,,,
,,,,,,,,,,,,,,,,,,,,,,,,,,,,,,,,,,,,,,,,,,,,,,,,,,,,,,,,,,,,,,,,,,,,,,,,,,,,,,,,,,,,,,,,,,,,,,,,,,,
,,,,,,,,,,,,,,,,,,,,,,,,,,,,,,,,,,,,,,,,,,,,,,,,,,,,,,,,,,,,,,,,,,,,,,,,,,,,,,,,,,,,,,,,,,,,,,,,,,,
,,,,,,,,,,,,,,,,,,,,,,,,,,,,,,,,,,,,,,,,,,,,,,,,,,,,,,,,,,,,,,,,,,,,,,,,,,,,,,,,,,,,,,,,,,,,,,,,,,,
,,,,,,,,,,,,,,,,,,,,,,,,,,,,,,,,,,,,,,,,,,,,,,,,,,,,,,,,,,,,,,,,,,,,,,,,,,,,,,,,,,,,,,,,,,,,,,,,,,,
,,,,,,,,,,,,,,,,,,,,,,,,,,,,,,,,,,,,,,,,,,,,,,,,,,,,,,,,,,,,,,,,,,,,,,,,,,,,,,,,,,,,,,,,,,,,,,,,,,,
,,,,,,,,,,,,,,,,,,,,,,,,,,,,,,,,,,,,,,,,,,,,,,,,,,,,,,,,,,,,,,,,,,,,,,,,,,,,,,,,,,,,,,,,,,,,,,,,,,,
,,,,,,,,,,,,,,,,,,,,,,,,,,,,,,,,,,,,,,,,,,,,,,,,,,,,,,,,,,,,,,,,,,,,,,,,,,,,,,,,,,,,,,,,,,,,,,,,,,,
,,,,,,,,,,,,,,,,,,,,,,,,,,,,,,,,,,,,,,,,,,,,,,,,,,,,,,,,,,,,,,,,,,,,,,,,,,,,,,,,,,,,,,,,,,,,,,,,,,,
,,,,,,,,,,,,,,,,,,,,,,,,,,,,,,,,,,,,,,,,,,,,,,,,,,,,,,,,,,,,,,,,,,,,,,,,,,,,,,,,,,,,,,,,,,,,,,,,,,,
,,,,,,,,,,,,,,,,,,,,,,,,,,,,,,,,,,,,,,,,,,,,,,,,,,,,,,,,,,,,,,,,,,,,,,,,,,,,,,,,,,,,,,,,,,,,,,,,,,,
,,,,,,,,,,,,,,,,,,,,,,,,,,,,,,,,,,,,,,,,,,,,,,,,,,,,,,,,,,,,,,,,,,,,,,,,,,,,,,,,,,,,,,,,,,,,,,,,,,,
,,,,,,,,,,,,,,,,,,,,,,,,,,,,,,,,,,,,,,,,,,,,,,,,,,,,,,,,,,,,,,,,,,,,,,,,,,,,,,,,,,,,,,,,,,,,,,,,,,,
,,,,,,,,,,,,,,,,,,,,,,,,,,,,,,,,,,24,,,,,,,,,,,,,,,,,,,,,,,,,,,,,,,,,,,,,,,,,,,,,,,,,,,,,,,,,,,,,,,,,
,,,,,,,,,,,,,,,,,,,,,,,,,,,,,,,,,,88,,,,,,,,,,,,,,,,,,,,,,,,,,,,,,,,,,,,,,,,,,,,,,,,,,,,,,,,,,,,,,,,,
,,,,,,,,,,,,,,,,,,,,,,,,,,,,,,,,,,24,,,,,,,,,,,,,,,,,,,,,,,,,,,,,,,,,,,,,,,,,,,,,,,,,,,,,,,,,,,,,,,,,
,,,,,,,,,,,,,,,,,,,,,,,,,,,,,,,,,,,,,,,,,,,,,,,,,,,,,,,,,,,,,,,,,,,,,,,,,,,,,,,,,,,,,,,,,,,,,,,,,,,
,,,,,,,,,,,,,,,,,,,,,,,,,,,,,,,,,,,,,,,,,,,,,,,,,,,,,,,,,,,,,,,,,,,,,,,,,,,,,,,,,,,,,,,,,,,,,,,,,,,
,,,,,,,,,,,,,,,,,,,,,,,,,,,,,,,,,,,,,,,,,,,,,,,,,,,,,,,,,,,,,,,,,,,,,,,,,,,,,,,,,,,,,,,,,,,,,,,,,,,
,,,,,,,,,,,,,,,,,,,,,,,,,,,,,,,,,,,,,,,,,,,,,,,,,,,,,,,,,,,,,,,,,,,,,,,,,,,,,,,,,,,,,,,,,,,,,,,,,,,
,,,,,,,,,,,,,,,,,,,,,,,,,,,,,,,,,,,,,,,,,,,,,,,,,,,,,,,,,,,,,,,,,,,,,,,,,,,,,,,,,,,,,,,,,,,,,,,,,,,
,,,,,,,,,,,,,,,,,,,,,,,,,,,,,,,,,,,,,,,,,,,,,,,,,,,,,,,,,,,,,,,,,,,,,,,,,,,,,,,,,,,,,,,,,,,,,,,,,,,
,,,,,,,,,,,,,,,,,,,,,,,,,,,,,,,,,,,,,,,,,,,,,,,,,,,,,,,,,,,,,,,,,,,,,,,,,,,,,,,,,,,,,,,,,,,,,,,,,,,
,,,,,,,,,,,,,,,,,,,,,,,,,,,,,,,,,,,,,,,,,,,,,,,,,,,,,,,,,,,,,,,,,,,,,,,,,,,,,,,,,,,,,,,,,,,,,,,,,,,
,,,,,,,,,,,,,,,,,,,,,,,,,,,,,,,,,,,,,,,,,,,,,,,,,,,,,,,,,,,,,,,,,,,,,,,,,,,,,,,,,,,,,,,,,,,,,,,,,,,
,,,,,,,,,,,,,,,,,,,,,,,,,,,,,,,,,,,,,,,,,,,,,,,,,,,,,,,,,,,,,,,,,,,,,,,,,,,,,,,,,,,,,,,,,,,,,,,,,,,
,,,,,,,,,,,,,,,,,,,,,,,,,,,,,,,,,,,,,,,,,,,,,,,,,,,,,,,,,,,,,,,,,,,,,,,,,,,,,,,,,,,,,,,,,,,,,,,,,,,
,,,,,,,,,,,,,,,,,,,,,,,,,,,,,,,,,,,,,,,,,,,,,,,,,,,,,,,,,,,,,,,,,,,,,,,,,,,,,,,,,,,,,,,,,,,,,,,,,,,
,,,,,,,,,,,,,,,,,,,,,,,,,,,,,,,,,,,,,,,,,,,,,,,,,,,,,,,,,,,,,,,,,,,,,,,,,,,,,,,,,,,,,,,,,,,,,,,,,,,
,,,,,,,,,,,,,,,,,,,,,,,,,,,,,,,,,,,,,,,,,,,,,,,,,,,,,,,,,,,,,,,,,,,,,,,,,,,,,,,,,,,,,,,,,,,,,,,,,,,
,,,,,,,,,,,,,,,,,,,,,,,,,,,,,,,,,,,,,,,,,,,,,,,,,,,,,,,,,,,,,,,,,,,,,,,,,,,,,,,,,,,,,,,,,,,,,,,,,,,
,,,,,,,,,,,,,,,,,,,,,,,,,,,,,,,,,,,,,,,,,,,,,,,,,,,,,,,,,,,,,,,,,,,,,,,,,,,,,,,,,,,,,,,,,,,,,,,,,,,
,,,,,,,,,,,,,,,,,,,,,,,,,,,,,,,,,,,,,,,,,,,,,,,,,,,,,,,,,,,,,,,,,,,,,,,,,,,,,,,,,,,,,,,,,,,,,,,,,,,
,,,,,,,,,,,,,,,,,,,,,,,,,,,,,,,,,,,,,,,,,,,,,,,,,,,,,,,,,,,,,,,,,,,,,,,,,,,,,,,,,,,,,,,,,,,,,,,,,,,
,,,,,,,,,,,,,,,,,,,,,,,,,,,,,,,,,,,,,,,,,,,,,,,,,,,,,,,,,,,,,,,,,,,,,,,,,,,,,,,,,,,,,,,,,,,,,,,,,,,
,,,,,,,,,,,,,,,,,,,,,,,,,,,,,,,,,,,,,,,,,,,,,,,,,,,,,,,,,,,,,,,,,,,,,,,,,,,,,,,,,,,,,,,,,,,,,,,,,,,
,,,,,,,,,,,,,,,,,,,,,,,,,,,,,,,,,,,,,,,,,,,,,,,,,,,,,,,,,,,,,,,,,,,,,,,,,,,,,,,,,,,,,,,,,,,,,,,,,,,
,,,,,,,,,,,,,,,,,,,,,,,,,,,,,,,,,,,,,,,,,,,,,,,,,,,,,,,,,,,,,,,,,,,,,,,,,,,,,,,,,,,,,,,,,,,,,,,,,,,
,,,,,,,,,,,,,,,,,,,,,,,,,,,,,,,,,,,,,,,,,,,,,,,87,,,,,,,,,,,,,,,,,,,,,,,,,,,,,,,,,,,,,,,,,,,,,,,,,,,,
,,,,,,,,,,,,,,,,,,,,,,,,,,,,,,,,,,,,,,,,,,,,,,,,,,,,,,,,,,,,,,,,,,,,,,,,,,,,,,,,,,,,,,,,,,,,,,,,,,,
,,,,,,,,,,,,,,,,,,,,,,,,,,,,,,,,,,,,,,,,,,,,,,,,,,,,,,,,,,,,,,,,,,,,,,,,,,,,,,,,,,,,,,,,,,,,,,,,,,,
,,,,,,,,,,,,,,,,,,,,,,,,,,,,,,,,,,,25,,,,,,,,,,,,,,,,,,,,,,,,,,,,,,,,,,,,,,,,,,,,,,,,,,,,,,,,,,,,,,,,
,,,,,,,,,,,,,,,,,,,,,,,,,,,,,,,,,,,25,,,,,,,,,,,,,,,,,,,,,,,,,,,,,,,,,,,,,,,,,,,,,,,,,,,,,,,,,,,,,,,,
,,,,,,,,,,,,,,,,,,,,,,,,,,88,,,,,,,,,23,,,,,,,,,,,,,,,,,,,,,,,,,,,,,,,,,,,,,,,,,,,,,,,,,,,,,,,,,,,,,,,,
,,,,,,,,,,,,,,,,,,,,,,,,,,,,,,,,,,,25,,,,,,,,,,,,,,,,,,,,,,,,,,,,,,,,,,,,,,,,,,,,,,,,,,,,,,,,,,,,,,,,
,,,,,,,,,,,,,,,,,,,,,,,,,,,,,,,,,,,88,,,,,,,,,,,,,,,,,,,,,,,,,,,,,,,,,,,,,,,,,,,,,,,,,,,,,,,,,,,,,,,,
,,,,,,,,,,,,,,,,,,,,,,,,,,,,,,,,,,,24,,,,,,,,,,,,,,,,,,,,,,,,,,,,,,,,,,,,,,,,,,,,,,,,,,,,,,,,,,,,,,,,
,,,,,,,,,,,,,,,,,,,,,,,,,,88,,,,,,,,,,,,,,,,,,,,,,,,,,,,,,,,,,,,,,,,,,,,,,,,,,,,,,,,,,,,,,,,,,,,,,,,,
,,,,,,,,,,,,,,,,,,,,,,,,,,,,,,,,,,,25,,,,,,,,,,,,,,,,,,,,,,,,,,,,,,,,,,,,,,,,,,,,,,,,,,,,,,,,,,,,,,,,
,,,,,,,,,,,,,,,,,,,203,,,,,,,,,,,,,,,,24,,,,,,,,,,,,,,,,,,,,,,,,,,,,,,,,,,,,,,,,,,,,,,,,,,,,,,,,,,,,,,,,
,,,,,,,,,,,,,,,,,,,,,,,,,,,,,,,,,,,,,,,,,,,,,,,,,,,,,,,,,,,,,,,,,,,,,,,,,,,,,,,,,,,,,,,,,,,,,,,,,,,
,,,,,,,,,,,,,,,,,,,,,,,,,,,,,,,,,,,,,,,,,,,,,,,,,,,,,,,,,,,,,,,,,,,,,,,,,,,,,,,,,,,,,,,,,,,,,,,,,,,
,,,,,,,,,,,,,,,,,,,,,,,,,,,,,,,,,,,,,,,,,,,,,,,,,,,,,,,,,,,,,,,,,,,,,,,,,,,,,,,,,,,,,,,,,,,,,,,,,,,
,,,,,,,,,,,,,,,,,,,,,,,,,,,,,,,,,,,,,,,,,,,,,,,,,,,,,,,,,,,,,,,,,,,,,,,,,,,,,,,,,,,,,,,,,,,,,,,,,,,
,,,,,,,,,,,,,,,,,,,,,,,,,,,,,,,,,,,,,,,,,,,,,,,,,,,,,,,,,,,,,,,,,,,,,,,,,,,,,,,,,,,,,,,,,,,,,,,,,,,
,,,,,,,,,,,,,,,,,,,,,,,,,,,,,,,,,,,,,,,,,,,,,,,,,,,,,,,,,,,,,,,,,,,,,,,,,,,,,,,,,,,,,,,,,,,,,,,,,,,
,,,,,,,,,,,,,,,,,,,,,,,,,,,,,,,,,,,,,,,,,,,,,,,,,,,,,,,,,,,,,,,,,,,,,,,,,,,,,,,,,,,,,,,,,,,,,,,,,,,
,,,,,,,,,,,,,,,,,,,,,,,,,,,,,,,,,,,,,,,,,,,,,,,,,,,,,,,,,,,,,,,,,,,,,,,,,,,,,,,,,,,,,,,,,,,,,,,,,,,
,,,,,,,,,,,,,,,,,,,,,,,,,,,,,,,,,,,,,,,,,,,,,,,,,,,,,,,,,,,,,,,,,,,,,,,,,,,,,,,,,,,,,,,,,,,,,,,,,,,
,,,,,,,,,,,,,,,,,,,,,,,,,,,,,,,,,,,,,,,,,,,,,,,,,,,,,,,,,,,,,,,,,,,,,,,,,,,,,,,,,,,,,,,,,,,,,,,,,,,
,,,,,,,,,,,,,,,,,,,,,,,,,,,,,,,,,,,,,,,,,,,,,,,,,,,,,,,,,,,,,,,,,,,,,,,,,,,,,,,,,,,,,,,,,,,,,,,,,,,
,,,,,,,,,,,,,,,,,,,,,,,,,,,,,,,,,,,,,,,,,,,,,,,,,,,,,,,,,,,,,,,,,,,,,,,,,,,,,,,,,,,,,,,,,,,,,,,,,,,
,,,,,,,,,,,,,,,,,,,,,,,,,,,,,,,,,,,,,,,,,,,,,,,,,,,,,,,,,,,,,,,,,,,,,,,,,,,,,,,,,,,,,,,,,,,,,,,,,,,
,,,,,,,,,,,,,,,,,,,,,,,,,,,,,,,,,,,,,,,,,,,,,,,,,,,,,,,,,,,,,,,,,,,,,,,,,,,,,,,,,,,,,,,,,,,,,,,,,,,
,,,,,,,,,,,,,,,,,,,,,,,,,,,,,,,,,,,,,,,,,,,,,,,,,,,,,,,,,,,,,,,,,,,,,,,,,,,,,,,,,,,,,,,,,,,,,,,,,,,
,,,,,,,,,,,,,,,,,,,,,,,,,,,,,,,,,,,,,,,,,,,,,,,,,,,,,,,,,,,,,,,,,,,,,,,,,,,,,,,,,,,,,,,,,,,,,,,,,,,
,,,,,,,,,,,,,,,,,,,,,,,,,,,,,,,,,,,,,,,,,,,,,,,,,,,,,,,,,,,,,,,,,,,,,,,,,,,,,,,,,,,,,,,,,,,,,,,,,,,
,,,,,,,,,,,,,,,,,,,,,,,,,,,,,,,,,,,,,,,,,,,,,,,,,,,,,,,,,,,,,,,,,,,,,,,,,,,,,,,,,,,,,,,,,,,,,,,,,,,
,,,,,,,,,,,,,,87,,87,,,,,,,,,,,,,,,,,,,,,,,,,,,,,,,,,87,,,,,,,,,,,,,,,,,,,,,,,,,,,,,,,,,,,,,,,,,,,,,,,,,,
,,,,,,,,,,,,,,,,,,,,,,,,,,,,,,,,,,,,,,,,,,,,,,,,,,,,,,,,,,,,,,,,,,,,,,,,,,,,,,,,,,,,,,,,,,,,,,,,,,,
,,,,,,,,,,,,,,87,,87,,,,,,,,,,,,,,,,,,,,,,,,,,,,,,,,,87,,,,,,,,,,,,,,,,,,,,,,,,,,,,,,,,,,,,,,,,,,,,,,,,,,
,,,,,,,,,,,,,,,,,,,,,,,,,,,,,,,,,,,,,,,,,,,,,,,203,,,,,,,,,,,,,,,,,,,,,,,,,,,,,,,,,,,,,,,,,,,,,,,,,,,,
,,,,,,,,,,,,,,,,,,,,,,,,,,,,,,,,,,,,,,,,,,,,,,,203,,,,,,,,,,,,,,,,,,,,,,,,,,,,,,,,,,,,,,,,,,,,,,,,,,,,
,,,,,,,,,,,,,,,,,,,,,,,,,,,,,,,,,,,,,,,,,,,,,,,,,,,,,,,,,,,,,,,,,,,,,,,,,,,,,,,,,,,,,,,,,,,,,,,,,,,
,,,,,,,,,,,,,,,,,,,,,,,,,,,,,,,,,,,,,,,,,,,,,,,,,,,,,,,,,,,,,,,,,,,,,,,,,,,,,,,,,,,,,,,,,,,,,,,,,,,
,,,,,,,,,,,,,,,,,,,,,,,,,,,,,,,,,,,,,,,,,,,,,,,,,,,,,,,,,,,,,,,,,,,,,,,,,,,,,,,,,,,,,,,,,,,,,,,,,,,
,,,,,,,,,,,,,,,,,,,,,,,,,,,,,,,,,,,,,,,,,,,,,,,,,,,,,,,,,,,,,,,,,,,,,,,,,,,,,,,,,,,,,,,,,,,,,,,,,,,
,,,,,,,,,,,,,,,,,,,,,,,,,,,,,,,,,,,,,,,,,,,,,,,,,,,,,,,,,,,,,,,,,,,,,,,,,,,,,,,,,,,,,,,,,,,,,,,,,,,
,,,,,,,,,,,,,,,,,,,,,,,,,,,,,,,,,,,,,,,,,,,,,,,,,,,,,,,,,,,,,,,,,,,,,,,,,,,,,,,,,,,,,,,,,,,,,,,,,,,
,,,,,,,,,,,,,,,,,,,,,,,,,,,,,,,,,,,,,,,,,,,,,,,,,,,,,,,,,,,,,,,,,,,,,,,,,,,,,,,,,,,,,,,,,,,,,,,,,,,
,,,,,,,,,,,,,,,,,,,,,,,,,,,,,,,,,,,,,,,,,,,,,,,,,,,,,,,,,,,,,,,,,,,,,,,,,,,,,,,,,,,,,,,,,,,,,,,,,,,
,,,,,,,,,,,,,,,,,,,,,,,,,,,,,,,,,,,,,,,,,,,,,,,,,,,,,,,,,,,,,,,,,,,,,,,,,,,,,,,,,,,,,,,,,,,,,,,,,,,
,,,,,,,,,,,,,,,,,,,,,,,,,,,,,,,,,,,,,,,,,,,,,,,,,,,,,,,,,,,,,,,,,,,,,,,,,,,,,,,,,,,,,,,,,,,,,,,,,,,
,,,,,,,,,,,,,,,,,,,,,,,,,,,,,,,,,,,,,,,,,,,,,,,,,,,,,,,,,,,,,,,,,,,,,,,,,,,,,,,,,,,,,,,,,,,,,,,,,,,
,,,,,,,,,,,,,,,,,,,,,,,,,,,,,,,,,,,,,,,,,,,,,,,,,,,,,,,,,,,,,,,,,,,,,,,,,,,,,,,,,,,,,,,,,,,,,,,,,,,
,,,,,,,,,,,,,,,,,,,,,,,,,,,,,,,,,,,,,,,,,,,,,,,,,,,,,,,,,,,,,,,,,,,,,,,,,,,,,,,,,,,,,,,,,,,,,,,,,,,
,,,,,,,,,,,,,,,,,,,,,,,,,,,,,,,,,,,,,,,,,,,,,,,,,,,,,,,,,,,,,,,,,,,,,,,,,,,,,,,,,,,,,,,,,,,,,,,,,,,
,,,,,,,,,,,,,,,,,,,,,,,,,,,,,,,,,,,,,,,,,,,,,,,,,,,,,,,,,,,,,,,,,,,,,,,,,,,,,,,,,,,,,,,,,,,,,,,,,,,
,,,,,,,,,,,,,,,,,,,,,,,,,,,,,,,,,,,,,,,,,,,,,,,,,,,,,,,,,,,,,,,,,,,,,,,,,,,,,,,,,,,,,,,,,,,,,,,,,,,
,,,,,,,,,,,,,,,,,,,,,,,,,,,,,,,,,,,,,,,,,,,,,,,,,,,,,,,,,,,,,,,,,,,,,,,,,,,,,,,,,,,,,,,,,,,,,,,,,,,
,,,,,,,,,,,,,,,,,,,,,,,,,,,,,,,,,,,,,,,,,,,,,,,,,,,,,,,,,,,,,,,,,,,,,,,,,,,,,,,,,,,,,,,,,,,,,,,,,,,
,,,,,,,,,,,,,,,,,,,,,,,,,,,,,,,,,,,,,,,,,,,,,,,,,,,,,,,,,,,,,,,,,,,,,,,,,,,,,,,,,,,,,,,,,,,,,,,,,,,
,,,,,,,,,,,,,,,,,,,,,,,,,,,,,,,,,,,,,,,,,,,,,,,,,,,,,,,,,,,,,,,,,,,,,,,,,,,,,,,,,,,,,,,,,,,,,,,,,,,
,,,,,,,,,,,,,,,,,,,,,,,,,,,,,,,,,,,,,,,,,,,,,,,,,,,,,,,,,,,,,,,,,,,,,,,,,,,,,,,,,,,,,,,,,,,,,,,,,,,
,,,,,,,,,,,,,,,,,,,,,,,,,,,,,,,,,,,,,,,,,,,,,,,,,,,,,,,,,,,,,,,,,,,,,,,,,,,,,,,,,,,,,,,,,,,,,,,,,,,
,,,,,,,,,,,,,,,,,,,,,,,,,,,,,,,,,,,,,,,,,,,,,,,,,,,,,,,,,,,,,,,,,,,,,,,,,,,,,,,,,,,,,,,,,,,,,,,,,,,
,,,,,,,,,,,,,,,,,,,,,,,,,,,,,,,,,,,,,,,,,,,,,,,,,,,,,,,,,,,,,,,,,,,,,,,,,,,,,,,,,,,,,,,,,,,,,,,,,,,
MoveObject: type=2 stepAdvance=1 stepRecede=1 timeStopStart=0 timeStopEnd=0 posStart=1986;3076 posEnd=1986;3076 posCurrent=1986;3076 step=1 time=0 phase=641 channel=10 icon=17 
MoveObject: type=2 stepAdvance=1 stepRecede=1 timeStopStart=0 timeStopEnd=0 posStart=2050;3076 posEnd=2050;3076 posCurrent=2050;3076 step=1 time=0 phase=641 channel=10 icon=17 
MoveObject: type=2 stepAdvance=1 stepRecede=1 timeStopStart=0 timeStopEnd=0 posStart=1858;3076 posEnd=1858;3076 posCurrent=1858;3076 step=1 time=0 phase=641 channel=10 icon=17 
MoveObject: type=2 stepAdvance=1 stepRecede=1 timeStopStart=0 timeStopEnd=0 posStart=1794;3012 posEnd=1794;3012 posCurrent=1794;3012 step=1 time=0 phase=641 channel=10 icon=17 
MoveObject: type=2 stepAdvance=1 stepRecede=1 timeStopStart=0 timeStopEnd=0 posStart=2242;2948 posEnd=2242;2948 posCurrent=2242;2948 step=1 time=0 phase=641 channel=10 icon=17 
MoveObject: type=2 stepAdvance=1 stepRecede=1 timeStopStart=0 timeStopEnd=0 posStart=1922;2180 posEnd=1922;2180 posCurrent=1922;2180 step=1 time=0 phase=641 channel=10 icon=17 
MoveObject: type=2 stepAdvance=1 stepRecede=1 timeStopStart=0 timeStopEnd=0 posStart=1858;2180 posEnd=1858;2180 posCurrent=1858;2180 step=1 time=0 phase=641 channel=10 icon=17 
MoveObject: type=2 stepAdvance=1 stepRecede=1 timeStopStart=0 timeStopEnd=0 posStart=1794;2180 posEnd=1794;2180 posCurrent=1794;2180 step=1 time=0 phase=641 channel=10 icon=17 
MoveObject: type=1 stepAdvance=10 stepRecede=10 timeStopStart=10 timeStopEnd=10 posStart=1472;2176 posEnd=1408;2176 posCurrent=1408;2176 step=3 time=3 phase=641 channel=1 icon=387 
MoveObject: type=2 stepAdvance=1 stepRecede=1 timeStopStart=0 timeStopEnd=0 posStart=1346;2180 posEnd=1346;2180 posCurrent=1346;2180 step=1 time=0 phase=641 channel=10 icon=17 
MoveObject: type=2 stepAdvance=1 stepRecede=1 timeStopStart=0 timeStopEnd=0 posStart=4930;2948 posEnd=4930;2948 posCurrent=4930;2948 step=1 time=0 phase=641 channel=10 icon=17 
MoveObject: type=2 stepAdvance=1 stepRecede=1 timeStopStart=0 timeStopEnd=0 posStart=4802;1988 posEnd=4802;1988 posCurrent=4802;1988 step=1 time=0 phase=641 channel=10 icon=17 
MoveObject: type=13 stepAdvance=1 stepRecede=1 timeStopStart=0 timeStopEnd=0 posStart=4674;1092 posEnd=4674;1092 posCurrent=4674;1092 step=1 time=0 phase=641 channel=10 icon=68 
MoveObject: type=12 stepAdvance=1 stepRecede=1 timeStopStart=0 timeStopEnd=0 posStart=4416;3136 posEnd=4416;3136 posCurrent=4416;3136 step=1 time=0 phase=641 channel=1 icon=32 
MoveObject: type=12 stepAdvance=1 stepRecede=1 timeStopStart=0 timeStopEnd=0 posStart=4480;3136 posEnd=4480;3136 posCurrent=4480;3136 step=1 time=0 phase=641 channel=1 icon=32 
MoveObject: type=12 stepAdvance=1 stepRecede=1 timeStopStart=0 timeStopEnd=0 posStart=4544;3136 posEnd=4544;3136 posCurrent=4544;3136 step=1 time=0 phase=641 channel=1 icon=32 
MoveObject: type=12 stepAdvance=1 stepRecede=1 timeStopStart=0 timeStopEnd=0 posStart=4096;3712 posEnd=4096;3712 posCurrent=4096;3712 step=1 time=0 phase=641 channel=1 icon=33 
MoveObject: type=12 stepAdvance=1 stepRecede=1 timeStopStart=0 timeStopEnd=0 posStart=4608;3840 posEnd=4608;3840 posCurrent=4608;3840 step=1 time=0 phase=641 channel=1 icon=33 
MoveObject: type=12 stepAdvance=1 stepRecede=1 timeStopStart=0 timeStopEnd=0 posStart=4672;3840 posEnd=4672;3840 posCurrent=4672;3840 step=1 time=0 phase=641 channel=1 icon=33 
MoveObject: type=12 stepAdvance=1 stepRecede=1 timeStopStart=0 timeStopEnd=0 posStart=4480;3072 posEnd=4480;3072 posCurrent=4480;3072 step=1 time=0 phase=641 channel=1 icon=34 
MoveObject: type=13 stepAdvance=1 stepRecede=1 timeStopStart=0 timeStopEnd=0 posStart=4610;1092 posEnd=4610;1092 posCurrent=4610;1092 step=1 time=0 phase=641 channel=10 icon=68 
MoveObject: type=12 stepAdvance=1 stepRecede=1 timeStopStart=0 timeStopEnd=0 posStart=4672;3776 posEnd=4672;3776 posCurrent=4672;3776 step=1 time=0 phase=641 channel=1 icon=32 
MoveObject: type=12 stepAdvance=1 stepRecede=1 timeStopStart=0 timeStopEnd=0 posStart=4608;3776 posEnd=4608;3776 posCurrent=4608;3776 step=1 time=0 phase=641 channel=1 icon=32 
MoveObject: type=12 stepAdvance=1 stepRecede=1 timeStopStart=0 timeStopEnd=0 posStart=4928;3520 posEnd=4928;3520 posCurrent=4928;3520 step=1 time=0 phase=641 channel=1 icon=33 
MoveObject: type=12 stepAdvance=1 stepRecede=1 timeStopStart=0 timeStopEnd=0 posStart=3904;3392 posEnd=3904;3392 posCurrent=3904;3392 step=1 time=0 phase=641 channel=1 icon=34 
MoveObject: type=13 stepAdvance=1 stepRecede=1 timeStopStart=0 timeStopEnd=0 posStart=4546;1092 posEnd=4546;1092 posCurrent=4546;1092 step=1 time=0 phase=641 channel=10 icon=68 
MoveObject: type=12 stepAdvance=1 stepRecede=1 timeStopStart=0 timeStopEnd=0 posStart=3904;3456 posEnd=3904;3456 posCurrent=3904;3456 step=1 time=0 phase=641 channel=1 icon=33 
MoveObject: type=12 stepAdvance=1 stepRecede=1 timeStopStart=0 timeStopEnd=0 posStart=4608;3136 posEnd=4608;3136 posCurrent=4608;3136 step=1 time=0 phase=641 channel=1 icon=34 
MoveObject: type=12 stepAdvance=1 stepRecede=1 timeStopStart=0 timeStopEnd=0 posStart=3904;3520 posEnd=3904;3520 posCurrent=3904;3520 step=1 time=0 phase=641 channel=1 icon=34 
MoveObject: type=12 stepAdvance=1 stepRecede=1 timeStopStart=0 timeStopEnd=0 posStart=3968;3520 posEnd=3968;3520 posCurrent=3968;3520 step=1 time=0 phase=641 channel=1 icon=33 
MoveObject: type=12 stepAdvance=1 stepRecede=1 timeStopStart=0 timeStopEnd=0 posStart=3968;3456 posEnd=3968;3456 posCurrent=3968;3456 step=1 time=0 phase=641 channel=1 icon=33 
MoveObject: type=12 stepAdvance=1 stepRecede=1 timeStopStart=0 timeStopEnd=0 posStart=4032;3520 posEnd=4032;3520 posCurrent=4032;3520 step=1 time=0 phase=641 channel=1 icon=33 
MoveObject: type=12 stepAdvance=1 stepRecede=1 timeStopStart=0 timeStopEnd=0 posStart=4160;3520 posEnd=4160;3520 posCurrent=4160;3520 step=1 time=0 phase=641 channel=1 icon=34 
MoveObject: type=13 stepAdvance=1 stepRecede=1 timeStopStart=0 timeStopEnd=0 posStart=4738;1092 posEnd=4738;1092 posCurrent=4738;1092 step=1 time=0 phase=641 channel=10 icon=68 
MoveObject: type=12 stepAdvance=1 stepRecede=1 timeStopStart=0 timeStopEnd=0 posStart=4480;3200 posEnd=4480;3200 posCurrent=4480;3200 step=1 time=0 phase=641 channel=1 icon=32 
MoveObject: type=12 stepAdvance=1 stepRecede=1 timeStopStart=0 timeStopEnd=0 posStart=4544;3200 posEnd=4544;3200 posCurrent=4544;3200 step=1 time=0 phase=641 channel=1 icon=33 
MoveObject: type=12 stepAdvance=1 stepRecede=1 timeStopStart=0 timeStopEnd=0 posStart=4608;3200 posEnd=4608;3200 posCurrent=4608;3200 step=1 time=0 phase=641 channel=1 icon=34 
MoveObject: type=55 stepAdvance=1 stepRecede=1 timeStopStart=0 timeStopEnd=0 posStart=3522;2822 posEnd=3522;2822 posCurrent=3522;2822 step=1 time=0 phase=641 channel=10 icon=252 
MoveObject: type=12 stepAdvance=1 stepRecede=1 timeStopStart=0 timeStopEnd=0 posStart=4416;3200 posEnd=4416;3200 posCurrent=4416;3200 step=1 time=0 phase=641 channel=1 icon=34 
MoveObject: type=12 stepAdvance=1 stepRecede=1 timeStopStart=0 timeStopEnd=0 posStart=4672;3200 posEnd=4672;3200 posCurrent=4672;3200 step=1 time=0 phase=641 channel=1 icon=32 
MoveObject: type=12 stepAdvance=1 stepRecede=1 timeStopStart=0 timeStopEnd=0 posStart=4672;3136 posEnd=4672;3136 posCurrent=4672;3136 step=1 time=0 phase=641 channel=1 icon=34 
MoveObject: type=12 stepAdvance=1 stepRecede=1 timeStopStart=0 timeStopEnd=0 posStart=4160;3456 posEnd=4160;3456 posCurrent=4160;3456 step=1 time=0 phase=641 channel=1 icon=32 
MoveObject: type=12 stepAdvance=1 stepRecede=1 timeStopStart=0 timeStopEnd=0 posStart=4224;3456 posEnd=4224;3456 posCurrent=4224;3456 step=1 time=0 phase=641 channel=1 icon=32 
MoveObject: type=12 stepAdvance=1 stepRecede=1 timeStopStart=0 timeStopEnd=0 posStart=4224;3520 posEnd=4224;3520 posCurrent=4224;3520 step=1 time=0 phase=641 channel=1 icon=32 
MoveObject: type=12 stepAdvance=1 stepRecede=1 timeStopStart=0 timeStopEnd=0 posStart=4352;3520 posEnd=4352;3520 posCurrent=4352;3520 step=1 time=0 phase=641 channel=1 icon=32 
MoveObject: type=12 stepAdvance=1 stepRecede=1 timeStopStart=0 timeStopEnd=0 posStart=4608;3520 posEnd=4608;3520 posCurrent=4608;3520 step=1 time=0 phase=641 channel=1 icon=32 
MoveObject: type=12 stepAdvance=1 stepRecede=1 timeStopStart=0 timeStopEnd=0 posStart=4672;3520 posEnd=4672;3520 posCurrent=4672;3520 step=1 time=0 phase=641 channel=1 icon=33 
MoveObject: type=12 stepAdvance=1 stepRecede=1 timeStopStart=0 timeStopEnd=0 posStart=4608;3456 posEnd=4608;3456 posCurrent=4608;3456 step=1 time=0 phase=641 channel=1 icon=33 
MoveObject: type=12 stepAdvance=1 stepRecede=1 timeStopStart=0 timeStopEnd=0 posStart=4416;3072 posEnd=4416;3072 posCurrent=4416;3072 step=1 time=0 phase=641 channel=1 icon=32 
MoveObject: type=12 stepAdvance=1 stepRecede=1 timeStopStart=0 timeStopEnd=0 posStart=4352;3072 posEnd=4352;3072 posCurrent=4352;3072 step=1 time=0 phase=641 channel=1 icon=32 
MoveObject: type=12 stepAdvance=1 stepRecede=1 timeStopStart=0 timeStopEnd=0 posStart=3392;2304 posEnd=3392;2304 posCurrent=3392;2304 step=1 time=0 phase=641 channel=1 icon=32 
MoveObject: type=12 stepAdvance=1 stepRecede=1 timeStopStart=0 timeStopEnd=0 posStart=4928;3456 posEnd=4928;3456 posCurrent=4928;3456 step=1 time=0 phase=641 channel=1 icon=32 
MoveObject: type=12 stepAdvance=1 stepRecede=1 timeStopStart=0 timeStopEnd=0 posStart=4352;3008 posEnd=4352;3008 posCurrent=4352;3008 step=1 time=0 phase=641 channel=1 icon=32 
MoveObject: type=12 stepAdvance=1 stepRecede=1 timeStopStart=0 timeStopEnd=0 posStart=4416;3008 posEnd=4416;3008 posCurrent=4416;3008 step=1 time=0 phase=641 channel=1 icon=33 
MoveObject: type=12 stepAdvance=1 stepRecede=1 timeStopStart=0 timeStopEnd=0 posStart=4480;3008 posEnd=4480;3008 posCurrent=4480;3008 step=1 time=0 phase=641 channel=1 icon=34 
MoveObject: type=12 stepAdvance=1 stepRecede=1 timeStopStart=0 timeStopEnd=0 posStart=4544;3008 posEnd=4544;3008 posCurrent=4544;3008 step=1 time=0 phase=641 channel=1 icon=34 
MoveObject: type=5 stepAdvance=1 stepRecede=1 timeStopStart=0 timeStopEnd=0 posStart=4034;3716 posEnd=4034;3716 posCurrent=4034;3716 step=1 time=0 phase=641 channel=10 icon=7 
MoveObject: type=6 stepAdvance=1 stepRecede=1 timeStopStart=0 timeStopEnd=0 posStart=4738;2760 posEnd=4738;2760 posCurrent=4738;2760 step=1 time=0 phase=641 channel=10 icon=21 
MoveObject: type=5 stepAdvance=1 stepRecede=1 timeStopStart=0 timeStopEnd=0 posStart=1474;1348 posEnd=1474;1348 posCurrent=1474;1348 step=1 time=0 phase=641 channel=10 icon=7 
MoveObject: type=17 stepAdvance=75 stepRecede=75 timeStopStart=47 timeStopEnd=47 posStart=4480;1664 posEnd=4672;1984 posCurrent=4672;1984 step=3 time=21 phase=641 channel=10 icon=88 
MoveObject: type=1 stepAdvance=36 stepRecede=36 timeStopStart=3 timeStopEnd=3 posStart=3072;2176 posEnd=3072;1792 posCurrent=3072;2026 step=4 time=22 phase=641 channel=1 icon=387 
MoveObject: type=1 stepAdvance=36 stepRecede=36 timeStopStart=3 timeStopEnd=3 posStart=3136;2176 posEnd=3136;1792 posCurrent=3136;2026 step=4 time=22 phase=641 channel=1 icon=387 
MoveObject: type=1 stepAdvance=30 stepRecede=30 timeStopStart=10 timeStopEnd=10 posStart=1920;2112 posEnd=1728;2112 posCurrent=1728;2112 step=4 time=0 phase=641 channel=1 icon=387 
MoveObject: type=2 stepAdvance=1 stepRecede=1 timeStopStart=0 timeStopEnd=0 posStart=2946;3140 posEnd=2946;3140 posCurrent=2946;3140 step=1 time=0 phase=641 channel=10 icon=17 
MoveObject: type=5 stepAdvance=1 stepRecede=1 timeStopStart=0 timeStopEnd=0 posStart=2114;2308 posEnd=2114;2308 posCurrent=2114;2308 step=1 time=0 phase=641 channel=10 icon=7 
MoveObject: type=1 stepAdvance=10 stepRecede=10 timeStopStart=10 timeStopEnd=10 posStart=960;2176 posEnd=1024;2176 posCurrent=1024;2176 step=3 time=3 phase=641 channel=1 icon=387 
MoveObject: type=55 stepAdvance=1 stepRecede=1 timeStopStart=0 timeStopEnd=0 posStart=3714;2694 posEnd=3714;2694 posCurrent=3714;2694 step=1 time=0 phase=641 channel=10 icon=252 
MoveObject: type=2 stepAdvance=1 stepRecede=1 timeStopStart=0 timeStopEnd=0 posStart=2114;3076 posEnd=2114;3076 posCurrent=2114;3076 step=1 time=0 phase=641 channel=10 icon=17 
MoveObject: type=1 stepAdvance=10 stepRecede=10 timeStopStart=10 timeStopEnd=10 posStart=960;1920 posEnd=1024;1920 posCurrent=1024;1920 step=3 time=3 phase=641 channel=1 icon=387 
MoveObject: type=24 stepAdvance=1 stepRecede=1 timeStopStart=0 timeStopEnd=0 posStart=3202;3141 posEnd=3202;3141 posCurrent=3202;3141 step=1 time=0 phase=641 channel=10 icon=131 
MoveObject: type=24 stepAdvance=1 stepRecede=1 timeStopStart=0 timeStopEnd=0 posStart=3138;3141 posEnd=3138;3141 posCurrent=3138;3141 step=1 time=0 phase=641 channel=10 icon=131 
MoveObject: type=24 stepAdvance=1 stepRecede=1 timeStopStart=0 timeStopEnd=0 posStart=3074;3141 posEnd=3074;3141 posCurrent=3074;3141 step=1 time=0 phase=641 channel=10 icon=131 
MoveObject: type=24 stepAdvance=1 stepRecede=1 timeStopStart=0 timeStopEnd=0 posStart=3010;3141 posEnd=3010;3141 posCurrent=3010;3141 step=1 time=0 phase=641 channel=10 icon=131 
MoveObject: type=24 stepAdvance=1 stepRecede=1 timeStopStart=0 timeStopEnd=0 posStart=3266;3141 posEnd=3266;3141 posCurrent=3266;3141 step=1 time=0 phase=641 channel=10 icon=131 
MoveObject: type=6 stepAdvance=1 stepRecede=1 timeStopStart=0 timeStopEnd=0 posStart=3202;1736 posEnd=3202;1736 posCurrent=3202;1736 step=1 time=0 phase=641 channel=10 icon=21 
MoveObject: type=12 stepAdvance=1 stepRecede=1 timeStopStart=0 timeStopEnd=0 posStart=4928;3392 posEnd=4928;3392 posCurrent=4928;3392 step=1 time=0 phase=641 channel=1 icon=32 
MoveObject: type=12 stepAdvance=1 stepRecede=1 timeStopStart=0 timeStopEnd=0 posStart=2816;2304 posEnd=2816;2304 posCurrent=2816;2304 step=1 time=0 phase=641 channel=1 icon=32 
MoveObject: type=55 stepAdvance=1 stepRecede=1 timeStopStart=0 timeStopEnd=0 posStart=3586;2822 posEnd=3586;2822 posCurrent=3586;2822 step=1 time=0 phase=641 channel=10 icon=252 
MoveObject: type=55 stepAdvance=1 stepRecede=1 timeStopStart=0 timeStopEnd=0 posStart=3650;2758 posEnd=3650;2758 posCurrent=3650;2758 step=1 time=0 phase=641 channel=10 icon=252 
MoveObject: type=1 stepAdvance=48 stepRecede=48 timeStopStart=3 timeStopEnd=3 posStart=4800;1472 posEnd=4800;1984 posCurrent=4800;1482 step=2 time=1 phase=641 channel=1 icon=387 
MoveObject: type=2 stepAdvance=1 stepRecede=1 timeStopStart=0 timeStopEnd=0 posStart=5058;2372 posEnd=5058;2372 posCurrent=5058;2372 step=1 time=0 phase=641 channel=10 icon=17 
MoveObject: type=1 stepAdvance=10 stepRecede=10 timeStopStart=10 timeStopEnd=10 posStart=1024;1792 posEnd=960;1792 posCurrent=960;1792 step=3 time=3 phase=641 channel=1 icon=387 
MoveObject: type=1 stepAdvance=10 stepRecede=10 timeStopStart=10 timeStopEnd=10 posStart=960;1664 posEnd=1024;1664 posCurrent=1024;1664 step=3 time=3 phase=641 channel=1 icon=387 
MoveObject: type=1 stepAdvance=10 stepRecede=10 timeStopStart=10 timeStopEnd=10 posStart=1024;2048 posEnd=960;2048 posCurrent=960;2048 step=3 time=3 phase=641 channel=1 icon=387 
MoveObject: type=6 stepAdvance=1 stepRecede=1 timeStopStart=0 timeStopEnd=0 posStart=1026;1160 posEnd=1026;1160 posCurrent=1026;1160 step=1 time=0 phase=641 channel=10 icon=21 
MoveObject: type=13 stepAdvance=1 stepRecede=1 timeStopStart=0 timeStopEnd=0 posStart=4354;3844 posEnd=4354;3844 posCurrent=4354;3844 step=1 time=0 phase=641 channel=10 icon=68 
MoveObject: type=13 stepAdvance=1 stepRecede=1 timeStopStart=0 timeStopEnd=0 posStart=4290;3844 posEnd=4290;3844 posCurrent=4290;3844 step=1 time=0 phase=641 channel=10 icon=68 
MoveObject: type=13 stepAdvance=1 stepRecede=1 timeStopStart=0 timeStopEnd=0 posStart=4546;3844 posEnd=4546;3844 posCurrent=4546;3844 step=1 time=0 phase=641 channel=10 icon=68 
MoveObject: type=13 stepAdvance=1 stepRecede=1 timeStopStart=0 timeStopEnd=0 posStart=4418;3908 posEnd=4418;3908 posCurrent=4418;3908 step=1 time=0 phase=641 channel=10 icon=68 
MoveObject: type=13 stepAdvance=1 stepRecede=1 timeStopStart=0 timeStopEnd=0 posStart=4482;3844 posEnd=4482;3844 posCurrent=4482;3844 step=1 time=0 phase=641 channel=10 icon=68 
MoveObject: type=5 stepAdvance=1 stepRecede=1 timeStopStart=0 timeStopEnd=0 posStart=3522;1028 posEnd=3522;1028 posCurrent=3522;1028 step=1 time=0 phase=641 channel=10 icon=7 
MoveObject: type=1 stepAdvance=10 stepRecede=10 timeStopStart=10 timeStopEnd=10 posStart=1024;1536 posEnd=960;1536 posCurrent=960;1536 step=3 time=3 phase=641 channel=1 icon=387 
MoveObject: type=6 stepAdvance=1 stepRecede=1 timeStopStart=0 timeStopEnd=0 posStart=1090;1160 posEnd=1090;1160 posCurrent=1090;1160 step=1 time=0 phase=641 channel=10 icon=21 
MoveObject: type=6 stepAdvance=1 stepRecede=1 timeStopStart=0 timeStopEnd=0 posStart=962;1160 posEnd=962;1160 posCurrent=962;1160 step=1 time=0 phase=641 channel=10 icon=21 
MoveObject: type=16 stepAdvance=30 stepRecede=30 timeStopStart=0 timeStopEnd=0 posStart=3712;832 posEnd=3712;1024 posCurrent=3712;832 step=2 time=0 phase=641 channel=10 icon=70 
MoveObject: type=16 stepAdvance=30 stepRecede=30 timeStopStart=0 timeStopEnd=0 posStart=3968;832 posEnd=3968;1024 posCurrent=3968;832 step=2 time=0 phase=641 channel=10 icon=70 
MoveObject: type=21 stepAdvance=1 stepRecede=1 timeStopStart=0 timeStopEnd=0 posStart=3010;1732 posEnd=3010;1732 posCurrent=3010;1732 step=1 time=0 phase=641 channel=10 icon=125 
MoveObject: type=1 stepAdvance=54 stepRecede=54 timeStopStart=3 timeStopEnd=3 posStart=4928;2368 posEnd=4928;2944 posCurrent=4928;2869 step=2 time=47 phase=641 channel=1 icon=387 
MoveObject: type=1 stepAdvance=36 stepRecede=36 timeStopStart=3 timeStopEnd=3 posStart=5056;1984 posEnd=5056;2368 posCurrent=5056;2134 step=4 time=22 phase=641 channel=1 icon=387 
MoveObject: type=17 stepAdvance=15 stepRecede=15 timeStopStart=47 timeStopEnd=47 posStart=4672;1792 posEnd=4608;1792 posCurrent=4672;1792 step=1 time=1 phase=641 channel=10 icon=79 
MoveObject: type=17 stepAdvance=30 stepRecede=30 timeStopStart=47 timeStopEnd=47 posStart=4672;1600 posEnd=4544;1600 posCurrent=4672;1600 step=1 time=9 phase=641 channel=10 icon=86 
MoveObject: type=17 stepAdvance=15 stepRecede=15 timeStopStart=47 timeStopEnd=47 posStart=4672;1536 posEnd=4608;1536 posCurrent=4672;1536 step=1 time=1 phase=641 channel=10 icon=79 
MoveObject: type=17 stepAdvance=30 stepRecede=30 timeStopStart=47 timeStopEnd=47 posStart=4544;1408 posEnd=4672;1408 posCurrent=4544;1408 step=1 time=9 phase=641 channel=10 icon=86 
MoveObject: type=17 stepAdvance=15 stepRecede=15 timeStopStart=47 timeStopEnd=47 posStart=4608;2048 posEnd=4672;2048 posCurrent=4608;2048 step=1 time=1 phase=641 channel=10 icon=82 
