DescFile: posDecor=150;0 dimDecor=100;100 world=0 music=8 region=18 blupiPos=386;326 blupiDir=2 
Decor: 
10,10,10,10,10,10,10,10,10,10,10,10,10,10,10,10,10,10,10,10,10,10,,,,,,,,,,,,,,,,,,,,,,,,,,,,,,,,,,,,,,,,,,,,,,,,,,,,,,,,,,,,,,,,,,,,,,,,,,,,,,
10,10,10,10,10,10,10,10,10,10,10,10,10,10,10,10,10,10,10,10,10,10,,,,,,,,,,,,,,,,,,,,,,,,,,,,,,,,,,,,,,,,,,,,,,,,,,,,,,,,,,,,,,,,,,,,,,,,,,,,,,
10,10,10,10,10,10,10,10,10,4,10,10,10,10,10,10,10,10,10,10,10,10,,,,,,,,,,,,,,,,,,,,,,,,,,,,,,,,,,,,,,,,,,,,,,,,,,,,,,,,,,,,,,,,,,,,,,,,,,,,,,
10,10,10,10,4,,,202,,202,,53,,10,10,10,10,10,10,10,10,10,,,,,,,,,,,,,,,,,,,,,,,,,,,,,,,,,,,,,,,,,,,,,,,,,,,,,,,,,,,,,,,,,,,,,,,,,,,,,,
10,10,5,10,10,,202,,202,,202,54,,10,10,10,10,10,10,10,10,10,,,,,,,,,,,,,,,,,,,,,,,,,,,,,,,,,,,,,,,,,,,,,,,,,,,,,,,,,,,,,,,,,,,,,,,,,,,,,,
10,4,10,10,10,334,10,10,10,10,10,10,50,10,10,10,10,10,10,10,10,10,,,,,,,,,,,,,,,,,,,,,,,,,,,,,,,,,,,,,,,,,,,,,,,,,,,,,,,,,,,,,,,,,,,,,,,,,,,,,,
10,10,9,18,,,10,10,10,10,10,10,,10,10,10,10,10,10,10,10,10,,,,,,,,,,,,,,,,,,,,,,,,,,,,,,,,,,,,,,,,,,,,,,,,,,,,,,,,,,,,,,,,,,,,,,,,,,,,,,
10,10,1,,,,10,10,10,10,10,10,,10,10,4,10,10,10,10,10,10,,,,,,,,,,,,,,,,,,,,,,,,,,,,,,,,,,,,,,,,,,,,,,,,,,,,,,,,,,,,,,,,,,,,,,,,,,,,,,
10,10,10,138,10,10,10,10,10,10,10,10,,11,10,10,10,10,10,10,10,10,,,,,,,,,,,,,,,,,,,,,,,,,,,,,,,,,,,,,,,,,,,,,,,,,,,,,,,,,,,,,,,,,,,,,,,,,,,,,,
10,,,202,,,,,,202,68,10,,10,10,10,10,10,10,10,10,10,,,,,,,,,,,,,,,,,,,,,,,,,,,,,,,,,,,,,,,,,,,,,,,,,,,,,,,,,,,,,,,,,,,,,,,,,,,,,,
5,138,,,,,,,,202,68,10,50,10,10,10,10,10,10,10,10,10,,,,,,,,,,,,,,,,,,,,,,,,,,,,,,,,,,,,,,,,,,,,,,,,,,,,,,,,,,,,,,,,,,,,,,,,,,,,,,
10,138,,,,,,,,202,68,6,138,,10,10,10,10,10,10,10,10,,,,,,,,,,,,,,,,,,,,,,,,,,,,,,,,,,,,,,,,,,,,,,,,,,,,,,,,,,,,,,,,,,,,,,,,,,,,,,
10,138,10,10,10,10,10,10,22,10,68,10,138,,11,10,10,10,10,10,10,10,,,,,,,,,,,,,,,,,,,,,,,,,,,,,,,,,,,,,,,,,,,,,,,,,,,,,,,,,,,,,,,,,,,,,,,,,,,,,,
10,138,202,202,,,202,202,202,202,68,8,138,,2,10,10,6,10,10,10,10,,,,,,,,,,,,,,,,,,,,,,,,,,,,,,,,,,,,,,,,,,,,,,,,,,,,,,,,,,,,,,,,,,,,,,,,,,,,,,
2,10,4,138,,,,,,,68,10,138,,10,10,10,10,6,10,10,10,10,,,,,,,,,,,,,,,,,,,,,,,,,,,,,,,,,,,,,,,,,,,,,,,,,,,,,,,,,,,,,,,,,,,,,,,,,,,,,
10,2,10,138,,,,,,202,68,10,50,10,10,10,10,10,10,10,10,10,10,,,,,,,,,,,,,,,,,,,,,,,,,,,,,,,,,,,,,,,,,,,,,,,,,,,,,,,,,,,,,,,,,,,,,,,,,,,,,
2,10,9,138,,,202,202,202,202,68,8,,10,10,10,10,10,10,10,7,10,10,,,,,,,,,,,,,,,,,,,,,,,,,,,,,,,,,,,,,,,,,,,,,,,,,,,,,,,,,,,,,,,,,,,,,,,,,,,,,
10,1,4,138,,,10,10,10,10,10,6,50,4,10,4,10,10,10,10,10,10,10,,10,10,,,,,,,,,,,,,,,,,,,,,,,,,,,,,,,,,,,,,,,,,,,,,,,,,,,,,,,,,,,,,,,,,,,,,,,,,,
10,10,10,138,,,202,,,10,,,,10,10,10,7,7,10,10,7,10,10,10,10,10,10,,,,,,,,,,,,,,,,,,,,,,,,,,,,,,,,,,,,,,,,,,,,,,,,,,,,,,,,,,,,,,,,,,,,,,,,,
10,1,10,138,,,202,,60,3,59,10,9,8,10,10,10,10,10,10,10,10,10,10,10,10,10,10,10,,,,,,,,,,,,,,,,,,,,,,,,,,,,,,,,,,,,,,,,,,,,,,,,,,,,,,,,,,,,,,,,,,,,,,,
10,4,9,10,2,10,10,10,336,10,10,10,11,10,1,129,129,129,129,129,10,10,10,10,10,10,10,10,10,,10,10,,,,,,,,,,,,,,,,,,,,,,,,,,,,,,,,,,,,,,,,,,,,,,,,,,,,,,,,,,,,,,,,,,,,
10,10,10,2,10,10,10,,,49,,,,,49,114,114,114,114,114,10,8,10,10,10,10,10,10,10,10,10,10,,,,,,,,,,,,,,,,,,,,,,,,,,,,,,,,,,,,,,,,,,,,,,,,,,,,,,,,,,,,,,,,,,,,
10,10,12,,10,10,10,10,10,10,10,10,10,10,10,114,114,114,114,114,10,7,8,10,10,10,10,10,10,10,10,10,10,10,10,10,10,10,10,10,10,10,10,10,10,10,10,10,10,10,10,,,,,,,,,,,,,,,,,,,,,,,,,,,,,,,,,,,,,,,,,,,,,,,,,
10,129,10,,10,10,12,10,10,10,6,10,10,10,10,114,114,114,114,114,10,4,8,10,10,10,10,10,10,10,10,10,10,10,10,10,10,10,10,10,10,10,10,10,10,10,10,10,10,10,10,,,,,,,,,,,,,,,,,,,,,,,,,,,,,,,,,,,,,,,,,,,,,,,,,
12,114,49,,10,2,10,10,12,10,10,10,2,4,10,114,114,114,114,114,10,10,10,10,10,10,10,10,10,10,10,10,10,10,10,10,10,10,10,10,10,10,10,10,10,10,10,10,10,10,10,,,,,,,,,,,,,,,,,,,,,,,,,,,,,,,,,,,,,,,,,,,,,,,,,
10,114,10,,,,10,10,10,10,10,10,10,10,10,114,114,114,114,114,10,7,10,10,10,13,10,10,10,10,10,10,10,10,10,10,10,10,10,10,10,10,10,10,10,10,10,10,10,10,10,,,,,,,,,,,,,,,,,,,,,,,,,,,,,,,,,,,,,,,,,,,,,,,,,
10,114,12,118,118,118,118,118,132,10,6,10,4,10,10,114,114,114,10,10,10,10,10,10,10,12,10,13,10,10,10,10,10,10,10,10,10,10,10,10,10,10,10,10,10,10,10,10,10,10,10,,,,,,,,,,,,,,,,,,,,,,,,,,,,,,,,,,,,,,,,,,,,,,,,,
10,114,10,59,,,56,10,10,10,10,10,10,10,10,114,114,114,49,,,,49,,10,10,10,10,10,10,10,10,10,10,10,10,10,10,10,10,10,10,10,10,10,10,10,10,10,10,10,,,,,,,,,,,,,,,,,,,,,,,,,,,,,,,,,,,,,,,,,,,,,,,,,
10,114,10,118,118,118,118,118,132,10,12,10,10,10,10,10,10,10,10,2,10,10,9,138,92,91,91,91,10,10,10,10,10,10,10,10,10,10,10,10,10,10,10,10,10,10,10,10,10,10,10,,,,,,,,,,,,,,,,,,,,,,,,,,,,,,,,,,,,,,,,,,,,,,,,,
10,114,10,59,,,56,10,10,10,,,,,49,,10,10,2,10,10,10,9,138,92,91,91,91,10,10,10,10,10,10,10,10,10,10,10,10,10,10,10,10,10,10,10,10,10,10,10,,,,,,,,,,,,,,,,,,,,,,,,,,,,,,,,,,,,,,,,,,,,,,,,,
10,114,10,118,118,118,118,118,132,10,,,,,10,,,10,10,10,10,10,3,138,92,91,91,91,10,10,10,10,10,10,10,10,10,10,10,10,17,53,56,10,10,10,10,10,10,10,10,,,,,,,,,,,,,,,,,,,,,,,,,,,,,,,,,,,,,,,,,,,,,,,,,
10,114,10,59,,,56,10,10,10,304,305,305,305,48,,,,10,10,12,10,9,138,92,91,91,91,10,10,10,10,10,10,10,10,10,10,10,10,,,,10,10,10,10,10,10,10,10,,,,,,,,,,,,,,,,,,,,,,,,,,,,,,,,,,,,,,,,,,,,,,,,,
11,114,11,118,118,118,118,118,132,10,,,,10,10,15,,,,10,10,10,9,138,92,91,91,91,10,10,10,10,10,10,10,10,10,10,10,10,,58,,10,10,10,10,10,10,10,10,10,10,10,10,10,10,10,10,10,10,10,10,10,10,10,,,,,,,,,,,,,,,,,,,,,,,,,,,,,,,,,,
10,114,10,59,,,56,10,10,17,,56,10,10,10,10,304,305,305,305,48,10,9,138,92,91,91,91,10,10,10,10,10,10,10,10,10,10,,73,,4,27,10,10,10,10,10,10,10,10,10,10,10,10,10,10,10,10,10,10,10,10,10,10,10,,,,,,,,,,,,,,,,,,,,,,,,,,,,,,,,,,
10,114,10,,,,,,17,,,10,10,12,10,10,10,15,,,,10,10,,10,12,10,10,13,10,10,10,10,10,10,10,10,10,,10,,53,,10,10,10,10,10,10,10,10,10,10,10,10,10,10,10,10,10,10,10,10,10,10,10,,,,,,,,,,,,,,,,,,,,,,,,,,,,,,,,,,
10,114,10,10,10,10,15,,,,10,10,10,10,10,10,10,10,15,,,,10,334,10,10,10,10,10,10,10,10,10,10,10,10,10,10,,10,,,,10,10,10,10,10,10,10,10,10,10,10,10,10,10,10,10,10,10,10,10,10,10,10,,,,,,,,,,,,,,,,,,,,,,,,,,,,,,,,,,
10,114,10,11,10,10,10,10,10,10,10,10,12,10,10,10,10,12,10,15,,,49,,10,10,10,10,10,10,10,10,10,10,10,10,10,10,,10,15,58,56,10,10,10,10,10,10,10,10,10,10,10,10,10,10,10,10,10,10,10,10,10,10,10,,,,,,,,,,,,,,,,,,,,,,,,,,,,,,,,,,
10,114,10,10,10,10,10,10,10,10,11,10,10,10,10,10,10,10,10,10,10,10,10,10,10,10,10,10,10,10,10,10,10,10,10,10,10,10,432,10,10,10,10,10,10,10,10,10,10,10,10,10,10,10,10,10,10,10,10,10,10,10,10,10,10,10,,,,,,,,,,,,,,,,,,,,,,,,,,,,,,,,,,
10,114,49,,,,,,,,,,,,49,,10,10,10,10,10,10,2,10,10,10,10,,57,,,,53,,57,,,,,10,10,10,10,10,10,10,10,10,10,10,10,10,10,10,10,10,10,10,10,10,10,10,10,10,10,10,,,,,,,,,,,,,,,,,,,,,,,,,,,,,,,,,,
10,10,10,10,10,10,10,10,10,10,10,10,10,11,10,,10,10,10,10,2,2,10,10,10,10,10,,,,,,,,,,,,,10,10,10,10,10,10,10,10,10,10,10,10,10,10,10,10,10,10,10,10,10,10,10,10,10,10,10,,,,,,,,,,,,,,,,,,,,,,,,,,,,,,,,,,
10,,53,,10,,,,,,49,,49,,,,10,10,10,10,10,10,10,10,10,10,10,,,,,,,,,,,,,10,10,10,10,10,10,10,10,10,10,10,10,10,10,10,10,10,10,10,10,10,10,10,10,10,10,10,,,,,,,,,,,,,,,,,,,,,,,,,,,,,,,,,,
10,,,,10,,,,,,10,10,10,,,10,10,10,10,10,10,10,10,10,27,27,17,,,,54,,,,54,,58,,,10,10,10,10,10,10,10,10,10,10,10,10,10,10,10,10,10,10,10,10,10,10,10,10,10,10,10,,,,,,,,,,,,,,,,,,,,,,,,,,,,,,,,,,
10,,54,,10,304,305,305,305,305,48,9,10,52,10,10,10,10,10,10,10,10,10,10,,,,,,10,10,10,10,10,10,10,10,10,432,10,10,10,10,10,10,10,10,10,10,10,10,10,10,10,10,10,10,10,10,10,10,10,10,10,10,10,,,,,,,,,,,,,,,,,,,,,,,,,,,,,,,,,,
10,22,10,9,10,10,10,59,,10,10,10,8,,10,10,10,10,10,10,10,10,10,10,,,,,56,10,91,91,91,91,91,91,10,53,,56,10,10,10,10,10,10,10,10,10,10,10,10,10,10,10,10,10,10,10,10,10,10,10,10,10,10,,,,,,,,,,,,,,,,,,,,,,,,,,,,,,,,,,
10,,56,10,59,,,,,10,10,10,10,,10,,,,10,10,10,10,10,10,,,,,60,10,91,10,10,10,10,10,10,,,,56,10,10,10,10,10,10,10,10,10,10,10,10,10,10,10,10,10,10,10,10,10,10,10,10,10,,,,,,,,,,,,,,,,,,,,,,,,,,,,,,,,,,
10,,,,,,,10,22,10,10,10,10,,10,,,,53,10,10,10,10,10,,,,,,10,91,10,,53,,,,,,,,56,10,10,10,10,10,10,10,10,10,10,10,10,10,10,10,10,10,10,10,10,10,10,10,10,,,,,,,,,,,,,,,,,,,,,,,,,,,,,,,,,,
10,10,,,,10,10,10,,10,11,10,10,52,10,52,10,138,,68,10,10,10,10,,,,,56,10,91,10,59,,,,,,,,,,56,10,10,10,10,10,10,10,10,10,10,10,10,10,10,10,10,10,10,10,10,10,10,10,,,,,,,,,,,,,,,,,,,,,,,,,,,,,,,,,,
10,10,10,,10,1,10,10,,10,10,8,10,,,,10,138,,68,10,10,10,10,,16,,,,10,91,10,,,,,,,,,,,,56,10,10,10,10,10,10,10,10,10,10,10,10,10,10,10,10,10,10,10,10,10,10,,,,,,,,,,,,,,,,,,,,,,,,,,,,,,,,,,
10,10,10,,10,10,10,10,52,10,10,10,10,10,10,10,10,138,,68,10,10,10,10,27,10,59,,22,10,91,10,55,,,,,,,,,,,,56,10,10,10,10,10,10,10,10,10,10,10,10,10,10,10,10,10,10,10,10,10,,,,,,,,,,,,,,,,,,,,,,,,,,,,,,,,,,
10,10,10,10,10,1,10,10,54,,,10,10,10,10,10,17,,54,10,10,10,10,10,,25,,,,92,91,10,59,,,,,,,,,,,,,56,10,10,10,10,10,10,10,10,10,10,10,10,10,10,10,10,10,10,10,10,,,,,,,,,,,,,,,,,,,,,,,,,,,,,,,,,,
10,10,10,11,10,10,2,10,10,,,10,10,10,10,17,,,10,10,10,10,10,10,27,10,59,,22,10,91,10,,,,,,,,,,,,,,,56,10,10,10,10,10,10,10,10,10,10,10,10,10,10,10,10,10,10,10,,,,,,,,,,,,,,,,,,,,,,,,,,,,,,,,,,
10,10,10,10,10,10,10,10,53,,,10,10,10,17,,,10,10,10,10,10,10,10,,17,,,,10,91,10,,,,,,,,,,,,,,,,56,10,10,10,10,10,10,10,10,10,10,10,10,10,10,10,10,10,10,,,,,,,,,,,,,,,,,,,,,,,,,,,,,,,,,,
10,10,10,10,10,10,10,10,52,10,10,10,10,10,,,10,10,10,10,10,10,10,10,,,,,56,10,91,10,55,,,,,,,,,,,,,,,,56,10,10,10,10,10,10,10,10,10,10,10,10,10,10,10,10,10,,,,,,,,,,,,,,,,,,,,,,,,,,,,,,,,,,
10,10,10,10,10,10,10,10,54,,,10,10,10,,10,10,10,10,10,10,10,10,10,,,,,56,10,91,10,,,,,,,,,,,,,,,,,,56,10,10,10,10,10,10,10,10,10,10,10,10,10,10,10,10,,,,,,,,,,,,,,,,,,,,,,,,,,,,,,,,,,
10,10,10,10,10,10,1,10,10,,,10,10,10,10,10,10,10,10,10,10,10,10,10,,,,,,10,91,10,59,,,,,,,,,,,,,,,,,,56,10,10,10,10,10,10,10,10,10,10,10,10,10,10,10,,,,,,,,,,,,,,,,,,,,,,,,,,,,,,,,,,
10,10,10,10,10,10,10,10,304,305,305,305,10,,,10,10,10,10,10,10,10,10,10,,,,,60,10,91,10,59,,,,,,,,,,,,,,,,,,,56,10,10,10,10,10,10,10,10,10,10,10,10,10,10,,,,,,,,,,,,,,,,,,,,,,,,,,,,,,,,,,
10,10,10,10,10,10,10,10,10,58,,10,10,,,10,10,10,10,10,10,10,10,10,,15,,,,10,91,10,,,,,,,,,,,,,,,,,,,,,56,10,10,10,10,10,10,10,10,10,10,10,10,10,,,,,,,,,,,,,,,,,,,,,,,,,,,,,,,,,,
10,10,10,10,10,10,10,10,10,10,335,10,10,,,10,10,10,10,10,10,10,10,10,27,10,59,,10,10,91,10,,,,,,,,,,,,,,,,,,,,,,56,10,10,10,10,10,10,10,10,10,10,10,10,,,,,,,,,,,,,,,,,,,,,,,,,,,,,,,,,,
10,10,10,10,10,10,10,10,10,10,,,57,,,10,10,10,10,10,10,10,10,10,,25,,,,92,91,10,,,,,,,,,,,,,,,,,,,,,,,,10,10,10,10,10,10,10,10,10,10,10,,,,,,,,,,,,,,,,,,,,,,,,,,,,,,,,,,
10,10,10,10,10,10,10,10,10,10,,,,,,10,10,10,10,10,10,10,10,10,27,10,59,,10,10,91,10,59,,,,,,,,,,,,,,,,,,,,,,,56,10,10,10,10,10,10,10,10,10,10,,,,,,,,,,,,,,,,,,,,,,,,,,,,,,,,,,
10,10,10,10,10,10,10,10,10,10,,,,,,,68,10,10,10,10,10,10,10,,17,,,,10,91,10,55,,,,,,,,,,,,,,,,,,,,,,,,56,10,10,10,10,10,10,10,10,10,,,,,,,,,,,,,,,,,,,,,,,,,,,,,,,,,,
10,10,10,10,10,10,10,10,10,10,,,,,,,68,10,10,10,10,10,10,10,,,,,60,10,91,10,,,,,,,,,,,,,,,,,,,,,,,,,,56,10,10,10,10,10,10,10,10,,,,,,,,,,,,,,,,,,,,,,,,,,,,,,,,,,
10,10,10,17,,10,10,10,10,10,,,,,,,68,10,10,10,10,10,10,10,,,,,56,10,91,10,10,10,10,10,10,10,10,10,10,10,10,10,10,10,10,10,10,10,10,10,10,10,10,10,15,,10,10,10,10,10,10,10,10,,,,,,,,,,,,,,,,,,,,,,,,,,,,,,,,,,
10,10,10,,,10,10,10,10,10,,,,,,,68,10,10,10,10,10,10,10,27,27,16,,,10,91,10,10,10,10,10,10,10,10,10,10,10,10,10,10,18,,,,,,,,,,,,60,10,10,10,10,10,10,10,10,,,,,,,,,,,,,,,,,,,,,,,,,,,,,,,,,,
10,10,26,,,10,,,,10,10,,,,,,68,10,10,10,10,10,10,10,10,10,10,10,10,10,91,10,10,10,10,10,10,10,10,10,10,10,10,10,10,,,,,,,,,,,,,,10,10,10,10,10,10,10,10,,,,,,,,,,,,,,,,,,,,,,,,,,,,,,,,,,
10,10,10,55,,10,52,10,,,10,10,,,,,68,10,10,10,10,10,10,10,10,10,10,10,10,10,91,10,10,10,10,10,10,10,10,10,10,10,10,10,10,59,,,,,,,,,,,,,10,10,10,10,10,10,10,10,,,,,,,,,,,,,,,,,,,,,,,,,,,,,,,,,,
10,10,26,,,73,,10,59,,,10,10,,,,68,10,10,10,10,10,10,10,10,10,10,10,10,10,91,10,10,10,10,10,10,10,10,10,10,10,10,10,10,,,,,,,,,,,,,60,10,10,10,10,10,10,10,10,,,,,,,,,,,,,,,,,,,,,,,,,,,,,,,,,,
10,10,10,55,,10,52,10,,,,,10,,,,68,10,10,10,10,10,10,10,10,10,10,10,10,10,91,10,10,10,10,10,10,10,10,10,10,10,10,10,10,201,201,10,10,10,10,10,10,10,10,10,17,,10,10,10,10,10,10,10,10,,,,,,,,,,,,,,,,,,,,,,,,,,,,,,,,,,
10,10,26,,,10,,10,10,10,,56,10,59,,,68,10,10,10,10,10,10,10,10,10,10,10,10,10,91,10,10,10,10,10,10,10,10,10,10,10,10,10,10,,10,10,10,10,10,10,10,10,17,,,56,10,10,10,10,10,10,10,10,,,,,,,,,,,,,,,,,,,,,,,,,,,,,,,,,,
10,10,10,,,10,,,68,10,,,10,,,,10,10,10,10,10,10,10,10,10,10,10,10,10,10,91,10,10,10,10,10,10,10,10,10,10,10,10,10,10,,10,10,10,10,10,10,10,17,,,56,10,10,10,10,10,10,10,10,10,,,,,,,,,,,,,,,,,,,,,,,,,,,,,,,,,,
10,10,10,15,,10,,,10,10,,,51,,,10,10,10,10,10,10,10,10,10,10,10,10,10,,92,91,10,10,10,10,10,10,10,10,10,10,10,10,10,10,200,10,10,10,10,10,10,17,,,56,10,10,10,10,10,10,10,10,10,10,,,,,,,,,,,,,,,,,,,,,,,,,,,,,,,,,,
10,10,10,10,10,10,,,10,10,,,51,,10,10,10,10,10,10,10,10,10,10,10,10,10,10,50,10,10,10,10,10,10,10,10,10,10,10,10,10,10,10,1,,48,10,10,10,10,17,,,56,10,10,10,10,10,10,10,10,10,10,10,,,,,,,,,,,,,,,,,,,,,,,,,,,,,,,,,,
10,10,10,10,10,10,55,,10,10,10,10,10,10,10,10,10,10,10,10,10,10,10,10,10,10,10,10,,10,10,10,10,10,10,10,10,10,10,10,10,10,10,10,10,200,10,10,10,10,17,,,56,10,10,10,10,10,10,10,10,10,10,10,10,,,,,,,,,,,,,,,,,,,,,,,,,,,,,,,,,,
10,10,10,10,10,10,10,52,10,10,10,10,10,10,10,10,10,10,10,10,10,10,10,10,10,10,10,10,,10,10,10,10,10,10,10,10,10,10,10,10,10,10,10,1,,48,10,10,10,,58,56,10,10,10,10,10,10,10,10,10,10,10,10,10,,,,,,,,,,,,,,,,,,,,,,,,,,,,,,,,,,
10,10,10,10,10,10,10,402,,10,10,10,10,10,10,10,10,10,10,10,10,10,10,10,10,10,10,10,428,10,10,10,10,10,10,10,10,10,10,10,10,10,10,10,10,200,10,10,10,10,10,10,10,10,10,10,10,10,10,10,10,10,10,10,10,10,,,,,,,,,,,,,,,,,,,,,,,,,,,,,,,,,,
10,10,10,10,10,10,10,10,,10,10,10,10,10,10,10,10,10,10,10,10,10,10,10,10,10,10,10,,10,10,10,10,10,10,10,10,10,10,10,10,10,10,10,10,,10,10,10,10,10,10,10,10,10,10,10,10,10,10,10,10,10,10,10,10,,,,,,,,,,,,,,,,,,,,,,,,,,,,,,,,,,
10,10,10,10,10,10,10,10,,10,10,10,403,,10,10,10,17,10,10,10,10,10,10,10,10,10,10,50,10,10,10,10,10,10,10,10,10,10,10,10,10,10,10,10,,10,10,10,10,10,10,10,10,10,10,10,10,10,10,10,10,10,10,10,10,,,,,,,,,,,,,,,,,,,,,,,,,,,,,,,,,,
10,10,10,10,10,10,10,10,,10,10,10,,,10,10,18,,10,,10,,10,,10,10,,57,,92,10,10,10,10,10,10,10,10,10,10,10,10,10,10,10,,10,10,10,10,10,10,10,10,10,10,10,10,10,10,10,10,10,10,10,10,,,,,,,,,,,,,,,,,,,,,,,,,,,,,,,,,,
10,10,10,10,10,10,10,10,,10,10,10,55,56,10,17,,56,10,56,10,56,10,56,10,18,,,,92,10,10,10,10,10,10,10,10,10,10,10,10,10,10,10,22,10,10,10,10,10,10,10,10,10,10,10,10,10,10,10,10,10,10,10,10,,,,,,,,,,,,,,,,,,,,,,,,,,,,,,,,,,
10,10,10,10,10,10,10,10,,10,10,401,,,,,,,,,,,,,,,,,,92,10,10,10,10,10,10,10,10,10,10,10,10,,,57,,92,91,10,10,10,10,10,10,10,10,10,10,10,10,10,10,10,10,10,10,,,,,,,,,,,,,,,,,,,,,,,,,,,,,,,,,,
10,10,18,,73,73,73,73,,10,10,10,,56,10,15,,56,10,56,10,56,10,56,10,16,,,,92,10,10,10,10,10,10,10,10,10,10,10,10,,,,,92,10,10,10,10,10,10,10,10,10,10,10,10,10,10,10,10,10,10,10,,,,,,,,,,,,,,,,,,,,,,,,,,,,,,,,,,
10,10,,,10,10,10,10,403,10,10,10,,10,10,10,16,,10,,10,,10,,10,10,,58,,92,10,10,10,10,10,10,10,10,10,10,10,10,,,,,92,10,10,10,10,10,10,10,10,10,10,10,10,10,10,10,10,10,10,10,,,,,,,,,,,,,,,,,,,,,,,,,,,,,,,,,,
10,10,,,10,10,10,10,,92,91,10,402,92,91,10,10,16,2,10,10,10,10,10,10,10,10,10,50,10,10,10,10,10,10,10,10,10,10,10,10,10,,,,,92,91,10,10,10,10,10,10,10,10,10,10,10,10,10,10,10,10,10,10,,,,,,,,,,,,,,,,,,,,,,,,,,,,,,,,,,
10,25,,60,10,10,10,10,55,92,91,10,10,10,91,10,10,10,10,10,10,10,10,10,10,10,10,10,,10,10,10,10,10,10,10,10,10,10,10,10,10,,,,,92,91,10,10,10,10,10,10,10,10,10,10,10,10,10,10,10,10,10,10,,,,,,,,,,,,,,,,,,,,,,,,,,,,,,,,,,
10,25,,,68,10,10,10,55,92,91,91,91,91,91,10,10,10,10,10,10,10,10,10,10,10,10,10,,10,10,10,10,10,10,10,10,10,10,10,10,10,,,,,92,10,10,10,10,10,10,10,10,10,10,10,10,10,10,10,10,10,10,10,,,,,,,,,,,,,,,,,,,,,,,,,,,,,,,,,,
10,25,,60,10,10,10,10,15,92,91,10,10,10,10,10,10,10,10,10,10,10,10,10,10,10,10,10,,10,10,10,10,10,10,10,10,10,10,10,10,10,,,,,92,10,10,10,10,10,10,10,10,10,10,10,10,10,10,10,10,10,10,10,,,,,,,,,,,,,,,,,,,,,,,,,,,,,,,,,,
10,10,,,10,10,10,10,10,10,10,10,10,10,10,10,10,10,10,10,10,10,10,10,10,10,10,10,,10,10,10,10,10,10,10,10,10,10,10,10,10,,58,,,92,91,10,10,10,10,10,10,10,10,10,10,10,10,10,10,10,10,10,10,,,,,,,,,,,,,,,,,,,,,,,,,,,,,,,,,,
10,10,,,,10,10,10,10,10,10,10,10,10,10,10,10,10,10,10,10,10,10,10,10,10,10,10,,10,10,10,10,10,10,10,10,10,10,10,10,10,10,10,22,22,10,10,10,10,10,10,10,10,10,10,10,10,10,10,10,10,10,10,10,10,,,,,,,,,,,,,,,,,,,,,,,,,,,,,,,,,,
10,10,15,,,51,,10,,,,10,,,,10,,,,10,,,,10,,,,10,,10,10,10,10,10,10,10,10,10,10,10,10,10,10,10,,,10,10,10,10,10,10,10,10,10,10,10,10,10,10,10,10,10,10,10,10,,,,,,,,,,,,,,,,,,,,,,,,,,,,,,,,,,
10,10,10,10,10,10,50,10,50,10,50,10,50,10,50,10,50,10,50,10,50,10,50,10,50,10,50,10,50,10,10,10,10,10,10,10,10,10,10,10,10,10,10,10,59,,3,10,10,10,10,10,10,10,10,10,10,10,10,10,10,10,10,10,10,10,,,,,,,,,,,,,,,,,,,,,,,,,,,,,,,,,,
10,10,10,10,10,10,,,,10,,,,10,,,,10,,,,10,,,,10,,,,10,10,10,10,10,10,10,10,10,10,10,10,10,10,10,,,10,10,10,10,10,10,10,10,10,10,10,10,10,10,10,10,10,10,10,10,,,,,,,,,,,,,,,,,,,,,,,,,,,,,,,,,,
10,10,10,10,10,10,10,10,10,10,10,10,10,10,10,10,10,10,10,10,10,10,10,10,10,10,10,10,10,10,10,10,10,10,10,10,10,10,10,10,10,10,10,10,22,22,10,10,10,10,10,10,10,10,10,10,10,10,10,10,10,10,10,10,10,10,,,,,,,,,,,,,,,,,,,,,,,,,,,,,,,,,,
10,10,10,10,10,10,10,10,10,10,10,10,10,10,10,10,10,10,10,10,10,10,10,10,10,10,10,10,10,10,10,10,10,10,10,10,10,10,10,10,10,10,10,10,10,10,10,10,10,10,10,10,10,10,10,10,10,10,10,10,10,10,10,10,10,10,,,,,,,,,,,,,,,,,,,,,,,,,,,,,,,,,,
10,10,10,10,10,10,10,10,10,10,10,10,10,10,10,10,10,10,10,10,10,10,10,10,10,10,10,10,10,10,10,10,10,10,10,10,10,10,10,10,10,10,10,10,10,10,10,10,10,10,10,10,10,10,10,10,10,10,10,10,10,10,10,10,10,10,,,,,,,,,,,,,,,,,,,,,,,,,,,,,,,,,,
10,10,10,10,10,10,10,10,10,10,10,10,10,10,10,10,10,10,10,10,10,10,10,10,10,10,10,10,10,10,10,10,10,10,10,10,10,10,10,10,10,10,10,10,10,10,10,10,10,10,10,10,10,10,10,10,10,10,10,10,10,10,10,10,10,10,,,,,,,,,,,,,,,,,,,,,,,,,,,,,,,,,,
10,10,10,10,10,10,10,10,10,10,10,10,10,10,10,10,10,10,10,10,10,10,10,10,10,10,10,10,10,10,10,10,10,10,10,10,10,10,10,10,10,10,10,10,10,10,10,10,10,10,10,10,10,10,10,10,10,10,10,10,10,10,10,10,10,10,,,,,,,,,,,,,,,,,,,,,,,,,,,,,,,,,,
10,10,10,10,10,10,10,10,10,10,10,10,10,10,10,10,10,10,10,10,10,10,10,10,10,10,10,10,10,10,10,10,10,10,10,10,10,10,10,10,10,10,10,10,10,10,10,10,10,10,10,10,10,10,10,10,10,10,10,10,10,10,10,10,10,10,,,,,,,,,,,,,,,,,,,,,,,,,,,,,,,,,,
10,10,10,10,10,10,10,10,10,10,10,10,10,10,10,10,10,10,10,10,10,10,10,10,10,10,10,10,10,10,10,10,10,10,10,10,10,10,10,10,10,10,10,10,10,10,10,10,10,10,10,10,10,10,10,10,10,10,10,10,10,10,10,10,10,10,,,,,,,,,,,,,,,,,,,,,,,,,,,,,,,,,,
10,10,10,10,10,10,10,10,10,10,10,10,10,10,10,10,10,10,10,10,10,10,10,10,10,10,10,10,10,10,10,10,10,10,10,10,10,10,10,10,10,10,10,10,10,10,10,10,10,10,10,10,10,10,10,10,10,10,10,10,10,10,10,10,10,10,,,,,,,,,,,,,,,,,,,,,,,,,,,,,,,,,,
10,10,10,10,10,10,10,10,10,10,10,10,10,10,10,10,10,10,10,10,10,10,10,10,10,10,10,10,10,10,10,10,10,10,10,10,10,10,10,10,10,10,10,10,10,10,10,10,10,10,10,10,10,10,10,10,10,10,10,10,10,10,10,10,10,10,,,,,,,,,,,,,,,,,,,,,,,,,,,,,,,,,,
BigDecor: 
,,,,,,,,,,,,,,,,,,,,,,,,,,,,,,,,,,,,,,,,,,,,,,,,,,,,,,,,,,,,,,,,,,,,,,,,,,,,,,,,,,,,,,,,,,,,,,,,,,,
,,,,,,,,,,,,,,,,,,,,,,,,,,,,,,,,,,,,,,,,,,,,,,,,,,,,,,,,,,,,,,,,,,,,,,,,,,,,,,,,,,,,,,,,,,,,,,,,,,,
,,,,,,,,,,,,,,,,,,,,,,,,,,,,,,,,,,,,,,,,,,,,,,,,,,,,,,,,,,,,,,,,,,,,,,,,,,,,,,,,,,,,,,,,,,,,,,,,,,,
,,,,,,,,,,,,,,,,,,,,,,,,,,,,,,,,,,,,,,,,,,,,,,,,,,,,,,,,,,,,,,,,,,,,,,,,,,,,,,,,,,,,,,,,,,,,,,,,,,,
,,,,,,,,,,,,,,,,,,,,,,,,,,,,,,,,,,,,,,,,,,,,,,,,,,,,,,,,,,,,,,,,,,,,,,,,,,,,,,,,,,,,,,,,,,,,,,,,,,,
,,,,,,,,,,,,,,,,,,,,,,,,,,,,,,,,,,,,,,,,,,,,,,,,,,,,,,,,,,,,,,,,,,,,,,,,,,,,,,,,,,,,,,,,,,,,,,,,,,,
,,,,,,,,,,,,,,,,,,,,,,,,,,,,,,,,,,,,,,,,,,,,,,,,,,,,,,,,,,,,,,,,,,,,,,,,,,,,,,,,,,,,,,,,,,,,,,,,,,,
,,,,,,,,,,,,,,,,,,,,,,,,,,,,,,,,,,,,,,,,,,,,,,,,,,,,,,,,,,,,,,,,,,,,,,,,,,,,,,,,,,,,,,,,,,,,,,,,,,,
,,,,,,,,,,,,,,,,,,,,,,,,,,,,,,,,,,,,,,,,,,,,,,,,,,,,,,,,,,,,,,,,,,,,,,,,,,,,,,,,,,,,,,,,,,,,,,,,,,,
,,,,,,,,,,,,,,,,,,,,,,,,,,,,,,,,,,,,,,,,,,,,,,,,,,,,,,,,,,,,,,,,,,,,,,,,,,,,,,,,,,,,,,,,,,,,,,,,,,,
,,,,,,,,,,,,,,,,,,,,,,,,,,,,,,,,,,,,,,,,,,,,,,,,,,,,,,,,,,,,,,,,,,,,,,,,,,,,,,,,,,,,,,,,,,,,,,,,,,,
,,,,,,,,,,,,,,,,,,,,,,,,,,,,,,,,,,,,,,,,,,,,,,,,,,,,,,,,,,,,,,,,,,,,,,,,,,,,,,,,,,,,,,,,,,,,,,,,,,,
,,,,,,,,,,,,,,,,,,,,,,,,,,,,,,,,,,,,,,,,,,,,,,,,,,,,,,,,,,,,,,,,,,,,,,,,,,,,,,,,,,,,,,,,,,,,,,,,,,,
,,,,,,,,,,,,,,,,,,,,,,,,,,,,,,,,,,,,,,,,,,,,,,,,,,,,,,,,,,,,,,,,,,,,,,,,,,,,,,,,,,,,,,,,,,,,,,,,,,,
,,,,,,,,,,,,,,,,,,,,,,,,,,,,,,,,,,,,,,,,,,,,,,,,,,,,,,,,,,,,,,,,,,,,,,,,,,,,,,,,,,,,,,,,,,,,,,,,,,,
,,,,,,,,,,,,,,,,,,,,,,,,,,,,,,,,,,,,,,,,,,,,,,,,,,,,,,,,,,,,,,,,,,,,,,,,,,,,,,,,,,,,,,,,,,,,,,,,,,,
,,,,,,,,,,,,,,,,,,,,,,,,,,,,,,,,,,,,,,,,,,,,,,,,,,,,,,,,,,,,,,,,,,,,,,,,,,,,,,,,,,,,,,,,,,,,,,,,,,,
,,,,,,,,,,,,,,,,,,,,,,,,,,,,,,,,,,,,,,,,,,,,,,,,,,,,,,,,,,,,,,,,,,,,,,,,,,,,,,,,,,,,,,,,,,,,,,,,,,,
,,,,,,,,,,,,,,,,,,,,,,,,,,,,,,,,,,,,,,,,,,,,,,,,,,,,,,,,,,,,,,,,,,,,,,,,,,,,,,,,,,,,,,,,,,,,,,,,,,,
,,,,,,,,,,,,,,,,,,,,,,,,,,,,,,,,,,,,,,,,,,,,,,,,,,,,,,,,,,,,,,,,,,,,,,,,,,,,,,,,,,,,,,,,,,,,,,,,,,,
,,,,,,,,,,,,,,,,,,,,,,,,,,,,,,,,,,,,,,,,,,,,,,,,,,,,,,,,,,,,,,,,,,,,,,,,,,,,,,,,,,,,,,,,,,,,,,,,,,,
,,,,,,,,,,,,,,,,,,,,,,,,,,,,,,,,,,,,,,,,,,,,,,,,,,,,,,,,,,,,,,,,,,,,,,,,,,,,,,,,,,,,,,,,,,,,,,,,,,,
,,,,,,,,,,,,,,,,,,,,,,,,,,,,,,,,,,,,,,,,,,,,,,,,,,,,,,,,,,,,,,,,,,,,,,,,,,,,,,,,,,,,,,,,,,,,,,,,,,,
,,,,,,,,,,,,,,,,,,,,,,,,,,,,,,,,,,,,,,,,,,,,,,,,,,,,,,,,,,,,,,,,,,,,,,,,,,,,,,,,,,,,,,,,,,,,,,,,,,,
,,,,,,,,,,,,,,,,,,,,,,,,,,,,,,,,,,,,,,,,,,,,,,,,,,,,,,,,,,,,,,,,,,,,,,,,,,,,,,,,,,,,,,,,,,,,,,,,,,,
,,,,,,,,,,,,,,,,,,,,,,,,,,,,,,,,,,,,,,,,,,,,,,,,,,,,,,,,,,,,,,,,,,,,,,,,,,,,,,,,,,,,,,,,,,,,,,,,,,,
,,,,,,,,,,,,,,,,,,,,,,,,,,,,,,,,,,,,,,,,,,,,,,,,,,,,,,,,,,,,,,,,,,,,,,,,,,,,,,,,,,,,,,,,,,,,,,,,,,,
,,,,,,,,,,,,,,,,,,,,,,,,,,,,,,,,,,,,,,,,,,,,,,,,,,,,,,,,,,,,,,,,,,,,,,,,,,,,,,,,,,,,,,,,,,,,,,,,,,,
,,,,,,,,,,,,,,,,,,,,,,,,,,,,,,,,,,,,,,,,,,,,,,,,,,,,,,,,,,,,,,,,,,,,,,,,,,,,,,,,,,,,,,,,,,,,,,,,,,,
,,,,,,,,,,,,,,,,,,,,,,,,,,,,,,,,,,,,,,,,,,,,,,,,,,,,,,,,,,,,,,,,,,,,,,,,,,,,,,,,,,,,,,,,,,,,,,,,,,,
,,,,,,,,,,,,,,,,,,,,,,,,,,,,,,,,,,,,,,,,,,,,,,,,,,,,,,,,,,,,,,,,,,,,,,,,,,,,,,,,,,,,,,,,,,,,,,,,,,,
,,,,,,,,,,,,,,,,,,,,,,,,,,,,,,,,,,,,,,,,,,,,,,,,,,,,,,,,,,,,,,,,,,,,,,,,,,,,,,,,,,,,,,,,,,,,,,,,,,,
,,,,,,,,,,,,,,,,,,,,,,,,,,,,,,,,,,,,,,,,,,,,,,,,,,,,,,,,,,,,,,,,,,,,,,,,,,,,,,,,,,,,,,,,,,,,,,,,,,,
,,,,,,,,,,,,,,,,,,,,,,,,,,,,,,,,,,,,,,,,,,,,,,,,,,,,,,,,,,,,,,,,,,,,,,,,,,,,,,,,,,,,,,,,,,,,,,,,,,,
,,,,,,,,,,,,,,,,,,,,,,,,,,,,,,,,,,,,,,,,,,,,,,,,,,,,,,,,,,,,,,,,,,,,,,,,,,,,,,,,,,,,,,,,,,,,,,,,,,,
,,,,,,,,,,,,,,,,,,,,,,,,,,,,,,,,,,,,,,,,,,,,,,,,,,,,,,,,,,,,,,,,,,,,,,,,,,,,,,,,,,,,,,,,,,,,,,,,,,,
,,,,,,,,,,,,,,,,,,,,,,,,,,,,,,,,,,,,,,,,,,,,,,,,,,,,,,,,,,,,,,,,,,,,,,,,,,,,,,,,,,,,,,,,,,,,,,,,,,,
,,,,,,,,,,,,,,,,,,,,,,,,,,,,,,,,,,,,,,,,,,,,,,,,,,,,,,,,,,,,,,,,,,,,,,,,,,,,,,,,,,,,,,,,,,,,,,,,,,,
,,,,,,,,,,,,,,,,,,,,,,,,,,,,,,,,,,,,,,,,,,,,,,,,,,,,,,,,,,,,,,,,,,,,,,,,,,,,,,,,,,,,,,,,,,,,,,,,,,,
,,,,,,,,,,,,,,,,,,,,,,,,,,,,,,,,,,,,,,,,,,,,,,,,,,,,,,,,,,,,,,,,,,,,,,,,,,,,,,,,,,,,,,,,,,,,,,,,,,,
,,,,,,,,,,,,,,,,,,,,,,,,,,,,,,,,,,,,,,,,,,,,,,,,,,,,,,,,,,,,,,,,,,,,,,,,,,,,,,,,,,,,,,,,,,,,,,,,,,,
,,,,,,,,,,,,,,,,,,,,,,,,,,,,,,,,,,,,,,,,,,,,,,,,,,,,,,,,,,,,,,,,,,,,,,,,,,,,,,,,,,,,,,,,,,,,,,,,,,,
,,,,,,,,,,,,,,,,,,,,,,,,,,,,,,,,,,,,,,,,,,,,,,,,,,,,,,,,,,,,,,,,,,,,,,,,,,,,,,,,,,,,,,,,,,,,,,,,,,,
,,,,,,,,,,,,,,,,,,,,,,,,,,,,,,,,,,,,,,,,,,,,,,,,,,,,,,,,,,,,,,,,,,,,,,,,,,,,,,,,,,,,,,,,,,,,,,,,,,,
,,,,,,,,,,,,,,,,,,,,,,,,,,,,,,,,,,,,,,,,,,,,,,,,,,,,,,,,,,,,,,,,,,,,,,,,,,,,,,,,,,,,,,,,,,,,,,,,,,,
,,,,,,,,,,,,,,,,,,,,,,,,,,,,,,,,,,,,,,,,,,,,,,,,,,,,,,,,,,,,,,,,,,,,,,,,,,,,,,,,,,,,,,,,,,,,,,,,,,,
,,,,,,,,,,,,,,,,,,,,,,,,,,,,,,,,,,,,,,,,,,,,,,,,,,,,,,,,,,,,,,,,,,,,,,,,,,,,,,,,,,,,,,,,,,,,,,,,,,,
,,,,,,,,,,,,,,,,,,,,,,,,,,,,,,,,,,,,,,,,,,,,,,,,,,,,,,,,,,,,,,,,,,,,,,,,,,,,,,,,,,,,,,,,,,,,,,,,,,,
,,,,,,,,,,,,,,,,,,,,,,,,,,,,,,,,,,,,,,,,,,,,,,,,,,,,,,,,,,,,,,,,,,,,,,,,,,,,,,,,,,,,,,,,,,,,,,,,,,,
,,,,,,,,,,,,,,,,,,,,,,,,,,,,,,,,,,,,,,,,,,,,,,,,,,,,,,,,,,,,,,,,,,,,,,,,,,,,,,,,,,,,,,,,,,,,,,,,,,,
,,,,,,,,,,,,,,,,,,,,,,,,,,,,,,,,,,,,,,,,,,,,,,,,,,,,,,,,,,,,,,,,,,,,,,,,,,,,,,,,,,,,,,,,,,,,,,,,,,,
,,,,,,,,,,,,,,,,,,,,,,,,,,,,,,,,,,,,,,,,,,,,,,,,,,,,,,,,,,,,,,,,,,,,,,,,,,,,,,,,,,,,,,,,,,,,,,,,,,,
,,,,,,,,,,,,,,,,,,,,,,,,,,,,,,,,,,,,,,,,,,,,,,,,,,,,,,,,,,,,,,,,,,,,,,,,,,,,,,,,,,,,,,,,,,,,,,,,,,,
,,,,,,,,,,,,,,,,,,,,,,,,,,,,,,,,,,,,,,,,,,,,,,,,,,,,,,,,,,,,,,,,,,,,,,,,,,,,,,,,,,,,,,,,,,,,,,,,,,,
,,,,,,,,,,,,,,,,,,,,,,,,,,,,,,,,,,,,,,,,,,,,,,,,,,,,,,,,,,,,,,,,,,,,,,,,,,,,,,,,,,,,,,,,,,,,,,,,,,,
,,,,,,,,,,,,,,,,,,,,,,,,,,,,,,,,,,,,,,,,,,,,,,,,,,,,,,,,,,,,,,,,,,,,,,,,,,,,,,,,,,,,,,,,,,,,,,,,,,,
,,,,,,,,,,,,,,,,,,,,,,,,,,,,,,,,,,,,,,,,,,,,,,,,,,,,,,,,,,,,,,,,,,,,,,,,,,,,,,,,,,,,,,,,,,,,,,,,,,,
,,,,,,,,,,,,,,,,,,,,,,,,,,,,,,,,,,,,,,,,,,,,,,,,,,,,,,,,,,,,,,,,,,,,,,,,,,,,,,,,,,,,,,,,,,,,,,,,,,,
,,,,,,,,,,,,,,,,,,,,,,,,,,,,,,,,,,,,,,,,,,,,,,,,,,,,,,,,,,,,,,,,,,,,,,,,,,,,,,,,,,,,,,,,,,,,,,,,,,,
,,,,,,,,,,,,,,,,,,,,,,,,,,,,,,,,,,,,,,,,,,,,,,,,,,,,,,,,,,,,,,,,,,,,,,,,,,,,,,,,,,,,,,,,,,,,,,,,,,,
,,,,,,,,,,,,,,,,,,,,,,,,,,,,,,,,,,,,,,,,,,,,,,,,,,,,,,,,,,,,,,,,,,,,,,,,,,,,,,,,,,,,,,,,,,,,,,,,,,,
,,,,,,,,,,,,,,,,,,,,,,,,,,,,,,,,,,,,,,,,,,,,,,,,,,,,,,,,,,,,,,,,,,,,,,,,,,,,,,,,,,,,,,,,,,,,,,,,,,,
,,,,,,,,,,,,,,,,,,,,,,,,,,,,,,,,,,,,,,,,,,,,,,,,,,,,,,,,,,,,,,,,,,,,,,,,,,,,,,,,,,,,,,,,,,,,,,,,,,,
,,,,,,,,,,,,,,,,,,,,,,,,,,,,,,,,,,,,,,,,,,,,,,,,,,,,,,,,,,,,,,,,,,,,,,,,,,,,,,,,,,,,,,,,,,,,,,,,,,,
,,,,,,,,,,,,,,,,,,,,,,,,,,,,,,,,,,,,,,,,,,,,,,,,,,,,,,,,,,,,,,,,,,,,,,,,,,,,,,,,,,,,,,,,,,,,,,,,,,,
,,,,,,,,,,,,,,,,,,,,,,,,,,,,,,,,,,,,,,,,,,,,,,,,,,,,,,,,,,,,,,,,,,,,,,,,,,,,,,,,,,,,,,,,,,,,,,,,,,,
,,,,,,,,,,,,,,,,,,,,,,,,,,,,,,,,,,,,,,,,,,,,,,,,,,,,,,,,,,,,,,,,,,,,,,,,,,,,,,,,,,,,,,,,,,,,,,,,,,,
,,,,,,,,,,,,,,,,,,,,,,,,,,,,,,,,,,,,,,,,,,,,,,,,,,,,,,,,,,,,,,,,,,,,,,,,,,,,,,,,,,,,,,,,,,,,,,,,,,,
,,,,,,,,,,,,,,,,,,,,,,,,,,,,,,,,,,,,,,,,,,,,,,,,,,,,,,,,,,,,,,,,,,,,,,,,,,,,,,,,,,,,,,,,,,,,,,,,,,,
,,,,,,,,,,,,,,,,,,,,,,,,,,,,,,,,,,,,,,,,,,,,,,,,,,,,,,,,,,,,,,,,,,,,,,,,,,,,,,,,,,,,,,,,,,,,,,,,,,,
,,,,,,,,,,,,,,,,,,,,,,,,,,,,,,,,,,,,,,,,,,,,,,,,,,,,,,,,,,,,,,,,,,,,,,,,,,,,,,,,,,,,,,,,,,,,,,,,,,,
,,,,,,,,,,,,,,,,,,,,,,,,,,,,,,,,,,,,,,,,,,,,,,,,,,,,,,,,,,,,,,,,,,,,,,,,,,,,,,,,,,,,,,,,,,,,,,,,,,,
,,,,,,,,,,,,,,,,,,,,,,,,,,,,,,,,,,,,,,,,,,,,,,,,,,,,,,,,,,,,,,,,,,,,,,,,,,,,,,,,,,,,,,,,,,,,,,,,,,,
,,,,,,,,,,,,,,,,,,,,,,,,,,,,,,,,,,,,,,,,,,,,,,,,,,,,,,,,,,,,,,,,,,,,,,,,,,,,,,,,,,,,,,,,,,,,,,,,,,,
,,,,,,,,,,,,,,,,,,,,,,,,,,,,,,,,,,,,,,,,,,,,,,,,,,,,,,,,,,,,,,,,,,,,,,,,,,,,,,,,,,,,,,,,,,,,,,,,,,,
,,,,,,,,,,,,,,,,,,,,,,,,,,,,,,,,,,,,,,,,,,,,,,,,,,,,,,,,,,,,,,,,,,,,,,,,,,,,,,,,,,,,,,,,,,,,,,,,,,,
,,,,,,,,,,,,,,,,,,,,,,,,,,,,,,,,,,,,,,,,,,,,,,,,,,,,,,,,,,,,,,,,,,,,,,,,,,,,,,,,,,,,,,,,,,,,,,,,,,,
,,,,,,,,,,,,,,,,,,,,,,,,,,,,,,,,,,,,,,,,,,,,,,,,,,,,,,,,,,,,,,,,,,,,,,,,,,,,,,,,,,,,,,,,,,,,,,,,,,,
,,,,,,,,,,,,,,,,,,,,,,,,,,,,,,,,,,,,,,,,,,,,,,,,,,,,,,,,,,,,,,,,,,,,,,,,,,,,,,,,,,,,,,,,,,,,,,,,,,,
,,,,,,,,,,,,,,,,,,,,,,,,,,,,,,,,,,,,,,,,,,,,,,,,,,,,,,,,,,,,,,,,,,,,,,,,,,,,,,,,,,,,,,,,,,,,,,,,,,,
,,,,,,,,,,,,,,,,,,,,,,,,,,,,,,,,,,,,,,,,,,,,,,203,,,,,,,,,,,,,,,,,,,,,,,,,,,,,,,,,,,,,,,,,,,,,,,,,,,,,
,,,,,,,,,,,,,,,,,,,,,,,,,,,,,,,,,,,,,,,,,,,,,,,,,,,,,,,,,,,,,,,,,,,,,,,,,,,,,,,,,,,,,,,,,,,,,,,,,,,
,,,,,,,,,,203,,,,203,,,,,,,,,,,,,,,,,,,,,,,,,,,,,,,,,,,,,,,,,,,,,,,,,,,,,,,,,,,,,,,,,,,,,,,,,,,,,,,,,,,,,
,,,,,,,,,,,,,,203,,,,,,,,,,,,,,,,,,,,,,,,,,,,,,,,,203,,,,,,,,,,,,,,,,,,,,,,,,,,,,,,,,,,,,,,,,,,,,,,,,,,,,
,,,,,,,,,,,,,,,,,,,,,,,,,,,,,,,,,,,,,,,,,,,,,,,,,,,,,,,,,,,,,,,,,,,,,,,,,,,,,,,,,,,,,,,,,,,,,,,,,,,
,,,,,,,,,,203,,,,,,,,,,,,,,,,,,,,,,,,,,,,,,,,,,,,203,,,,,,,,,,,,,,,,,,,,,,,,,,,,,,,,,,,,,,,,,,,,,,,,,,,,,
,,,,,,,,,,,,,,,,,,,,,,,,,,,,,,,,,,,,,,,,,,,,,,,,,,,,,,,,,,,,,,,,,,,,,,,,,,,,,,,,,,,,,,,,,,,,,,,,,,,
,,,,,,,,,,,,,,,,,,,,,,,,,,,,,,,,,,,,,,,,,,,,,,,,,,,,,,,,,,,,,,,,,,,,,,,,,,,,,,,,,,,,,,,,,,,,,,,,,,,
,,,,,,,,,,,,,,,,,,,,,,,,,,,,,,,,,,,,,,,,,,,,,,,,,,,,,,,,,,,,,,,,,,,,,,,,,,,,,,,,,,,,,,,,,,,,,,,,,,,
,,,,,,,,,,,,,,,,,,,,,,,,,,,,,,,,,,,,,,,,,,,,,,,,,,,,,,,,,,,,,,,,,,,,,,,,,,,,,,,,,,,,,,,,,,,,,,,,,,,
,,,,,,,,,,,,,,,,,,,,,,,,,,,,,,,,,,,,,,,,,,,,,,,,,,,,,,,,,,,,,,,,,,,,,,,,,,,,,,,,,,,,,,,,,,,,,,,,,,,
,,,,,,,,,,,,,,,,,,,,,,,,,,,,,,,,,,,,,,,,,,,,,,,,,,,,,,,,,,,,,,,,,,,,,,,,,,,,,,,,,,,,,,,,,,,,,,,,,,,
,,,,,,,,,,,,,,,,,,,,,,,,,,,,,,,,,,,,,,,,,,,,,,,,,,,,,,,,,,,,,,,,,,,,,,,,,,,,,,,,,,,,,,,,,,,,,,,,,,,
,,,,,,,,,,,,,,,,,,,,,,,,,,,,,,,,,,,,,,,,,,,,,,,,,,,,,,,,,,,,,,,,,,,,,,,,,,,,,,,,,,,,,,,,,,,,,,,,,,,
,,,,,,,,,,,,,,,,,,,,,,,,,,,,,,,,,,,,,,,,,,,,,,,,,,,,,,,,,,,,,,,,,,,,,,,,,,,,,,,,,,,,,,,,,,,,,,,,,,,
,,,,,,,,,,,,,,,,,,,,,,,,,,,,,,,,,,,,,,,,,,,,,,,,,,,,,,,,,,,,,,,,,,,,,,,,,,,,,,,,,,,,,,,,,,,,,,,,,,,
,,,,,,,,,,,,,,,,,,,,,,,,,,,,,,,,,,,,,,,,,,,,,,,,,,,,,,,,,,,,,,,,,,,,,,,,,,,,,,,,,,,,,,,,,,,,,,,,,,,
,,,,,,,,,,,,,,,,,,,,,,,,,,,,,,,,,,,,,,,,,,,,,,,,,,,,,,,,,,,,,,,,,,,,,,,,,,,,,,,,,,,,,,,,,,,,,,,,,,,
,,,,,,,,,,,,,,,,,,,,,,,,,,,,,,,,,,,,,,,,,,,,,,,,,,,,,,,,,,,,,,,,,,,,,,,,,,,,,,,,,,,,,,,,,,,,,,,,,,,
,,,,,,,,,,,,,,,,,,,,,,,,,,,,,,,,,,,,,,,,,,,,,,,,,,,,,,,,,,,,,,,,,,,,,,,,,,,,,,,,,,,,,,,,,,,,,,,,,,,
MoveObject: type=3 stepAdvance=1 stepRecede=1 timeStopStart=0 timeStopEnd=0 posStart=2562;320 posEnd=2562;320 posCurrent=2562;320 step=1 time=0 phase=151 channel=10 icon=51 
MoveObject: type=96 stepAdvance=1 stepRecede=1 timeStopStart=0 timeStopEnd=0 posStart=2624;128 posEnd=2624;128 posCurrent=2624;128 step=1 time=0 phase=151 channel=10 icon=261 
MoveObject: type=96 stepAdvance=1 stepRecede=1 timeStopStart=0 timeStopEnd=0 posStart=2624;64 posEnd=2624;64 posCurrent=2624;64 step=1 time=0 phase=151 channel=10 icon=261 
MoveObject: type=96 stepAdvance=1 stepRecede=1 timeStopStart=0 timeStopEnd=0 posStart=2944;128 posEnd=2944;128 posCurrent=2944;128 step=1 time=0 phase=151 channel=10 icon=261 
MoveObject: type=96 stepAdvance=1 stepRecede=1 timeStopStart=0 timeStopEnd=0 posStart=2944;256 posEnd=2944;256 posCurrent=2944;256 step=1 time=0 phase=151 channel=10 icon=261 
MoveObject: type=3 stepAdvance=1 stepRecede=1 timeStopStart=0 timeStopEnd=0 posStart=4290;512 posEnd=4290;512 posCurrent=4290;512 step=1 time=0 phase=151 channel=10 icon=51 
MoveObject: type=3 stepAdvance=1 stepRecede=1 timeStopStart=0 timeStopEnd=0 posStart=4354;640 posEnd=4354;640 posCurrent=4354;640 step=1 time=0 phase=151 channel=10 icon=51 
MoveObject: type=3 stepAdvance=1 stepRecede=1 timeStopStart=0 timeStopEnd=0 posStart=4418;640 posEnd=4418;640 posCurrent=4418;640 step=1 time=0 phase=151 channel=10 icon=51 
MoveObject: type=3 stepAdvance=1 stepRecede=1 timeStopStart=0 timeStopEnd=0 posStart=4546;640 posEnd=4546;640 posCurrent=4546;640 step=1 time=0 phase=151 channel=10 icon=51 
MoveObject: type=2 stepAdvance=1 stepRecede=1 timeStopStart=0 timeStopEnd=0 posStart=4802;516 posEnd=4802;516 posCurrent=4802;516 step=1 time=0 phase=151 channel=10 icon=15 
MoveObject: type=2 stepAdvance=1 stepRecede=1 timeStopStart=0 timeStopEnd=0 posStart=4866;516 posEnd=4866;516 posCurrent=4866;516 step=1 time=0 phase=151 channel=10 icon=15 
MoveObject: type=2 stepAdvance=1 stepRecede=1 timeStopStart=0 timeStopEnd=0 posStart=4930;516 posEnd=4930;516 posCurrent=4930;516 step=1 time=0 phase=151 channel=10 icon=15 
MoveObject: type=2 stepAdvance=1 stepRecede=1 timeStopStart=0 timeStopEnd=0 posStart=4994;516 posEnd=4994;516 posCurrent=4994;516 step=1 time=0 phase=151 channel=10 icon=15 
MoveObject: type=2 stepAdvance=1 stepRecede=1 timeStopStart=0 timeStopEnd=0 posStart=5058;516 posEnd=5058;516 posCurrent=5058;516 step=1 time=0 phase=151 channel=10 icon=15 
MoveObject: type=6 stepAdvance=1 stepRecede=1 timeStopStart=0 timeStopEnd=0 posStart=4866;840 posEnd=4866;840 posCurrent=4866;840 step=1 time=0 phase=151 channel=10 icon=26 
MoveObject: type=6 stepAdvance=1 stepRecede=1 timeStopStart=0 timeStopEnd=0 posStart=4930;840 posEnd=4930;840 posCurrent=4930;840 step=1 time=0 phase=151 channel=10 icon=26 
MoveObject: type=40 stepAdvance=1 stepRecede=1 timeStopStart=0 timeStopEnd=0 posStart=5634;1416 posEnd=5634;1416 posCurrent=5634;1416 step=1 time=0 phase=151 channel=10 icon=192 
MoveObject: type=6 stepAdvance=1 stepRecede=1 timeStopStart=0 timeStopEnd=0 posStart=1986;2696 posEnd=1986;2696 posCurrent=1986;2696 step=1 time=0 phase=151 channel=10 icon=26 
MoveObject: type=6 stepAdvance=1 stepRecede=1 timeStopStart=0 timeStopEnd=0 posStart=2050;2696 posEnd=2050;2696 posCurrent=2050;2696 step=1 time=0 phase=151 channel=10 icon=26 
MoveObject: type=96 stepAdvance=1 stepRecede=1 timeStopStart=0 timeStopEnd=0 posStart=2944;192 posEnd=2944;192 posCurrent=2944;192 step=1 time=0 phase=151 channel=10 icon=261 
MoveObject: type=96 stepAdvance=1 stepRecede=1 timeStopStart=0 timeStopEnd=0 posStart=3008;192 posEnd=3008;192 posCurrent=3008;192 step=1 time=0 phase=151 channel=10 icon=261 
MoveObject: type=3 stepAdvance=1 stepRecede=1 timeStopStart=0 timeStopEnd=0 posStart=3202;576 posEnd=3202;576 posCurrent=3202;576 step=1 time=0 phase=151 channel=10 icon=51 
MoveObject: type=6 stepAdvance=1 stepRecede=1 timeStopStart=0 timeStopEnd=0 posStart=2178;2696 posEnd=2178;2696 posCurrent=2178;2696 step=1 time=0 phase=151 channel=10 icon=26 
MoveObject: type=16 stepAdvance=20 stepRecede=20 timeStopStart=0 timeStopEnd=0 posStart=1472;192 posEnd=1472;320 posCurrent=1472;307 step=2 time=18 phase=151 channel=10 icon=75 
MoveObject: type=16 stepAdvance=10 stepRecede=10 timeStopStart=0 timeStopEnd=0 posStart=1152;448 posEnd=1216;448 posCurrent=1190;448 step=2 time=6 phase=151 channel=10 icon=75 
MoveObject: type=16 stepAdvance=30 stepRecede=30 timeStopStart=0 timeStopEnd=0 posStart=1472;960 posEnd=1472;1152 posCurrent=1472;1100 step=2 time=22 phase=151 channel=10 icon=75 
MoveObject: type=17 stepAdvance=45 stepRecede=45 timeStopStart=47 timeStopEnd=47 posStart=1792;1536 posEnd=1856;1728 posCurrent=1844;1690 step=4 time=9 phase=151 channel=10 icon=82 
MoveObject: type=17 stepAdvance=45 stepRecede=45 timeStopStart=47 timeStopEnd=47 posStart=2112;1728 posEnd=2048;1536 posCurrent=2060;1574 step=4 time=9 phase=151 channel=10 icon=79 
MoveObject: type=17 stepAdvance=30 stepRecede=30 timeStopStart=47 timeStopEnd=47 posStart=1984;1728 posEnd=2112;1600 posCurrent=2010;1702 step=4 time=24 phase=151 channel=10 icon=82 
MoveObject: type=17 stepAdvance=15 stepRecede=15 timeStopStart=47 timeStopEnd=47 posStart=1792;1728 posEnd=1792;1664 posCurrent=1792;1728 step=1 time=23 phase=151 channel=10 icon=85 
MoveObject: type=17 stepAdvance=15 stepRecede=15 timeStopStart=47 timeStopEnd=47 posStart=1856;1600 posEnd=1792;1600 posCurrent=1856;1600 step=1 time=23 phase=151 channel=10 icon=87 
MoveObject: type=17 stepAdvance=45 stepRecede=45 timeStopStart=47 timeStopEnd=47 posStart=1984;1536 posEnd=2048;1728 posCurrent=2036;1690 step=4 time=9 phase=151 channel=10 icon=82 
MoveObject: type=17 stepAdvance=30 stepRecede=30 timeStopStart=47 timeStopEnd=47 posStart=2112;1536 posEnd=1984;1664 posCurrent=2086;1562 step=4 time=24 phase=151 channel=10 icon=79 
MoveObject: type=17 stepAdvance=30 stepRecede=30 timeStopStart=47 timeStopEnd=47 posStart=1856;1536 posEnd=1856;1664 posCurrent=1856;1562 step=4 time=24 phase=151 channel=10 icon=82 
MoveObject: type=17 stepAdvance=30 stepRecede=30 timeStopStart=47 timeStopEnd=47 posStart=1984;1600 posEnd=2112;1664 posCurrent=2010;1613 step=4 time=24 phase=151 channel=10 icon=82 
MoveObject: type=49 stepAdvance=1 stepRecede=1 timeStopStart=0 timeStopEnd=0 posStart=1922;1732 posEnd=1922;1732 posCurrent=1922;1732 step=1 time=0 phase=151 channel=10 icon=211 
MoveObject: type=16 stepAdvance=50 stepRecede=50 timeStopStart=0 timeStopEnd=0 posStart=1600;256 posEnd=1920;256 posCurrent=1894;256 step=2 time=46 phase=151 channel=10 icon=75 
MoveObject: type=6 stepAdvance=1 stepRecede=1 timeStopStart=0 timeStopEnd=0 posStart=1410;200 posEnd=1410;200 posCurrent=1410;200 step=1 time=0 phase=151 channel=10 icon=26 
MoveObject: type=1 stepAdvance=60 stepRecede=60 timeStopStart=3 timeStopEnd=3 posStart=2560;1024 posEnd=2560;384 posCurrent=2560;843 step=2 time=17 phase=151 channel=1 icon=1 
MoveObject: type=40 stepAdvance=1 stepRecede=1 timeStopStart=0 timeStopEnd=0 posStart=2498;968 posEnd=2498;968 posCurrent=2498;968 step=1 time=0 phase=151 channel=10 icon=192 
MoveObject: type=50 stepAdvance=1 stepRecede=1 timeStopStart=0 timeStopEnd=0 posStart=2626;196 posEnd=2626;196 posCurrent=2626;196 step=1 time=0 phase=151 channel=10 icon=222 
MoveObject: type=6 stepAdvance=1 stepRecede=1 timeStopStart=0 timeStopEnd=0 posStart=3394;904 posEnd=3394;904 posCurrent=3394;904 step=1 time=0 phase=151 channel=10 icon=26 
MoveObject: type=13 stepAdvance=1 stepRecede=1 timeStopStart=0 timeStopEnd=0 posStart=3522;900 posEnd=3522;900 posCurrent=3522;900 step=1 time=0 phase=151 channel=10 icon=68 
MoveObject: type=13 stepAdvance=1 stepRecede=1 timeStopStart=0 timeStopEnd=0 posStart=3586;900 posEnd=3586;900 posCurrent=3586;900 step=1 time=0 phase=151 channel=10 icon=68 
MoveObject: type=51 stepAdvance=1 stepRecede=1 timeStopStart=0 timeStopEnd=0 posStart=1218;644 posEnd=1218;644 posCurrent=1218;644 step=1 time=0 phase=151 channel=10 icon=227 
MoveObject: type=13 stepAdvance=1 stepRecede=1 timeStopStart=0 timeStopEnd=0 posStart=3650;900 posEnd=3650;900 posCurrent=3650;900 step=1 time=0 phase=151 channel=10 icon=68 
MoveObject: type=13 stepAdvance=1 stepRecede=1 timeStopStart=0 timeStopEnd=0 posStart=3714;900 posEnd=3714;900 posCurrent=3714;900 step=1 time=0 phase=151 channel=10 icon=68 
MoveObject: type=13 stepAdvance=1 stepRecede=1 timeStopStart=0 timeStopEnd=0 posStart=3778;900 posEnd=3778;900 posCurrent=3778;900 step=1 time=0 phase=151 channel=10 icon=68 
MoveObject: type=24 stepAdvance=1 stepRecede=1 timeStopStart=0 timeStopEnd=0 posStart=4290;261 posEnd=4290;261 posCurrent=4290;261 step=1 time=0 phase=151 channel=10 icon=134 
MoveObject: type=24 stepAdvance=1 stepRecede=1 timeStopStart=0 timeStopEnd=0 posStart=4354;261 posEnd=4354;261 posCurrent=4354;261 step=1 time=0 phase=151 channel=10 icon=134 
MoveObject: type=24 stepAdvance=1 stepRecede=1 timeStopStart=0 timeStopEnd=0 posStart=4418;261 posEnd=4418;261 posCurrent=4418;261 step=1 time=0 phase=151 channel=10 icon=134 
MoveObject: type=24 stepAdvance=1 stepRecede=1 timeStopStart=0 timeStopEnd=0 posStart=4482;261 posEnd=4482;261 posCurrent=4482;261 step=1 time=0 phase=151 channel=10 icon=134 
MoveObject: type=24 stepAdvance=1 stepRecede=1 timeStopStart=0 timeStopEnd=0 posStart=4162;261 posEnd=4162;261 posCurrent=4162;261 step=1 time=0 phase=151 channel=10 icon=134 
MoveObject: type=1 stepAdvance=24 stepRecede=24 timeStopStart=3 timeStopEnd=3 posStart=2688;896 posEnd=2944;896 posCurrent=2923;896 step=4 time=2 phase=151 channel=1 icon=10 
MoveObject: type=1 stepAdvance=12 stepRecede=12 timeStopStart=3 timeStopEnd=3 posStart=3136;704 posEnd=3264;704 posCurrent=3253;704 step=2 time=11 phase=151 channel=1 icon=10 
MoveObject: type=24 stepAdvance=1 stepRecede=1 timeStopStart=0 timeStopEnd=0 posStart=4098;261 posEnd=4098;261 posCurrent=4098;261 step=1 time=0 phase=151 channel=10 icon=134 
MoveObject: type=24 stepAdvance=1 stepRecede=1 timeStopStart=0 timeStopEnd=0 posStart=4034;261 posEnd=4034;261 posCurrent=4034;261 step=1 time=0 phase=151 channel=10 icon=134 
MoveObject: type=5 stepAdvance=1 stepRecede=1 timeStopStart=0 timeStopEnd=0 posStart=4930;1092 posEnd=4930;1092 posCurrent=4930;1092 step=1 time=0 phase=151 channel=10 icon=6 
MoveObject: type=5 stepAdvance=1 stepRecede=1 timeStopStart=0 timeStopEnd=0 posStart=5186;1092 posEnd=5186;1092 posCurrent=5186;1092 step=1 time=0 phase=151 channel=10 icon=6 
MoveObject: type=5 stepAdvance=1 stepRecede=1 timeStopStart=0 timeStopEnd=0 posStart=4930;1220 posEnd=4930;1220 posCurrent=4930;1220 step=1 time=0 phase=151 channel=10 icon=6 
MoveObject: type=5 stepAdvance=1 stepRecede=1 timeStopStart=0 timeStopEnd=0 posStart=5186;1220 posEnd=5186;1220 posCurrent=5186;1220 step=1 time=0 phase=151 channel=10 icon=6 
MoveObject: type=5 stepAdvance=1 stepRecede=1 timeStopStart=0 timeStopEnd=0 posStart=4930;1348 posEnd=4930;1348 posCurrent=4930;1348 step=1 time=0 phase=151 channel=10 icon=6 
MoveObject: type=5 stepAdvance=1 stepRecede=1 timeStopStart=0 timeStopEnd=0 posStart=5186;1348 posEnd=5186;1348 posCurrent=5186;1348 step=1 time=0 phase=151 channel=10 icon=6 
MoveObject: type=5 stepAdvance=1 stepRecede=1 timeStopStart=0 timeStopEnd=0 posStart=4930;1476 posEnd=4930;1476 posCurrent=4930;1476 step=1 time=0 phase=151 channel=10 icon=6 
MoveObject: type=5 stepAdvance=1 stepRecede=1 timeStopStart=0 timeStopEnd=0 posStart=5186;1476 posEnd=5186;1476 posCurrent=5186;1476 step=1 time=0 phase=151 channel=10 icon=6 
MoveObject: type=1 stepAdvance=60 stepRecede=60 timeStopStart=10 timeStopEnd=10 posStart=5056;1152 posEnd=5056;1536 posCurrent=5056;1152 step=1 time=7 phase=151 channel=1 icon=3 
MoveObject: type=5 stepAdvance=1 stepRecede=1 timeStopStart=0 timeStopEnd=0 posStart=3650;1732 posEnd=3650;1732 posCurrent=3650;1732 step=1 time=0 phase=151 channel=10 icon=6 
MoveObject: type=5 stepAdvance=1 stepRecede=1 timeStopStart=0 timeStopEnd=0 posStart=3778;1732 posEnd=3778;1732 posCurrent=3778;1732 step=1 time=0 phase=151 channel=10 icon=6 
MoveObject: type=5 stepAdvance=1 stepRecede=1 timeStopStart=0 timeStopEnd=0 posStart=3074;1732 posEnd=3074;1732 posCurrent=3074;1732 step=1 time=0 phase=151 channel=10 icon=6 
MoveObject: type=5 stepAdvance=1 stepRecede=1 timeStopStart=0 timeStopEnd=0 posStart=3202;1732 posEnd=3202;1732 posCurrent=3202;1732 step=1 time=0 phase=151 channel=10 icon=6 
MoveObject: type=6 stepAdvance=1 stepRecede=1 timeStopStart=0 timeStopEnd=0 posStart=3074;200 posEnd=3074;200 posCurrent=3074;200 step=1 time=0 phase=151 channel=10 icon=26 
MoveObject: type=24 stepAdvance=1 stepRecede=1 timeStopStart=0 timeStopEnd=0 posStart=3970;261 posEnd=3970;261 posCurrent=3970;261 step=1 time=0 phase=151 channel=10 icon=134 
MoveObject: type=6 stepAdvance=1 stepRecede=1 timeStopStart=0 timeStopEnd=0 posStart=2242;2696 posEnd=2242;2696 posCurrent=2242;2696 step=1 time=0 phase=151 channel=10 icon=26 
MoveObject: type=6 stepAdvance=1 stepRecede=1 timeStopStart=0 timeStopEnd=0 posStart=4674;3336 posEnd=4674;3336 posCurrent=4674;3336 step=1 time=0 phase=151 channel=10 icon=26 
MoveObject: type=6 stepAdvance=1 stepRecede=1 timeStopStart=0 timeStopEnd=0 posStart=4610;3400 posEnd=4610;3400 posCurrent=4610;3400 step=1 time=0 phase=151 channel=10 icon=26 
MoveObject: type=6 stepAdvance=1 stepRecede=1 timeStopStart=0 timeStopEnd=0 posStart=4546;3464 posEnd=4546;3464 posCurrent=4546;3464 step=1 time=0 phase=151 channel=10 icon=26 
MoveObject: type=1 stepAdvance=30 stepRecede=30 timeStopStart=10 timeStopEnd=10 posStart=2432;1856 posEnd=2624;1856 posCurrent=2535;1856 step=4 time=14 phase=151 channel=1 icon=29 
MoveObject: type=1 stepAdvance=30 stepRecede=30 timeStopStart=10 timeStopEnd=10 posStart=2432;1984 posEnd=2624;1984 posCurrent=2535;1984 step=4 time=14 phase=151 channel=1 icon=29 
MoveObject: type=1 stepAdvance=30 stepRecede=30 timeStopStart=10 timeStopEnd=10 posStart=2432;2112 posEnd=2624;2112 posCurrent=2535;2112 step=4 time=14 phase=151 channel=1 icon=29 
MoveObject: type=1 stepAdvance=30 stepRecede=30 timeStopStart=10 timeStopEnd=10 posStart=2432;2240 posEnd=2624;2240 posCurrent=2535;2240 step=4 time=14 phase=151 channel=1 icon=29 
MoveObject: type=1 stepAdvance=30 stepRecede=30 timeStopStart=10 timeStopEnd=10 posStart=2432;2368 posEnd=2624;2368 posCurrent=2535;2368 step=4 time=14 phase=151 channel=1 icon=29 
MoveObject: type=16 stepAdvance=10 stepRecede=10 timeStopStart=0 timeStopEnd=0 posStart=2496;1856 posEnd=2560;1856 posCurrent=2534;1856 step=2 time=6 phase=151 channel=10 icon=75 
MoveObject: type=16 stepAdvance=10 stepRecede=10 timeStopStart=0 timeStopEnd=0 posStart=2560;1984 posEnd=2496;1984 posCurrent=2522;1984 step=2 time=6 phase=151 channel=10 icon=75 
MoveObject: type=16 stepAdvance=10 stepRecede=10 timeStopStart=0 timeStopEnd=0 posStart=2496;2112 posEnd=2560;2112 posCurrent=2534;2112 step=2 time=6 phase=151 channel=10 icon=75 
MoveObject: type=16 stepAdvance=10 stepRecede=10 timeStopStart=0 timeStopEnd=0 posStart=2560;2240 posEnd=2496;2240 posCurrent=2522;2240 step=2 time=6 phase=151 channel=10 icon=75 
MoveObject: type=16 stepAdvance=10 stepRecede=10 timeStopStart=0 timeStopEnd=0 posStart=2496;2368 posEnd=2560;2368 posCurrent=2534;2368 step=2 time=6 phase=151 channel=10 icon=75 
MoveObject: type=1 stepAdvance=30 stepRecede=30 timeStopStart=10 timeStopEnd=10 posStart=4032;3584 posEnd=4224;3584 posCurrent=4135;3584 step=4 time=14 phase=151 channel=1 icon=29 
MoveObject: type=1 stepAdvance=30 stepRecede=30 timeStopStart=10 timeStopEnd=10 posStart=4032;3456 posEnd=4224;3456 posCurrent=4135;3456 step=4 time=14 phase=151 channel=1 icon=29 
MoveObject: type=1 stepAdvance=30 stepRecede=30 timeStopStart=10 timeStopEnd=10 posStart=4032;3328 posEnd=4224;3328 posCurrent=4135;3328 step=4 time=14 phase=151 channel=1 icon=29 
MoveObject: type=1 stepAdvance=30 stepRecede=30 timeStopStart=10 timeStopEnd=10 posStart=4032;3200 posEnd=4224;3200 posCurrent=4135;3200 step=4 time=14 phase=151 channel=1 icon=29 
MoveObject: type=1 stepAdvance=30 stepRecede=30 timeStopStart=10 timeStopEnd=10 posStart=4032;3072 posEnd=4224;3072 posCurrent=4135;3072 step=4 time=14 phase=151 channel=1 icon=29 
MoveObject: type=16 stepAdvance=10 stepRecede=10 timeStopStart=0 timeStopEnd=0 posStart=4096;3584 posEnd=4160;3584 posCurrent=4134;3584 step=2 time=6 phase=151 channel=10 icon=75 
MoveObject: type=16 stepAdvance=10 stepRecede=10 timeStopStart=0 timeStopEnd=0 posStart=4160;3456 posEnd=4096;3456 posCurrent=4122;3456 step=2 time=6 phase=151 channel=10 icon=75 
MoveObject: type=16 stepAdvance=10 stepRecede=10 timeStopStart=0 timeStopEnd=0 posStart=4096;3328 posEnd=4160;3328 posCurrent=4134;3328 step=2 time=6 phase=151 channel=10 icon=75 
MoveObject: type=16 stepAdvance=10 stepRecede=10 timeStopStart=0 timeStopEnd=0 posStart=4160;3200 posEnd=4096;3200 posCurrent=4122;3200 step=2 time=6 phase=151 channel=10 icon=75 
MoveObject: type=16 stepAdvance=10 stepRecede=10 timeStopStart=0 timeStopEnd=0 posStart=4096;3072 posEnd=4160;3072 posCurrent=4134;3072 step=2 time=6 phase=151 channel=10 icon=75 
MoveObject: type=6 stepAdvance=1 stepRecede=1 timeStopStart=0 timeStopEnd=0 posStart=4482;3528 posEnd=4482;3528 posCurrent=4482;3528 step=1 time=0 phase=151 channel=10 icon=26 
MoveObject: type=16 stepAdvance=40 stepRecede=40 timeStopStart=0 timeStopEnd=0 posStart=3200;2688 posEnd=2944;2688 posCurrent=3097;2688 step=4 time=24 phase=151 channel=10 icon=75 
MoveObject: type=16 stepAdvance=40 stepRecede=40 timeStopStart=0 timeStopEnd=0 posStart=3008;2752 posEnd=3264;2752 posCurrent=3111;2752 step=4 time=24 phase=151 channel=10 icon=75 
MoveObject: type=16 stepAdvance=40 stepRecede=40 timeStopStart=0 timeStopEnd=0 posStart=3328;2816 posEnd=3072;2816 posCurrent=3225;2816 step=4 time=24 phase=151 channel=10 icon=75 
MoveObject: type=16 stepAdvance=40 stepRecede=40 timeStopStart=0 timeStopEnd=0 posStart=3136;2880 posEnd=3392;2880 posCurrent=3239;2880 step=4 time=24 phase=151 channel=10 icon=75 
MoveObject: type=16 stepAdvance=40 stepRecede=40 timeStopStart=0 timeStopEnd=0 posStart=3456;2944 posEnd=3200;2944 posCurrent=3353;2944 step=4 time=24 phase=151 channel=10 icon=75 
MoveObject: type=16 stepAdvance=40 stepRecede=40 timeStopStart=0 timeStopEnd=0 posStart=3264;3008 posEnd=3520;3008 posCurrent=3367;3008 step=4 time=24 phase=151 channel=10 icon=75 
MoveObject: type=16 stepAdvance=40 stepRecede=40 timeStopStart=0 timeStopEnd=0 posStart=3584;3072 posEnd=3328;3072 posCurrent=3481;3072 step=4 time=24 phase=151 channel=10 icon=75 
MoveObject: type=16 stepAdvance=40 stepRecede=40 timeStopStart=0 timeStopEnd=0 posStart=3392;3136 posEnd=3648;3136 posCurrent=3495;3136 step=4 time=24 phase=151 channel=10 icon=75 
MoveObject: type=16 stepAdvance=40 stepRecede=40 timeStopStart=0 timeStopEnd=0 posStart=3712;3200 posEnd=3456;3200 posCurrent=3609;3200 step=4 time=24 phase=151 channel=10 icon=75 
MoveObject: type=16 stepAdvance=40 stepRecede=40 timeStopStart=0 timeStopEnd=0 posStart=3520;3264 posEnd=3776;3264 posCurrent=3623;3264 step=4 time=24 phase=151 channel=10 icon=75 
MoveObject: type=16 stepAdvance=40 stepRecede=40 timeStopStart=0 timeStopEnd=0 posStart=3840;3328 posEnd=3584;3328 posCurrent=3737;3328 step=4 time=24 phase=151 channel=10 icon=75 
MoveObject: type=16 stepAdvance=40 stepRecede=40 timeStopStart=0 timeStopEnd=0 posStart=3648;3392 posEnd=3904;3392 posCurrent=3751;3392 step=4 time=24 phase=151 channel=10 icon=75 
MoveObject: type=7 stepAdvance=1 stepRecede=1 timeStopStart=0 timeStopEnd=0 posStart=5698;2884 posEnd=5698;2884 posCurrent=5698;2884 step=1 time=0 phase=151 channel=10 icon=31 
MoveObject: type=16 stepAdvance=20 stepRecede=20 timeStopStart=0 timeStopEnd=0 posStart=4544;2752 posEnd=4544;2880 posCurrent=4544;2867 step=2 time=18 phase=151 channel=10 icon=75 
MoveObject: type=16 stepAdvance=20 stepRecede=20 timeStopStart=0 timeStopEnd=0 posStart=4672;3008 posEnd=4672;2880 posCurrent=4672;2893 step=2 time=18 phase=151 channel=10 icon=75 
MoveObject: type=5 stepAdvance=1 stepRecede=1 timeStopStart=0 timeStopEnd=0 posStart=5186;2948 posEnd=5186;2948 posCurrent=5186;2948 step=1 time=0 phase=151 channel=10 icon=6 
MoveObject: type=5 stepAdvance=1 stepRecede=1 timeStopStart=0 timeStopEnd=0 posStart=5378;2948 posEnd=5378;2948 posCurrent=5378;2948 step=1 time=0 phase=151 channel=10 icon=6 
MoveObject: type=6 stepAdvance=1 stepRecede=1 timeStopStart=0 timeStopEnd=0 posStart=3330;968 posEnd=3330;968 posCurrent=3330;968 step=1 time=0 phase=151 channel=10 icon=26 
MoveObject: type=6 stepAdvance=1 stepRecede=1 timeStopStart=0 timeStopEnd=0 posStart=3266;1032 posEnd=3266;1032 posCurrent=3266;1032 step=1 time=0 phase=151 channel=10 icon=26 
MoveObject: type=6 stepAdvance=1 stepRecede=1 timeStopStart=0 timeStopEnd=0 posStart=3202;1096 posEnd=3202;1096 posCurrent=3202;1096 step=1 time=0 phase=151 channel=10 icon=26 
MoveObject: type=32 stepAdvance=24 stepRecede=24 timeStopStart=25 timeStopEnd=25 posStart=5184;2752 posEnd=5376;2752 posCurrent=5368;2752 step=2 time=23 phase=151 channel=12 icon=64 
MoveObject: type=2 stepAdvance=1 stepRecede=1 timeStopStart=0 timeStopEnd=0 posStart=706;836 posEnd=706;836 posCurrent=706;836 step=1 time=0 phase=151 channel=10 icon=15 
MoveObject: type=16 stepAdvance=30 stepRecede=30 timeStopStart=0 timeStopEnd=0 posStart=128;704 posEnd=320;704 posCurrent=268;704 step=2 time=22 phase=151 channel=10 icon=75 
MoveObject: type=16 stepAdvance=10 stepRecede=10 timeStopStart=0 timeStopEnd=0 posStart=192;320 posEnd=192;320 posCurrent=192;320 step=1 time=0 phase=151 channel=10 icon=75 
MoveObject: type=49 stepAdvance=1 stepRecede=1 timeStopStart=0 timeStopEnd=0 posStart=1218;516 posEnd=1218;516 posCurrent=1218;516 step=1 time=0 phase=151 channel=10 icon=211 
MoveObject: type=2 stepAdvance=1 stepRecede=1 timeStopStart=0 timeStopEnd=0 posStart=770;836 posEnd=770;836 posCurrent=770;836 step=1 time=0 phase=151 channel=10 icon=15 
MoveObject: type=2 stepAdvance=1 stepRecede=1 timeStopStart=0 timeStopEnd=0 posStart=834;836 posEnd=834;836 posCurrent=834;836 step=1 time=0 phase=151 channel=10 icon=15 
MoveObject: type=2 stepAdvance=1 stepRecede=1 timeStopStart=0 timeStopEnd=0 posStart=898;836 posEnd=898;836 posCurrent=898;836 step=1 time=0 phase=151 channel=10 icon=15 
MoveObject: type=16 stepAdvance=30 stepRecede=30 timeStopStart=0 timeStopEnd=0 posStart=1984;256 posEnd=2176;256 posCurrent=2124;256 step=2 time=22 phase=151 channel=10 icon=75 
