DescFile: posDecor=450;950 dimDecor=100;100 world=0 music=10 region=7 blupiPos=770;1158 blupiDir=2 
Decor: 
35,35,35,156,35,35,35,35,156,156,35,35,156,35,156,156,156,35,35,156,35,156,35,156,35,78,80,78,78,82,84,79,81,82,84,79,81,78,78,78,78,78,78,78,78,78,78,78,78,78,78,78,,,,,,,,,,,,,,,,,,,,,,,,,,,,,,,,,,,,,,,,,,,,,,,,
156,35,35,156,35,156,156,156,35,156,35,35,156,35,156,156,156,156,35,156,35,35,35,156,156,84,82,78,78,78,80,79,78,78,84,83,79,83,81,84,81,79,78,78,78,79,79,84,78,82,79,81,,,,,,,,,,,,,,,,,,,,,,,,,,,,,,,,,,,,,,,,,,,,,,,,
156,35,35,156,156,35,156,156,156,156,156,35,156,156,156,156,35,156,35,156,35,35,156,156,156,78,78,80,84,83,80,82,81,84,78,80,79,81,80,84,78,82,82,78,78,78,81,79,84,82,82,84,,,,,,,,,,,,,,,,,,,,,,,,,,,,,,,,,,,,,,,,,,,,,,,,
35,156,156,156,156,35,156,156,35,156,35,35,35,156,156,156,35,156,35,156,35,156,156,156,156,78,78,78,84,79,78,82,80,84,83,78,78,84,83,80,84,81,82,81,84,79,82,83,81,83,84,78,,,,,,,,,,,,,,,,,,,,,,,,,,,,,,,,,,,,,,,,,,,,,,,,
156,35,35,35,35,35,35,35,156,35,156,35,35,35,156,35,156,35,35,156,35,35,156,35,35,78,78,81,80,82,81,78,78,80,80,83,84,80,83,79,83,81,84,84,82,79,84,80,83,82,83,81,,,,,,,,,,,,,,,,,,,,,,,,,,,,,,,,,,,,,,,,,,,,,,,,
156,35,35,35,35,156,35,35,156,156,156,156,156,156,156,156,35,156,35,156,35,156,156,156,35,80,82,83,83,83,84,84,84,84,81,82,80,82,81,78,84,81,83,80,82,84,80,78,82,79,84,84,,,,,,,,,,,,,,,,,,,,,,,,,,,,,,,,,,,,,,,,,,,,,,,,
35,156,35,156,156,156,35,156,35,35,35,156,35,156,156,35,156,35,35,35,156,156,156,35,35,80,82,79,80,84,83,81,84,83,82,80,81,81,82,79,80,82,79,82,79,79,82,78,84,83,82,79,,,,,,,,,,,,,,,,,,,,,,,,,,,,,,,,,,,,,,,,,,,,,,,,
156,156,156,156,156,156,156,156,156,156,156,156,156,156,156,156,156,156,156,156,35,156,35,156,35,81,80,84,78,83,79,79,83,80,80,81,81,82,82,78,79,80,78,82,83,81,82,78,84,84,80,84,,,,,,,,,,,,,,,,,,,,,,,,,,,,,,,,,,,,,,,,,,,,,,,,
35,156,35,156,156,156,156,156,156,156,156,156,156,156,156,35,156,35,35,156,35,35,156,156,156,81,84,82,82,83,78,82,79,78,80,78,,92,91,82,82,82,78,81,80,83,80,81,82,80,81,82,,,,,,,,,,,,,,,,,,,,,,,,,,,,,,,,,,,,,,,,,,,,,,,,
156,156,156,156,156,156,145,156,156,145,156,156,145,156,156,156,156,156,156,156,156,35,156,35,156,80,80,80,83,80,80,78,331,,,201,,92,91,91,91,91,83,84,78,78,79,78,83,78,78,79,78,,,,,,,,,,,,,,,,,,,,,,,,,,,,,,,,,,,,,,,,,,,,,,,
156,156,156,156,156,330,,36,331,,36,332,,36,35,156,145,156,156,156,35,156,156,35,35,81,81,80,82,78,78,79,81,82,78,83,,92,91,78,84,91,78,79,79,83,79,78,79,79,78,80,78,,,,,,,,,,,,,,,,,,,,,,,,,,,,,,,,,,,,,,,,,,,,,,,
156,156,35,156,156,154,,152,154,,152,154,,152,145,154,,152,145,156,156,156,35,35,156,82,78,78,82,79,78,78,84,81,82,80,84,83,80,80,82,91,83,80,80,83,78,79,82,78,81,82,78,,,,,,,,,,,,,,,,,,,,,,,,,,,,,,,,,,,,,,,,,,,,,,,
333,185,185,185,185,,,,,,,,,,,,,,,36,156,156,35,35,156,81,80,81,79,81,80,81,79,82,79,80,79,79,82,78,83,91,78,80,78,84,79,81,83,79,82,81,78,,,,,,,,,,,,,,,,,,,,,,,,,,,,,,,,,,,,,,,,,,,,,,,
35,156,35,156,156,144,335,144,144,336,144,144,334,144,144,155,,151,144,156,156,156,35,156,156,79,80,81,84,82,83,84,82,81,81,79,,92,91,84,78,91,79,84,78,78,79,79,82,79,81,78,78,,,,,,,,,,,,,,,,,,,,,,,,,,,,,,,,,,,,,,,,,,,,,,,
156,156,35,156,156,37,,36,37,,36,37,,36,156,35,144,156,156,156,156,156,156,156,35,84,79,80,83,81,78,78,83,82,78,84,,92,91,91,91,91,83,78,81,78,80,80,79,79,83,78,78,,,,,,,,,,,,,,,,,,,,,,,,,,,,,,,,,,,,,,,,,,,,,,,
156,156,156,35,156,156,144,156,156,144,156,35,144,156,156,156,156,156,156,156,156,156,35,35,156,84,83,80,83,78,79,78,80,79,84,78,,92,91,79,79,82,80,78,80,84,83,78,80,81,84,84,78,,,,,,,,,,,,,,,,,,,,,,,,,,,,,,,,,,,,,,,,,,,,,,,
156,156,156,156,156,156,156,156,156,156,156,156,156,156,156,156,156,35,156,156,156,156,156,35,35,83,80,84,84,83,81,79,82,78,83,84,200,80,80,80,79,79,80,78,78,384,84,83,83,80,78,83,78,,,,,,,,,,,,,,,,,,,,,,,,,,,,,,,,,,,,,,,,,,,,,,,
156,156,156,156,35,156,35,156,156,156,156,156,156,156,156,156,156,156,156,35,156,156,156,35,35,84,81,80,78,80,83,82,78,78,81,80,200,82,201,201,201,79,201,201,201,201,79,80,82,80,78,84,78,,,,,,,,,,,,,,,,,,,,,,,,,,,,,,,,,,,,,,,,,,,,,,,
156,156,156,156,156,156,156,156,156,156,156,156,156,156,156,156,156,156,156,156,156,156,35,35,35,82,78,83,81,83,82,81,82,83,84,81,118,118,118,118,118,118,118,118,118,118,132,78,80,84,78,78,78,,,,,,,,,,,,,,,,,,,,,,,,,,,,,,,,,,,,,,,,,,,,,,,
35,35,35,35,35,156,35,156,35,156,35,35,156,35,156,35,156,35,35,35,35,156,35,35,156,83,84,80,80,84,79,81,79,84,81,81,200,84,201,201,201,83,201,201,201,201,78,79,83,79,81,80,78,,,,,,,,,,,,,,,,,,,,,,,,,,,,,,,,,,,,,,,,,,,,,,,
156,156,35,156,35,35,156,35,156,35,35,156,35,156,156,156,35,156,156,35,35,35,156,156,156,84,83,78,82,84,80,82,81,84,82,82,84,81,80,82,81,81,79,78,78,,78,81,84,82,80,83,78,,,,,,,,,,,,,,,,,,,,,,,,,,,,,,,,,,,,,,,,,,,,,,,
35,156,156,156,35,156,156,156,35,156,156,35,35,35,145,145,145,145,145,145,145,145,145,35,156,80,81,79,84,84,78,81,83,78,81,83,81,80,82,84,79,79,79,78,78,378,78,78,83,78,79,78,78,,,,,,,,,,,,,,,,,,,,,,,,,,,,,,,,,,,,,,,,,,,,,,,
7,10,2,13,1,10,2,10,2,1,5,9,12,5,,,,,,,,,,82,83,79,78,79,83,82,82,79,82,79,78,81,78,82,79,79,83,81,82,82,83,200,81,78,83,80,83,81,78,,,,,,,,,,,,,,,,,,,,,,,,,,,,,,,,,,,,,,,,,,,,,,,
13,1,10,14,11,10,14,9,2,4,14,10,14,5,,,,,,,,,,83,84,81,79,80,83,81,80,80,83,78,83,82,82,83,79,83,81,79,84,83,129,,81,83,80,78,78,79,78,,,,,,,,,,,,,,,,,,,,,,,,,,,,,,,,,,,,,,,,,,,,,,,
6,4,4,5,8,11,10,6,8,11,6,14,14,5,,,,,,,,,,81,80,80,81,81,80,78,81,82,84,81,83,83,81,78,79,81,81,83,78,78,114,,80,81,81,81,80,79,78,,,,,,,,,,,,,,,,,,,,,,,,,,,,,,,,,,,,,,,,,,,,,,,
10,12,7,10,13,7,13,,5,13,13,5,12,5,,,,,,,,,,79,78,80,82,79,83,84,83,78,83,80,79,84,82,81,78,84,79,80,79,82,114,78,82,80,78,79,79,79,78,,,,,,,,,,,,,,,,,,,,,,,,,,,,,,,,,,,,,,,,,,,,,,,
4,11,4,10,5,10,11,,5,13,10,7,1,5,,,,,,,,,,79,81,78,81,81,83,79,82,84,81,80,78,83,81,81,80,83,81,81,138,201,114,82,83,81,82,78,80,82,78,,,,,,,,,,,,,,,,,,,,,,,,,,,,,,,,,,,,,,,,,,,,,,,
2,4,4,12,2,1,5,,5,9,4,11,10,5,,,,,,,,,,,,,,,,,78,80,81,83,84,82,78,84,82,80,80,79,138,201,114,81,81,78,81,78,81,79,78,,,,,,,,,,,,,,,,,,,,,,,,,,,,,,,,,,,,,,,,,,,,,,,
14,8,8,10,7,12,5,,5,13,13,8,1,5,,,,,,,,,,,,,,,,,80,79,81,78,83,84,80,79,78,79,78,81,138,201,114,83,78,79,80,78,83,81,78,,,,,,,,,,,,,,,,,,,,,,,,,,,,,,,,,,,,,,,,,,,,,,,
12,10,4,13,330,56,18,,5,12,4,6,9,5,,,,,,,,,,,,,,,,,84,78,81,84,83,78,82,78,81,80,78,83,138,201,114,84,83,79,81,82,78,80,78,,,,,,,,,,,,,,,,,,,,,,,,,,,,,,,,,,,,,,,,,,,,,,,
7,4,5,18,,,,,5,7,5,7,2,5,,,,,,,,,,,,,,,,,84,82,84,83,84,79,81,81,82,83,78,84,138,201,114,82,79,80,82,83,83,83,78,,,,,,,,,,,,,,,,,,,,,,,,,,,,,,,,,,,,,,,,,,,,,,,
7,14,4,,,,60,5,6,1,1,12,6,5,,,,,,,,,,,,,,,,,82,83,83,81,81,84,78,83,81,80,78,80,80,78,114,,,83,83,82,78,80,78,,,,,,,,,,,,,,,,,,,,,,,,,,,,,,,,,,,,,,,,,,,,,,,
13,8,12,,,,,5,10,13,4,5,10,5,,,,,,,,,,,,,,,,,79,83,79,82,81,79,80,79,79,78,78,78,83,78,4,4,22,4,80,81,82,80,78,,,,,,,,,,,,,,,,,,,,,,,,,,,,,,,,,,,,,,,,,,,,,,,
13,2,10,16,,,56,5,6,2,13,14,9,5,,,,,,,,,,,,,,,,,79,82,81,82,81,80,82,78,78,84,82,82,84,82,4,333,,3,78,82,78,84,78,,,,,,,,,,,,,,,,,,,,,,,,,,,,,,,,,,,,,,,,,,,,,,,
5,10,14,304,305,305,305,48,11,14,5,8,12,5,,,,,,,,,,,,,,,,,,,,81,83,81,84,78,80,78,78,84,82,79,4,4,22,4,82,82,78,78,78,,,,,,,,,,,,,,,,,,,,,,,,,,,,,,,,,,,,,,,,,,,,,,,
10,11,12,18,,,56,5,4,13,1,6,11,5,,,,,,,,,,,,,,,,,,,,80,82,81,81,83,83,81,80,81,81,84,82,81,82,80,84,84,83,79,78,,,,,,,,,,,,,,,,,,,,,,,,,,,,,,,,,,,,,,,,,,,,,,,
6,10,5,,,,,,11,14,7,2,9,5,,,,,,,,,,,,,,,,,,,,83,81,78,80,79,78,84,78,79,83,78,83,78,84,80,83,81,80,79,78,,,,,,,,,,,,,,,,,,,,,,,,,,,,,,,,,,,,,,,,,,,,,,,
14,5,6,,,,,,2,13,9,2,14,5,,,,,,,,,,,,,,,,,,,,84,78,84,81,78,82,79,80,80,80,78,83,84,84,82,82,83,81,84,78,,,,,,,,,,,,,,,,,,,,,,,,,,,,,,,,,,,,,,,,,,,,,,,
10,5,5,,,,,,14,8,12,6,8,5,,,,,,,,,,,,,,,,,,,,81,84,84,83,81,80,83,84,78,80,78,83,80,83,81,83,81,79,83,78,,,,,,,,,,,,,,,,,,,,,,,,,,,,,,,,,,,,,,,,,,,,,,,
9,1,1,,,,,,12,1,7,2,13,5,,,,,,,,,,,,,,,,,,,,83,84,79,80,78,80,81,81,80,83,79,78,79,80,82,79,78,84,83,78,,,,,,,,,,,,,,,,,,,,,,,,,,,,,,,,,,,,,,,,,,,,,,,
1,12,1,,,,,,2,9,6,10,12,5,,,,,,,,,,,,,,,,,,,,79,81,84,84,82,82,83,84,84,82,80,78,79,78,83,82,82,84,80,78,,,,,,,,,,,,,,,,,,,,,,,,,,,,,,,,,,,,,,,,,,,,,,,
4,2,5,,,,,,10,8,7,1,4,1,,,,,,,,,,,,,,,,,,,,,,,,,,,79,83,79,82,83,80,82,82,79,82,83,80,78,,,,,,,,,,,,,,,,,,,,,,,,,,,,,,,,,,,,,,,,,,,,,,,
6,12,11,,,,,,4,7,9,11,7,1,,,,,,,,,,,,,,,,,,,,,,,,,,,80,80,84,80,83,79,83,78,81,81,81,79,78,,,,,,,,,,,,,,,,,,,,,,,,,,,,,,,,,,,,,,,,,,,,,,,
2,7,1,,,,,,7,6,2,4,12,5,,,,,,,,,,,,,,,,,,,,,,,,,,,80,80,81,78,83,78,83,84,78,83,78,84,78,,,,,,,,,,,,,,,,,,,,,,,,,,,,,,,,,,,,,,,,,,,,,,,
7,10,2,16,,,,,13,14,10,14,10,5,,,,,,,,,,,,,,,,,,,,,,,,,,,81,79,81,84,82,84,83,83,81,80,82,78,78,,,,,,,,,,,,,,,,,,,,,,,,,,,,,288,288,288,,,,288,288,288,288,288,288,288,,,,,,
7,13,13,5,304,305,305,305,48,5,1,1,1,5,,,,,,,,,,,,,,,,,,,,,,,,,,,,,,,,,,,,,,,,,,,,,,,,,,,,,,,,,,,,,,,,,288,288,294,284,301,301,292,,294,284,301,301,284,284,284,284,285,,,,,
10,5,14,5,59,,,,5,9,12,5,5,5,5,5,5,5,5,,,,,,,,,,,,,,,,,,,,,,,,,,,,,,,,,,,,,,,,,,,,,,,,,,,,,,288,288,288,288,288,294,284,301,301,301,299,301,284,296,284,301,301,301,284,301,301,297,288,288,288,,,
12,4,4,5,,,,56,2,11,6,9,9,1,5,5,5,5,5,,,,,,,,,,,,,,,,,,,,,,,,,,,,,,,,,,,,,,,,,,,,,,,,,,,,,303,284,284,284,301,301,284,301,284,301,284,301,301,284,284,284,301,284,301,301,284,284,284,301,301,284,292,,
10,11,5,5,,,,,68,7,14,11,5,7,7,5,5,5,5,,,,,,,,,,,,,,,,,,,,,,,,,,,,,,,,,,,,,,,,,,,,,,,,,,,,,303,301,284,301,284,284,301,301,301,284,301,301,284,284,301,301,301,284,301,301,301,301,284,301,301,284,301,292,288
7,5,1,5,,,,56,5,5,10,14,7,10,6,5,5,5,5,,,,,,,,,,,,,,,,,,,,,,,,,,,,,,,,,,,,,,,,,,,,,,,,,,,,,303,284,301,284,284,284,301,299,284,284,284,301,299,284,284,301,284,301,284,284,284,301,284,284,284,301,301,284,284
13,5,1,5,52,52,2,4,5,4,12,9,8,11,13,8,5,1,11,,,,,,,,,,,,,,,,,,,,,,,,,,,,,,,,,,,,,,,,,,,,,,,,,,,,,294,284,301,284,301,284,301,301,284,284,284,284,301,284,284,301,284,299,284,301,297,293,284,284,301,284,301,301,301
12,5,1,5,,,,56,5,13,5,11,1,6,8,5,13,6,6,,,,,,,,,,,,,,,,,,,,,,,,,,,,,,,,,,,,,,,,,,,,,,,,,,,,303,301,284,301,284,301,301,295,284,301,301,284,301,301,299,284,301,301,284,301,301,301,296,301,284,301,284,301,284,284
11,5,7,13,2,4,11,50,8,11,4,9,8,7,6,2,2,13,13,,,,,,,,,,,,,,,,,,,,,,,,,,,,,,,,,,,,,,,,,,,,,,,,,,,,303,284,301,301,284,297,290,303,284,301,301,301,284,284,284,284,284,284,332,293,284,301,284,284,284,301,284,301,301,301
4,1,6,5,5,,,,51,,,,51,110,2,11,5,6,13,,,,,,,,,,,,,,,,,,,,,,,,,,,,,,,,,,,,,,,,,,,,,,,,,,,,294,284,301,284,284,301,284,296,284,284,301,301,284,301,284,284,301,301,302,,287,287,293,301,295,301,284,284,284,301
8,12,2,5,5,59,,56,13,5,14,4,8,110,11,2,10,1,9,,,,,,,,,,,,,,,,,,,,,,,,,,,,,,,,,,,,,,,,,,,,,,,,288,288,288,294,284,301,284,299,284,301,284,301,301,284,284,284,284,284,284,284,301,301,292,288,,288,,290,303,301,284,301,301,284
5,6,12,5,5,,,,57,,,,57,110,12,13,9,10,8,,,,,,,,,,,,,,,,,,,,,,,,,,,,,,,,,,,,,,,,,,,,,,,294,284,284,284,301,284,301,301,284,301,284,284,301,301,301,301,301,301,301,284,301,301,284,284,284,300,284,289,301,300,301,284,284,284,301
6,6,8,5,5,,,,,,,,,110,6,5,4,2,12,,,,,,,,,,,,,,,,,,,,,,,,,,,,,,,,,,,,,,,,,,,,288,,294,284,301,301,301,284,284,284,284,301,301,301,284,301,284,284,301,301,301,284,284,301,284,284,295,301,302,287,288,287,286,284,284,301,284,284
13,6,9,5,5,,,,,,,,,110,10,2,6,11,6,,,,,,,,,,,,,,,,,,,,,,,,,,,,,,,,,,,,,,,,,,,294,301,296,284,301,284,301,284,301,301,301,301,284,284,301,301,301,284,301,301,301,284,284,284,284,301,291,294,301,285,286,284,285,303,284,284,284,301,284
6,13,5,5,5,,,,,,,,,110,10,13,4,12,9,,,,,,,,,,,,,,,,,,,,,,,,,,,,,,,,,,,,,,,,,,303,301,284,301,284,301,284,301,301,301,284,284,284,284,301,284,301,284,284,301,284,301,301,301,301,284,291,294,301,301,285,294,301,302,286,284,301,301,284,284
2,7,5,5,5,,,,,,,,,110,13,13,4,2,13,,,,,,,,,,,,,,,,,,,,,,,,,,,,,,,,,,,,,,,,,,,298,284,301,284,284,284,284,301,301,301,284,284,301,284,301,301,301,284,284,284,301,301,291,287,287,294,284,301,284,300,301,297,,303,301,301,284,301,301
11,12,6,5,5,,,,,,,,,110,10,4,13,2,5,,,,,,,,,,,,,,,,,,,,,,,,,,,,,,,,,,,,,,,,,,294,301,301,301,301,301,301,301,301,284,284,284,301,284,301,301,284,284,284,301,301,284,301,302,,303,301,301,284,301,289,284,301,292,303,301,301,301,301,301
2,10,11,5,5,,,,,,,,,110,10,1,5,12,5,,,,,,,,,,,,,,,,,,,,,,,,,,,,,,,,,,,,,,,,,303,301,284,301,299,301,301,301,284,301,291,287,293,301,284,284,284,301,284,301,301,301,284,284,302,,,287,287,287,287,,287,293,301,296,284,284,301,284,284
5,8,5,5,5,,,,,,,,,110,13,12,14,8,6,,,,,,,,,,,,,,,,,,,,,,,,,,,,,,,,,,,,,,,,,,293,284,301,284,301,301,284,284,301,302,,286,284,284,284,301,301,284,284,301,284,301,284,285,,,,,,,,,303,284,284,301,284,301,284,284
14,9,4,5,5,,,,,,,,,110,2,10,11,2,12,,,,,,,,,,,,,,,,,,,,,,,,,,,,,,,,,,,,,,,,,,,293,284,284,284,301,301,291,287,,288,294,284,301,301,284,284,284,301,301,284,301,284,302,,,288,288,288,288,288,288,294,301,284,301,284,284,301,284
5,1,6,5,5,,,,,,,,,110,11,6,7,7,4,,,,,,,,,,,,,,,,,,,,,,,,,,,,,,,,,,,,,,,,,,,286,301,301,301,301,301,302,,294,284,284,301,301,284,284,301,284,284,301,301,301,284,285,,303,284,301,301,301,301,284,284,301,301,284,284,284,301,284
5,8,5,5,5,,,,,,,,,110,8,11,13,11,5,,,,,,,,,,,,,,,,,,,,,,,,,,,,,,,,,,,,,,,,,,,286,284,284,284,284,301,285,286,284,301,284,284,301,284,301,301,301,301,284,301,284,301,292,288,288,293,284,301,284,301,301,301,301,284,284,284,301,284,284
5,12,13,5,5,,,,16,,,,,110,6,9,11,1,4,,,,,,,,,,,,,,,,,,,,,,,,,,,,,,,,,,,,,,,,,,,286,284,301,284,291,287,,303,301,284,301,301,301,284,301,301,301,284,284,284,301,301,301,301,301,292,293,301,284,301,284,284,301,301,284,301,301,284,284
5,8,7,5,5,,,56,10,15,,,,110,10,5,5,7,10,,,,,,,,,,,,,,,,,,,,,,,,,,,,,,,,,,,,,,,,,,,286,284,284,284,292,288,,,287,287,287,287,287,293,284,291,287,293,284,301,284,301,301,284,284,284,292,293,284,301,301,284,301,284,284,301,301,301,301
5,10,1,7,2,,,,10,7,7,2,7,126,10,4,4,10,5,,,,,,,,,,,,,,,,,,,,,,,,,,,,,,,,,,,,,,,,,,,286,301,301,301,301,284,292,,,,,,,,287,,,303,301,284,284,284,301,284,284,284,301,292,293,284,301,301,301,301,301,284,284,301,284
5,7,10,7,14,16,,,1,2,1,6,5,14,5,9,9,14,8,,,,,,,,,,,,,,,,,,,,,,,,,,,,,,,,,,,,,,,,,,,303,301,284,284,301,301,301,292,,,,,,,,,,286,284,301,301,301,284,284,301,301,284,284,292,293,301,284,284,284,284,284,301,301,284
5,2,5,9,2,6,5,52,10,2,7,6,5,6,13,14,5,10,14,,,,,,,,,,,,,,,,,,,,,,,,,,,,,,,,,,,,,,,,,,,303,284,284,284,284,301,299,284,292,288,,,,,,,,286,301,301,284,301,301,284,301,284,301,301,284,292,293,284,301,301,301,284,284,284,284
5,7,12,9,10,2,14,52,13,6,10,6,9,6,2,7,8,14,5,,,,,,,,,,,,,,,,,,,,,,,,,,,,,,,,,,,,,,,,,,,286,284,301,284,284,301,301,301,301,284,292,288,288,288,288,,288,294,301,301,301,301,284,301,301,301,284,301,301,284,300,284,301,284,301,284,301,284,284
5,10,12,9,4,18,,56,14,11,4,12,5,9,9,12,7,13,12,,,,,,,,,,,,,,,,,,,,,,,,,,,,,,,,,,,,,,,,,,,286,301,301,301,284,284,284,301,284,284,301,301,284,284,284,296,284,301,284,284,301,284,301,284,301,301,301,301,301,284,300,284,301,301,301,284,301,284,284
5,14,14,5,4,59,,,3,6,14,7,12,5,,,,,,,,,,,,,,,,,,,,,,,,,,,,,,,,,,,,,,,,,,,,,,,,303,284,284,284,284,284,284,301,301,284,301,284,284,301,284,284,301,301,284,284,284,284,284,301,284,301,301,284,284,301,300,284,301,284,301,284,301,284,301
5,9,9,7,9,15,,56,13,9,9,5,1,5,,,,,,,,,,,,,,,,,,,,,,,,,,,,,,,,,,,,,,,,,,,,,,,,286,284,284,301,301,299,301,301,284,284,301,284,301,301,301,301,301,284,301,301,284,301,284,301,284,284,301,301,291,287,,364,68,301,301,284,284,301,301
5,11,10,9,10,12,2,52,5,4,9,7,2,5,,,,,,,,,,,,,,,,,,,,,,,,,,,,,,,,,,,,,,,,,,,,,,,,286,284,301,301,301,301,299,301,284,301,284,301,284,301,284,284,301,284,301,284,284,301,284,284,301,301,301,301,285,,,364,68,284,284,301,301,284,284
10,4,9,8,4,10,10,52,7,1,6,12,8,5,,,,,,,,,,,,,,,,,,,,,,,,,,,,,,,,,,,,,,,,,,,,,,,,,293,301,284,301,299,301,301,284,301,301,284,284,284,301,301,284,284,301,284,301,284,301,301,301,284,301,301,285,,,364,68,301,284,284,301,301,284
14,7,2,11,12,10,7,5,5,9,5,11,10,5,,,,,,,,,,,,,,,,,,,,,,,,,,,,,,,,,,,,,,,,,,,,,,,,,,287,293,301,284,284,301,284,301,284,284,284,284,301,301,301,284,284,301,295,301,301,301,301,284,301,284,285,,,364,68,301,284,284,301,284,301
9,2,5,13,12,7,6,9,9,1,9,13,9,5,,,,,,,,,,,,,,,,,,,,,,,,,,,,,,,,,,,,,,,,,,,,,,,,,,,,287,287,287,287,293,284,291,287,287,287,287,287,287,287,287,287,303,284,284,301,301,301,301,301,292,288,,364,68,284,284,284,301,301,284
12,11,10,5,7,5,5,11,11,11,1,8,5,12,,,,,,,,,,,,,,,,,,,,,,,,,,,,,,,,,,,,,,,,,,,,,,,,,,,,,,,,,287,,,,,,,,,,,286,284,301,301,284,284,301,284,301,301,300,301,284,284,284,301,284,284,284
8,1,5,1,13,12,9,10,22,10,11,7,2,2,,,,,,,,,,,,,,,,,,,,,,,,,,,,,,,,,,,,,,,,,,,,,,,,,,,,,,,,,,,,,,,,,,,,286,301,284,284,301,284,301,284,301,301,300,284,284,301,301,301,284,284,284
9,11,10,13,11,1,9,14,10,8,11,5,5,4,,,,,,,,,,,,,,,,,,,,,,,,,,,,,,,,,,,,,,,,,,,,,,,,,,,,,,,,,,,,,,,,,,,,303,301,284,284,301,284,284,301,284,291,303,301,301,284,284,284,301,301,301
4,7,5,2,5,8,7,13,12,7,12,5,9,12,,,,,,,,,,,,,,,,,,,,,,,,,,,,,,,,,,,,,,,,,,,,,,,,,,,,,,,,,,,,,,,,,,,,286,284,301,301,301,301,284,301,284,333,286,301,284,301,301,284,284,284,301
7,5,4,14,6,9,11,12,6,11,10,13,14,5,,,,,,,,,,,,,,,,,,,,,,,,,,,,,,,,,,,,,,,,,,,,,,,,,,,,,,,,,,,,,,,,,,,,,287,293,301,301,284,301,284,301,292,294,284,284,284,284,284,301,301,284
9,11,2,7,7,7,4,2,8,2,1,14,5,1,,,,,,,,,,,,,,,,,,,,,,,,,,,,,,,,,,,,,,,,,,,,,,,,,,,,,,,,,,,,,,,,,,,,,,303,301,284,301,284,301,301,301,284,301,284,301,284,301,284,301,284
12,8,9,5,4,4,10,11,10,11,5,4,5,1,,,,,,,,,,,,,,,,,,,,,,,,,,,,,,,,,,,,,,,,,,,,,,,,,,,,,,,,,,,,,,,,,,,,,,303,284,284,284,301,301,301,301,284,301,301,301,301,301,301,284,284
14,14,7,11,6,2,6,12,14,11,1,11,8,10,,,,,,,,,,,,,,,,,,,,,,,,,,,,,,,,,,,,,,,,,,,,,,,,,,,,,,,,,,,,,,,,,,,,,,286,301,284,301,301,284,301,284,301,284,284,301,284,284,301,301,284
8,5,6,11,13,13,8,12,8,4,5,10,1,5,,,,,,,,,,,,,,,,,,,,,,,,,,,,,,,,,,,,,,,,,,,,,,,,,,,,,,,,,,,,,,,,,,,,,,303,284,301,284,301,284,301,301,284,301,301,301,284,301,301,301,284
13,12,5,12,6,2,4,7,5,11,12,5,8,7,5,,,,,,,,,,,,,,,,,,,,,,,,,,,,,,,,,,,,,,,,,,,,,,,,,,,,,,,,,,,,,,,,,,,,,286,284,284,284,284,284,301,301,284,284,301,284,301,301,301,301,284
10,8,11,4,1,4,10,13,7,12,8,4,13,5,5,,,,,,,,,,,,,,,,,,,,,,,,,,,,,,,,,,,,,,,,,,,,,,,,,,,,,,,,,,,,,,,,,,,,,286,284,284,301,284,284,301,301,301,284,301,301,284,301,301,284,284
,,,,,,,,,,,,,,,,,,,,,,,,,,,,,,,,,,,,,,,,,,,,,,,,,,,,,,,,,,,,,,,,,,,,,,,,,,,,,,,,,,,286,301,284,284,284,284,284,301,284,284,301,301,284,284,301,284,301
,,,,,,,,,,,,,,,,,,,,,,,,,,,,,,,,,,,,,,,,,,,,,,,,,,,,,,,,,,,,,,,,,,,,,,,,,,,,,,,,,,,303,284,301,301,284,301,284,301,284,301,301,284,284,284,284,301,301
,,,,,,,,,,,,,,,,,,,,,,,,,,,,,,,,,,,,,,,,,,,,,,,,,,,,,,,,,,,,,,,,,,,,,,,,,,,,,,,,,,,303,301,284,301,284,284,301,301,284,284,284,301,284,284,301,301,301
,,,,,,,,,,,,,,,,,,,,,,,,,,,,,,,,,,,,,,,,,,,,,,,,,,,,,,,,,,,,,,,,,,,,,,,,,,,,,,,,,,,303,301,284,301,301,284,301,301,301,301,284,284,301,301,301,301,301
,,,,,,,,,,,,,,,,,,,,,,,,,,,,,,,,,,,,,,,,,,,,,,,,,,,,,,,,,,,,,,,,,,,,,,,,,,,,,,,,,,,,287,287,287,287,287,287,287,287,287,287,287,287,287,287,287,287
,,,,,,,,,,,,,,,,,,,,,,,,,,,,,,,,,,,,,,,,,,,,,,,,,,,,,,,,,,,,,,,,,,,,,,,,,,,,,,,,,,,,,,,,,,,,,,,,,,,
,,,,,,,,,,,,,,,,,,,,,,,,,,,,,,,,,,,,,,,,,,,,,,,,,,,,,,,,,,,,,,,,,,,,,,,,,,,,,,,,,,,,,,,,,,,,,,,,,,,
,,,,,,,,,,,,,,,,,,,,,,,,,,,,,,,,,,,,,,,,,,,,,,,,,,,,,,,,,,,,,,,,,,,,,,,,,,,,,,,,,,,,,,,,,,,,,,,,,,,
,,,,,,,,,,,,,,,,,,,,,,,,,,,,,,,,,,,,,,,,,,,,,,,,,,,,,,,,,,,,,,,,,,,,,,,,,,,,,,,,,,,,,,,,,,,,,,,,,,,
,,,,,,,,,,,,,,,,,,,,,,,,,,,,,,,,,,,,,,,,,,,,,,,,,,,,,,,,,,,,,,,,,,,,,,,,,,,,,,,,,,,,,,,,,,,,,,,,,,,
BigDecor: 
,,,,,,,,,,,,,,,,,,,,,,,,,,,,,,,,,,,,,,,,,,,,,,,,,,,,,,,,,,,,,,,,,,,,,,,,,,,,,,,,,,,,,,,,,,,,,,,,,,,
,,,,,,,,,,,,,,,,,,,,,,,,,,,,,,,,,,,,,,,,,,,,,,,,,,,,,,,,,,,,,,,,,,,,,,,,,,,,,,,,,,,,,,,,,,,,,,,,,,,
,,,,,,,,,,,,,,,,,,,,,,,,,,,,,,,,,,,,,,,,,,,,,,,,,,,,,,,,,,,,,,,,,,,,,,,,,,,,,,,,,,,,,,,,,,,,,,,,,,,
,,,,,,,,,,,,,,,,,,,,,,,,,,,,,,,,,,,,,,,,,,,,,,,,,,,,,,,,,,,,,,,,,,,,,,,,,,,,,,,,,,,,,,,,,,,,,,,,,,,
,,,,,,,,,,,,,,,,,,,,,,,,,,,,,,,,,,,,,,,,,,,,,,,,,,,,,,,,,,,,,,,,,,,,,,,,,,,,,,,,,,,,,,,,,,,,,,,,,,,
,,,,,,,,,,,,,,,,,,,,,,,,,,,,,,,,,,,,,,,,,,,,,,,,,,,,,,,,,,,,,,,,,,,,,,,,,,,,,,,,,,,,,,,,,,,,,,,,,,,
,,,,,,,,,,,,,,,,,,,,,,,,,,,,,,,,,,,,,,,,,,,,,,,,,,,,,,,,,,,,,,,,,,,,,,,,,,,,,,,,,,,,,,,,,,,,,,,,,,,
,,,,,,,,,,,,,,,,,,,,,,,,,,,,,,,,,,,,,,,,,,,,,,,,,,,,,,,,,,,,,,,,,,,,,,,,,,,,,,,,,,,,,,,,,,,,,,,,,,,
,,,,,,,,,,,,,,,,,,,,,,,,,,,,,,,,,,,,,,,,,,,,,,,,,,,,,,,,,,,,,,,,,,,,,,,,,,,,,,,,,,,,,,,,,,,,,,,,,,,
,,,,,,,,,,,,,,,,,,,,,,,,,,,,,,,,,,,,,,,,,,,,,,,,,,,,,,,,,,,,,,,,,,,,,,,,,,,,,,,,,,,,,,,,,,,,,,,,,,,
,,,,,,,,,,,,,,,,,,,,,,,,,,,,,,,,,,,,,,,,,,,,,,,,,,,,,,,,,,,,,,,,,,,,,,,,,,,,,,,,,,,,,,,,,,,,,,,,,,,
,,,,,,,,,,,,,,,,,,,,,,,,,,,,,,,,,,,,,,,,,,,,,,,,,,,,,,,,,,,,,,,,,,,,,,,,,,,,,,,,,,,,,,,,,,,,,,,,,,,
,,,,,,,,,,,,,,,,,,,,,,,,,,,,,,,,,,,,,,,,,,,,,,,,,,,,,,,,,,,,,,,,,,,,,,,,,,,,,,,,,,,,,,,,,,,,,,,,,,,
,,,,,,,,,,,,,,,,,,,,,,,,,,,,,,,,,,,,,,,,,,,,,,,,,,,,,,,,,,,,,,,,,,,,,,,,,,,,,,,,,,,,,,,,,,,,,,,,,,,
,,,,,,,,,,,,,,,,,,,,,,,,,,,,,,,,,,,,,,,,,,,,,,,,,,,,,,,,,,,,,,,,,,,,,,,,,,,,,,,,,,,,,,,,,,,,,,,,,,,
,,,,,,,,,,,,,,,,,,,,,,,,,,,,,,,,,,,,,,,,,,,,,,,,,,,,,,,,,,,,,,,,,,,,,,,,,,,,,,,,,,,,,,,,,,,,,,,,,,,
,,,,,,,,,,,,,,,,,,,,,,,,,,,,,,,,,,,,,,,,,,,,,,,,,,,,,,,,,,,,,,,,,,,,,,,,,,,,,,,,,,,,,,,,,,,,,,,,,,,
,,,,,,,,,,,,,,,,,,,,,,,,,,,,,,,,,,,,,,,,,,,,,,,,,,,,,,,,,,,,,,,,,,,,,,,,,,,,,,,,,,,,,,,,,,,,,,,,,,,
,,,,,,,,,,,,,,,,,,,,,,,,,,,,,,,,,,,,,,,,,,,,,,,,,,,,,,,,,,,,,,,,,,,,,,,,,,,,,,,,,,,,,,,,,,,,,,,,,,,
,,,,,,,,,,,,,,,,,,,,,,,,,,,,,,,,,,,,,,,,,,,,,,,,,,,,,,,,,,,,,,,,,,,,,,,,,,,,,,,,,,,,,,,,,,,,,,,,,,,
,,,,,,,,,,,,,,,,,,,,,,,,,,,,,,,,,,,,,,,,,,,,,,,,,,,,,,,,,,,,,,,,,,,,,,,,,,,,,,,,,,,,,,,,,,,,,,,,,,,
,,,,,,,,,,,,,,,,,,,,,,,,,,,,,,,,,,,,,,,,,,,,,,,,,,,,,,,,,,,,,,,,,,,,,,,,,,,,,,,,,,,,,,,,,,,,,,,,,,,
,,,,,,,,,,,,,,,,,,,,,,,,,,,,,,,,,,,,,,,,,,,,,,,,,,,,,,,,,,,,,,,,,,,,,,,,,,,,,,,,,,,,,,,,,,,,,,,,,,,
,,,,,,,,,,,,,,,,,,,,,,,,,,,,,,,,,,,,,,,,,,,,,,,,,,,,,,,,,,,,,,,,,,,,,,,,,,,,,,,,,,,,,,,,,,,,,,,,,,,
,,,,,,,,,,,,,,,,,,,,,,,,,,,,,,,,,,,,,,,,,,,,,,,,,,,,,,,,,,,,,,,,,,,,,,,,,,,,,,,,,,,,,,,,,,,,,,,,,,,
,,,,,,,,,,,,,,,,,,,,,,,,,,,,,,,,,,,,,,,,,,,,,,,,,,,,,,,,,,,,,,,,,,,,,,,,,,,,,,,,,,,,,,,,,,,,,,,,,,,
,,,,,,,,,,,,,,,,,,,,,,,,,,,,,,,,,,,,,,,,,,,,,,,,,,,,,,,,,,,,,,,,,,,,,,,,,,,,,,,,,,,,,,,,,,,,,,,,,,,
,,,,,,,,,,,,,,,,,,,,,,,,,,,,,,,,,,,,,,,,,,,,,,,,,,,,,,,,,,,,,,,,,,,,,,,,,,,,,,,,,,,,,,,,,,,,,,,,,,,
,,,,,,,,,,,,,,,,,,,,,,,,,,,,,,,,,,,,,,,,,,,,,,,,,,,,,,,,,,,,,,,,,,,,,,,,,,,,,,,,,,,,,,,,,,,,,,,,,,,
,,,,,,,,,,,,,,,,,,,,,,,,,,,,,,,,,,,,,,,,,,,,,,,,,,,,,,,,,,,,,,,,,,,,,,,,,,,,,,,,,,,,,,,,,,,,,,,,,,,
,,,,,,,,,,,,,,,,,,,,,,,,,,,,,,,,,,,,,,,,,,,,,,,,,,,,,,,,,,,,,,,,,,,,,,,,,,,,,,,,,,,,,,,,,,,,,,,,,,,
,,,,,,,,,,,,,,,,,,,,,,,,,,,,,,,,,,,,,,,,,,,,,,,,,,,,,,,,,,,,,,,,,,,,,,,,,,,,,,,,,,,,,,,,,,,,,,,,,,,
,,,,,,,,,,,,,,,,,,,,,,,,,,,,,,,,,,,,,,,,,,,,,,,,,,,,,,,,,,,,,,,,,,,,,,,,,,,,,,,,,,,,,,,,,,,,,,,,,,,
,,,,,,,,,,,,,,,,,,,,,,,,,,,,,,,,,,,,,,,,,,,,,,,,,,,,,,,,,,,,,,,,,,,,,,,,,,,,,,,,,,,,,,,,,,,,,,,,,,,
,,,,,,,,,,,,,,,,,,,,,,,,,,,,,,,,,,,,,,,,,,,,,,,,,,,,,,,,,,,,,,,,,,,,,,,,,,,,,,,,,,,,,,,,,,,,,,,,,,,
,,,,,,,,,,,,,,,,,,,,,,,,,,,,,,,,,,,,,,,,,,,,,,,,,,,,,,,,,,,,,,,,,,,,,,,,,,,,,,,,,,,,,,,,,,,,,,,,,,,
,,,,,,,,,,,,,,,,,,,,,,,,,,,,,,,,,,,,,,,,,,,,,,,,,,,,,,,,,,,,,,,,,,,,,,,,,,,,,,,,,,,,,,,,,,,,,,,,,,,
,,,,,,,,,,,,,,,,,,,,,,,,,,,,,,,,,,,,,,,,,,,,,,,,,,,,,,,,,,,,,,,,,,,,,,,,,,,,,,,,,,,,,,,,,,,,,,,,,,,
,,,,,,,,,,,,,,,,,,,,,,,,,,,,,,,,,,,,,,,,,,,,,,,,,,,,,,,,,,,,,,,,,,,,,,,,,,,,,,,,,,,,,,,,,,,,,,,,,,,
,,,,,,,,,,,,,,,,,,,,,,,,,,,,,,,,,,,,,,,,,,,,,,,,,,,,,,,,,,,,,,,,,,,,,,,,,,,,,,,,,,,,,,,,,,,,,,,,,,,
,,,,,,,,,,,,,,,,,,,,,,,,,,,,,,,,,,,,,,,,,,,,,,,,,,,,,,,,,,,,,,,,,,,,,,,,,,,,,,,,,,,,,,,,,,,,,,,,,,,
,,,,,,,,,,,,,,,,,,,,,,,,,,,,,,,,,,,,,,,,,,,,,,,,,,,,,,,,,,,,,,,,,,,,,,,,,,,,,,,,,,,,,,,,,,,,,,,,,,,
,,,,,,,,,,,,,,,,,,,,,,,,,,,,,,,,,,,,,,,,,,,,,,,,,,,,,,,,,,,,,,,,,,,,,,,,,,,,,,,,,,,,,,,,,,,,,,,,,,,
,,,,,,,,,,,,,,,,,,,,,,,,,,,,,,,,,,,,,,,,,,,,,,,,,,,,,,,,,,,,,,,,,,,,,,,,,,,,,,,,,,,,,,,,,,,,,,,,,,,
,,,,,,,,,,,,,,,,,,,,,,,,,,,,,,,,,,,,,,,,,,,,,,,,,,,,,,,,,,,,,,,,,,,,,,,,,,,,,,,,,,,,,,,,,,,,,,,,,,,
,,,,,,,,,,,,,,,,,,,,,,,,,,,,,,,,,,,,,,,,,,,,,,,,,,,,,,,,,,,,,,,,,,,,,,,,,,,,,,,,,,,,,,,,,,,,,,,,,,,
,,,,,,,,,,,,,,,,,,,,,,,,,,,,,,,,,,,,,,,,,,,,,,,,,,,,,,,,,,,,,,,,,,,,,,,,,,,,,,,,,,,,,,,,,,,,,,,,,,,
,,,,,,,,,,,,,,,,,,,,,,,,,,,,,,,,,,,,,,,,,,,,,,,,,,,,,,,,,,,,,,,,,,,,,,,,,,,,,,,,,,,,,,,,,,,,,,,,,,,
,,,,,,,,,,,,,,,,,,,,,,,,,,,,,,,,,,,,,,,,,,,,,,,,,,,,,,,,,,,,,,,,,,,,,,,,,,,,,,,,,,,,,,,,,,,,,,,,,,,
,,,,,,,,,,,,,,,,,,,,,,,,,,,,,,,,,,,,,,,,,,,,,,,,,,,,,,,,,,,,,,,,,,,,,,,,,,,,,,,,,,,,,,,,,,,,,,,,,,,
,,,,,,,,,,,,,,,,,,,,,,,,,,,,,,,,,,,,,,,,,,,,,,,,,,,,,,,,,,,,,,,,,,,,,,,,,,,,,,,,,,,,,,,,,,,,,,,,,,,
,,,,,,,,,,,,,,,,,,,,,,,,,,,,,,,,,,,,,,,,,,,,,,,,,,,,,,,,,,,,,,,,,,,,,,,,,,,,,,,,,,,,,,,,,,,,,,,,,,,
,,,,,,,,,,,,,,,,,,,,,,,,,,,,,,,,,,,,,,,,,,,,,,,,,,,,,,,,,,,,,,,,,,,,,,,,,,,,,,,,,,,,,,,,,,,,,,,,,,,
,,,,,,,,,,,,,,,,,,,,,,,,,,,,,,,,,,,,,,,,,,,,,,,,,,,,,,,,,,,,,,,,,,,,,,,,,,,,,,,,,,,,,,,,,,,,,,,,,,,
,,,,,,,,,,,,,,,,,,,,,,,,,,,,,,,,,,,,,,,,,,,,,,,,,,,,,,,,,,,,,,,,,,,,,,,,,,,,,,,,,,,,,,,,,,,,,,,,,,,
,,,,,,,,,,,,,,,,,,,,,,,,,,,,,,,,,,,,,,,,,,,,,,,,,,,,,,,,,,,,,,,,,,,,,,,,,,,,,,,,,,,,,,,,,,,,,,,,,,,
,,,,,,,,,,,,,,,,,,,,,,,,,,,,,,,,,,,,,,,,,,,,,,,,,,,,,,,,,,,,,,,,,,,,,,,,,,,,,,,,,,,,,,,,,,,,,,,,,,,
,,,,,,,,,,,,,,,,,,,,,,,,,,,,,,,,,,,,,,,,,,,,,,,,,,,,,,,,,,,,,,,,,,,,,,,,,,,,,,,,,,,,,,,,,,,,,,,,,,,
,,,,,,,,,,,,,,,,,,,,,,,,,,,,,,,,,,,,,,,,,,,,,,,,,,,,,,,,,,,,,,,,,,,,,,,,,,,,,,,,,,,,,,,,,,,,,,,,,,,
,,,,,,,,,,,,,,,,,,,,,,,,,,,,,,,,,,,,,,,,,,,,,,,,,,,,,,,,,,,,,,,,,,,,,,,,,,,,,,,,,,,,,,,,,,,,,,,,,,,
,,,,,,,,,,,,,,,,,,,,,,,,,,,,,,,,,,,,,,,,,,,,,,,,,,,,,,,,,,,,,,,,,,,,,,,,,,,,,,,,,,,,,,,,,,,,,,,,,,,
,,,,,,,,,,,,,,,,,,,,,,,,,,,,,,,,,,,,,,,,,,,,,,,,,,,,,,,,,,,,,,,,,,,,,,,,,,,,,,,,,,,,,,,,,,,,,,,,,,,
,,,,,,,,,,,,,,,,,,,,,,,,,,,,,,,,,,,,,,,,,,,,,,,,,,,,,,,,,,,,,,,,,,,,,,,,,,,,,,,,,,,,,,,,,,,,,,,,,,,
,,,,,,,,,,,,,,,,,,,,,,,,,,,,,,,,,,,,,,,,,,,,,,,,,,,,,,,,,,,,,,,,,,,,,,,,,,,,,,,,,,,,,,,,,,,,,,,,,,,
,,,,,,,,,,,,,,,,,,,,,,,,,,,,,,,,,,,,,,,,,,,,,,,,,,,,,,,,,,,,,,,,,,,,,,,,,,,,,,,,,,,,,,,,,,,,,,,,,,,
,,,,,,,,,,,,,,,,,,,,,,,,,,,,,,,,,,,,,,,,,,,,,,,,,,,,,,,,,,,,,,,,,,,,,,,,,,,,,,,,,,,,,,,,,,,,,,,,,,,
,,,,,,,,,,,,,,,,,,,,,,,,,,,,,,,,,,,,,,,,,,,,,,,,,,,,,,,,,,,,,,,,,,,,,,,,,,,,,,,,,,,,,,,,,,,,,,,,,,,
,,,,,,,,,,,,,,,,,,,,,,,,,,,,,,,,,,,,,,,,,,,,,,,,,,,,,,,,,,,,,,,,,,,,,,,,,,,,,,,,,,,,,,,,,,,,,,,,,,,
,,,,,,,,,,,,,,,,,,,,,,,,,,,,,,,,,,,,,,,,,,,,,,,,,,,,,,,,,,,,,,,,,,,,,,,,,,,,,,,,,,,,,,,,,,,,,,,,,,,
,,,,,,,,,,,,,,,,,,,,,,,,,,,,,,,,,,,,,,,,,,,,,,,,,,,,,,,,,,,,,,,,,,,,,,,,,,,,,,,,,,,,,,,,,,,,,,,,,,,
,,,,,,,,,,,,,,,,,,,,,,,,,,,,,,,,,,,,,,,,,,,,,,,,,,,,,,,,,,,,,,,,,,,,,,,,,,,,,,,,,,,,,,,,,,,,,,,,,,,
,,,,,,,,,,,,,,,,,,,,,,,,,,,,,,,,,,,,,,,,,,,,,,,,,,,,,,,,,,,,,,,,,,,,,,,,,,,,,,,,,,,,,,,,,,,,,,,,,,,
,,,,,,,,,,,,,,,,,,,,,,,,,,,,,,,,,,,,,,,,,,,,,,,,,,,,,,,,,,,,,,,,,,,,,,,,,,,,,,,,,,,,,,,,,,,,,,,,,,,
,,,,,,,,,,,,,,,,,,,,,,,,,,,,,,,,,,,,,,,,,,,,,,,,,,,,,,,,,,,,,,,,,,,,,,,,,,,,,,,,,,,,,,,,,,,,,,,,,,,
,,,,,,,,,,,,,,,,,,,,,,,,,,,,,,,,,,,,,,,,,,,,,,,,,,,,,,,,,,,,,,,,,,,,,,,,,,,,,,,,,,,,,,,,,,,,,,,,,,,
,,,,,,,,,,,,,,,,,,,,,,,,,,,,,,,,,,,,,,,,,,,,,,,,,,,,,,,,,,,,,,,,,,,,,,,,,,,,,,,,,,,,,,,,,,,,,,,,,,,
,,,,,,,,,,,,,,,,,,,,,,,,,,,,,,,,,,,,,,,,,,,,,,,,,,,,,,,,,,,,,,,,,,,,,,,,,,,,,,,,,,,,,,,,,,,,,,,,,,,
,,,,,,,,,,,,,,,,,,,,,,,,,,,,,,,,,,,,,,,,,,,,,,,,,,,,,,,,,,,,,,,,,,,,,,,,,,,,,,,,,,,,,,,,,,,,,,,,,,,
,,,,,,,,,,,,,,,,,,,,,,,,,,,,,,,,,,,,,,,,,,,,,,,,,,,,,,,,,,,,,,,,,,,,,,,,,,,,,,,,,,,,,,,,,,,,,,,,,,,
,,,,,,,,,,,,,,,,,,,,,,,,,,,,,,,,,,,,,,,,,,,,,,,,,,,,,,,,,,,,,,,,,,,,,,,,,,,,,,,,,,,,,,,,,,,,,,,,,,,
,,,,,,,,,,,,,,,,,,,,,,,,,,,,,,,,,,,,,,,,,,,,,,,,,,,,,,,,,,,,,,,,,,,,,,,,,,,,,,,,,,,,,,,,,,,,,,,,,,,
,,,,,,,,,,,,,,,,,,,,,,,,,,,,,,,,,,,,,,,,,,,,,,,,,,,,,,,,,,,,,,,,,,,,,,,,,,,,,,,,,,,,,,,,,,,,,,,,,,,
,,,,,,,,,,,,,,,,,,,,,,,,,,,,,,,,,,,,,,,,,,,,,,,,,,,,,,,,,,,,,,,,,,,,,,,,,,,,,,,,,,,,,,,,,,,,,,,,,,,
,,,,,,,,,,,,,,,,,,,,,,,,,,,,,,,,,,,,,,,,,,,,,,,,,,,,,,,,,,,,,,,,,,,,,,,,,,,,,,,,,,,,,,,,,,,,,,,,,,,
,,,,,,,,,,,,,,,,,,,,,,,,,,,,,,,,,,,,,,,,,,,,,,,,,,,,,,,,,,,,,,,,,,,,,,,,,,,,,,,,,,,,,,,,,,,,,,,,,,,
,,,,,,,,,,,,,,,,,,,,,,,,,,,,,,,,,,,,,,,,,,,,,,,,,,,,,,,,,,,,,,,,,,,,,,,,,,,,,,,,,,,,,,,,,,,,,,,,,,,
,,,,,,,,,,,,,,,,,,,,,,,,,,,,,,,,,,,,,,,,,,,,,,,,,,,,,,,,,,,,,,,,,,,,,,,,,,,,,,,,,,,,,,,,,,,,,,,,,,,
,,,,,,,,,,,,,,,,,,,,,,,,,,,,,,,,,,,,,,,,,,,,,,,,,,,,,,,,,,,,,,,,,,,,,,,,,,,,,,,,,,,,,,,,,,,,,,,,,,,
,,,,,,,,,,,,,,,,,,,,,,,,,,,,,,,,,,,,,,,,,,,,,,,,,,,,,,,,,,,,,,,,,,,,,,,,,,,,,,,,,,,,,,,,,,,,,,,,,,,
,,,,,,,,,,,,,,,,,,,,,,,,,,,,,,,,,,,,,,,,,,,,,,,,,,,,,,,,,,,,,,,,,,,,,,,,,,,,,,,,,,,,,,,,,,,,,,,,,,,
,,,,,,,,,,,,,,,,,,,,,,,,,,,,,,,,,,,,,,,,,,,,,,,,,,,,,,,,,,,,,,,,,,,,,,,,,,,,,,,,,,,,,,,,,,,,,,,,,,,
,,,,,,,,,,,,,,,,,,,,,,,,,,,,,,,,,,,,,,,,,,,,,,,,,,,,,,,,,,,,,,,,,,,,,,,,,,,,,,,,,,,,,,,,,,,,,,,,,,,
,,,,,,,,,,,,,,,,,,,,,,,,,,,,,,,,,,,,,,,,,,,,,,,,,,,,,,,,,,,,,,,,,,,,,,,,,,,,,,,,,,,,,,,,,,,,,,,,,,,
,,,,,,,,,,,,,,,,,,,,,,,,,,,,,,,,,,,,,,,,,,,,,,,,,,,,,,,,,,,,,,,,,,,,,,,,,,,,,,,,,,,,,,,,,,,,,,,,,,,
,,,,,,,,,,,,,,,,,,,,,,,,,,,,,,,,,,,,,,,,,,,,,,,,,,,,,,,,,,,,,,,,,,,,,,,,,,,,,,,,,,,,,,,,,,,,,,,,,,,
,,,,,,,,,,,,,,,,,,,,,,,,,,,,,,,,,,,,,,,,,,,,,,,,,,,,,,,,,,,,,,,,,,,,,,,,,,,,,,,,,,,,,,,,,,,,,,,,,,,
,,,,,,,,,,,,,,,,,,,,,,,,,,,,,,,,,,,,,,,,,,,,,,,,,,,,,,,,,,,,,,,,,,,,,,,,,,,,,,,,,,,,,,,,,,,,,,,,,,,
,,,,,,,,,,,,,,,,,,,,,,,,,,,,,,,,,,,,,,,,,,,,,,,,,,,,,,,,,,,,,,,,,,,,,,,,,,,,,,,,,,,,,,,,,,,,,,,,,,,
,,,,,,,,,,,,,,,,,,,,,,,,,,,,,,,,,,,,,,,,,,,,,,,,,,,,,,,,,,,,,,,,,,,,,,,,,,,,,,,,,,,,,,,,,,,,,,,,,,,
,,,,,,,,,,,,,,,,,,,,,,,,,,,,,,,,,,,,,,,,,,,,,,,,,,,,,,,,,,,,,,,,,,,,,,,,,,,,,,,,,,,,,,,,,,,,,,,,,,,
MoveObject: type=2 stepAdvance=1 stepRecede=1 timeStopStart=0 timeStopEnd=0 posStart=2306;452 posEnd=2306;452 posCurrent=2306;452 step=1 time=0 phase=379 channel=10 icon=12 
MoveObject: type=2 stepAdvance=1 stepRecede=1 timeStopStart=0 timeStopEnd=0 posStart=2434;452 posEnd=2434;452 posCurrent=2434;452 step=1 time=0 phase=379 channel=10 icon=12 
MoveObject: type=2 stepAdvance=1 stepRecede=1 timeStopStart=0 timeStopEnd=0 posStart=2498;452 posEnd=2498;452 posCurrent=2498;452 step=1 time=0 phase=379 channel=10 icon=12 
MoveObject: type=2 stepAdvance=1 stepRecede=1 timeStopStart=0 timeStopEnd=0 posStart=2370;452 posEnd=2370;452 posCurrent=2370;452 step=1 time=0 phase=379 channel=10 icon=12 
MoveObject: type=2 stepAdvance=1 stepRecede=1 timeStopStart=0 timeStopEnd=0 posStart=2562;452 posEnd=2562;452 posCurrent=2562;452 step=1 time=0 phase=379 channel=10 icon=12 
MoveObject: type=2 stepAdvance=1 stepRecede=1 timeStopStart=0 timeStopEnd=0 posStart=2626;452 posEnd=2626;452 posCurrent=2626;452 step=1 time=0 phase=379 channel=10 icon=12 
MoveObject: type=2 stepAdvance=1 stepRecede=1 timeStopStart=0 timeStopEnd=0 posStart=2690;452 posEnd=2690;452 posCurrent=2690;452 step=1 time=0 phase=379 channel=10 icon=12 
MoveObject: type=2 stepAdvance=1 stepRecede=1 timeStopStart=0 timeStopEnd=0 posStart=2754;452 posEnd=2754;452 posCurrent=2754;452 step=1 time=0 phase=379 channel=10 icon=12 
MoveObject: type=2 stepAdvance=1 stepRecede=1 timeStopStart=0 timeStopEnd=0 posStart=2818;452 posEnd=2818;452 posCurrent=2818;452 step=1 time=0 phase=379 channel=10 icon=12 
MoveObject: type=44 stepAdvance=12 stepRecede=12 timeStopStart=4 timeStopEnd=4 posStart=3904;5760 posEnd=4032;5760 posCurrent=4032;5760 step=3 time=1 phase=379 channel=10 icon=206 
MoveObject: type=3 stepAdvance=1 stepRecede=1 timeStopStart=0 timeStopEnd=0 posStart=3842;5312 posEnd=3842;5312 posCurrent=3842;5312 step=1 time=0 phase=379 channel=10 icon=48 
MoveObject: type=3 stepAdvance=1 stepRecede=1 timeStopStart=0 timeStopEnd=0 posStart=4098;5312 posEnd=4098;5312 posCurrent=4098;5312 step=1 time=0 phase=379 channel=10 icon=48 
MoveObject: type=3 stepAdvance=1 stepRecede=1 timeStopStart=0 timeStopEnd=0 posStart=3778;5312 posEnd=3778;5312 posCurrent=3778;5312 step=1 time=0 phase=379 channel=10 icon=48 
MoveObject: type=3 stepAdvance=1 stepRecede=1 timeStopStart=0 timeStopEnd=0 posStart=4162;5312 posEnd=4162;5312 posCurrent=4162;5312 step=1 time=0 phase=379 channel=10 icon=48 
MoveObject: type=3 stepAdvance=1 stepRecede=1 timeStopStart=0 timeStopEnd=0 posStart=3906;5312 posEnd=3906;5312 posCurrent=3906;5312 step=1 time=0 phase=379 channel=10 icon=48 
MoveObject: type=3 stepAdvance=1 stepRecede=1 timeStopStart=0 timeStopEnd=0 posStart=3970;5312 posEnd=3970;5312 posCurrent=3970;5312 step=1 time=0 phase=379 channel=10 icon=48 
MoveObject: type=3 stepAdvance=1 stepRecede=1 timeStopStart=0 timeStopEnd=0 posStart=4034;5312 posEnd=4034;5312 posCurrent=4034;5312 step=1 time=0 phase=379 channel=10 icon=48 
MoveObject: type=49 stepAdvance=1 stepRecede=1 timeStopStart=0 timeStopEnd=0 posStart=4866;5828 posEnd=4866;5828 posCurrent=4866;5828 step=1 time=0 phase=379 channel=10 icon=215 
MoveObject: type=5 stepAdvance=1 stepRecede=1 timeStopStart=0 timeStopEnd=0 posStart=898;772 posEnd=898;772 posCurrent=898;772 step=1 time=0 phase=379 channel=10 icon=6 
MoveObject: type=5 stepAdvance=1 stepRecede=1 timeStopStart=0 timeStopEnd=0 posStart=898;580 posEnd=898;580 posCurrent=898;580 step=1 time=0 phase=379 channel=10 icon=6 
MoveObject: type=5 stepAdvance=1 stepRecede=1 timeStopStart=0 timeStopEnd=0 posStart=898;388 posEnd=898;388 posCurrent=898;388 step=1 time=0 phase=379 channel=10 icon=6 
MoveObject: type=7 stepAdvance=1 stepRecede=1 timeStopStart=0 timeStopEnd=0 posStart=770;1156 posEnd=770;1156 posCurrent=770;1156 step=1 time=0 phase=379 channel=10 icon=35 
MoveObject: type=1 stepAdvance=60 stepRecede=60 timeStopStart=3 timeStopEnd=3 posStart=768;1088 posEnd=768;448 posCurrent=768;981 step=4 time=50 phase=379 channel=1 icon=153 
MoveObject: type=24 stepAdvance=1 stepRecede=1 timeStopStart=0 timeStopEnd=0 posStart=1858;453 posEnd=1858;453 posCurrent=1858;453 step=1 time=0 phase=379 channel=10 icon=130 
MoveObject: type=24 stepAdvance=1 stepRecede=1 timeStopStart=0 timeStopEnd=0 posStart=1794;453 posEnd=1794;453 posCurrent=1794;453 step=1 time=0 phase=379 channel=10 icon=130 
MoveObject: type=24 stepAdvance=1 stepRecede=1 timeStopStart=0 timeStopEnd=0 posStart=1730;453 posEnd=1730;453 posCurrent=1730;453 step=1 time=0 phase=379 channel=10 icon=130 
MoveObject: type=24 stepAdvance=1 stepRecede=1 timeStopStart=0 timeStopEnd=0 posStart=1666;453 posEnd=1666;453 posCurrent=1666;453 step=1 time=0 phase=379 channel=10 icon=130 
MoveObject: type=24 stepAdvance=1 stepRecede=1 timeStopStart=0 timeStopEnd=0 posStart=1602;453 posEnd=1602;453 posCurrent=1602;453 step=1 time=0 phase=379 channel=10 icon=130 
MoveObject: type=47 stepAdvance=10 stepRecede=10 timeStopStart=10 timeStopEnd=10 posStart=3584;512 posEnd=3584;512 posCurrent=3584;512 step=1 time=0 phase=379 channel=1 icon=311 
MoveObject: type=47 stepAdvance=10 stepRecede=10 timeStopStart=10 timeStopEnd=10 posStart=3712;512 posEnd=3712;512 posCurrent=3712;512 step=1 time=0 phase=379 channel=1 icon=311 
MoveObject: type=50 stepAdvance=1 stepRecede=1 timeStopStart=0 timeStopEnd=0 posStart=4674;452 posEnd=4674;452 posCurrent=4674;452 step=1 time=0 phase=379 channel=10 icon=218 
MoveObject: type=1 stepAdvance=36 stepRecede=36 timeStopStart=3 timeStopEnd=3 posStart=3392;512 posEnd=3392;896 posCurrent=3392;832 step=4 time=6 phase=379 channel=1 icon=29 
MoveObject: type=47 stepAdvance=10 stepRecede=10 timeStopStart=10 timeStopEnd=10 posStart=3840;512 posEnd=3840;512 posCurrent=3840;512 step=1 time=0 phase=379 channel=1 icon=311 
MoveObject: type=17 stepAdvance=30 stepRecede=30 timeStopStart=47 timeStopEnd=47 posStart=512;2432 posEnd=640;2432 posCurrent=576;2432 step=2 time=15 phase=379 channel=10 icon=80 
MoveObject: type=47 stepAdvance=10 stepRecede=10 timeStopStart=10 timeStopEnd=10 posStart=3968;512 posEnd=3968;512 posCurrent=3968;512 step=1 time=0 phase=379 channel=1 icon=311 
MoveObject: type=17 stepAdvance=30 stepRecede=30 timeStopStart=47 timeStopEnd=47 posStart=960;2432 posEnd=832;2432 posCurrent=896;2432 step=2 time=15 phase=379 channel=10 icon=83 
MoveObject: type=2 stepAdvance=1 stepRecede=1 timeStopStart=0 timeStopEnd=0 posStart=1794;2820 posEnd=1794;2820 posCurrent=1794;2820 step=1 time=0 phase=379 channel=10 icon=12 
MoveObject: type=47 stepAdvance=10 stepRecede=10 timeStopStart=10 timeStopEnd=10 posStart=4096;512 posEnd=4096;512 posCurrent=4096;512 step=1 time=0 phase=379 channel=1 icon=311 
MoveObject: type=51 stepAdvance=1 stepRecede=1 timeStopStart=0 timeStopEnd=0 posStart=706;2628 posEnd=706;2628 posCurrent=706;2628 step=1 time=0 phase=379 channel=10 icon=223 
