DescFile: posDecor=132;4320 dimDecor=100;100 world=0 music=3 region=13 blupiPos=450;4614 blupiDir=2 
Decor: 
,,,,,,,,,,,,,,,,,,,,,,,,,,,,,,,,,,,,,,,,,,,,,,,,,,,,,,,,,,,,,,,,,362,341,345,343,341,343,345,343,345,342,343,341,342,344,345,342,363,,,,,,,,,,,,,,,,,,
,,,,,,,,,,,,,,,,,,,,,,,,,,,,,,,,,,,,,,,,,,,,,,,,,,,,,,,,,,,,,,,,,362,342,343,343,342,343,343,344,343,345,342,345,341,344,343,342,348,,,,,,,,,,,,,,,,,,
,,,,,,,,,,,,,,,,,,,,,,,,,,,,,,,,,,,,,,,,,,,,,,,,,,,,,,,,,,,,,,,,,347,344,344,342,341,345,341,343,342,342,343,341,345,344,342,342,341,349,349,349,349,349,349,349,349,349,349,349,349,349,349,349,349,349,349
,,,,,,,,,,,,,,,,,,,,,,,,,,,,,,,,,,,,,,,,,,,,,,,,,,,,,,,,,,,,,,,,,362,343,345,346,345,341,344,344,346,346,346,343,345,341,345,343,342,344,345,346,343,345,346,343,346,344,345,344,343,346,341,343,344,344,341
,,,,,,,,,,,,,,,,,,,,,,,,,,,,,,,,,,,,,,,,,,,,,,,,,,,,,,,,,,,,,,,,,347,344,345,344,342,343,342,346,341,350,350,350,341,342,343,343,344,345,345,344,341,343,345,345,341,344,344,341,344,341,342,346,342,343,345
,,,,,,,,,,,,,,,,,,,,,,,,,,,,,,,,,,,,,,,,,,,,,,,,,,,,,,,,,,,,,,,,,347,344,342,341,341,341,343,350,356,,,,362,346,343,342,342,343,342,345,346,342,343,344,344,345,346,346,341,346,341,345,344,345,345
,,,,,,,,,,,,,,,,,,,,,,,,,,,,,,,,,,,,,,,,,,,,,,,,,,,,,,,,,,,,,,,,,347,344,343,346,342,341,363,,,,353,201,343,342,342,342,342,345,342,341,344,346,344,342,344,345,343,345,346,345,346,344,346,342,344
,,,,,,,,,,,,,,,,,,,,,,,,,,,,,,,,,,,,,,,,,,,,,,,,,,,,,,,,,,,,,,,,,354,350,350,350,350,350,356,,359,349,350,201,344,344,344,341,345,344,344,343,350,350,350,350,350,350,350,350,350,350,350,350,350,343,342
,,,,,,,,,,,,,,,,,,,,,,,,,,,,,,,,,,,,,,,,,,,,,,,,,,,,,,,,,,,,,,,,,,,,,,,,,,201,,,347,342,344,345,344,342,344,348,,,,,,,,,,,,,,347,342
,,,,,,,,,,,,,,,,,,,,,,,,,,,,,,,,,,,,,,,,,,,,,,,,,,,,,,,,,,,,,,,,,,,,,,,,,,201,,,347,343,344,344,343,343,341,348,,,,,,,,,,,,,,362,345
,,,,,,,,,,,,,,,,,,,,,,,,,,,,,,,,,,,,,,,,,,,,,,,,,,,,,,,,,,,,,,,,,,,,,,,,,,201,,,347,342,341,341,343,345,344,363,,,,,,,,,,,,,,362,342
,,,,,,,,,,,,,,,,,,,,,,,,,,,,,,,,,,,,,,,,,,,,,,,,,,,,,,,,,,,,,,,,,,,,,,,,,,201,,,347,345,345,342,343,341,343,363,,,,,,,,,,,,,,347,343
,,,,,,,,,,,,,,,,,,,,,,,,,,,,,,,,,,,,,,,,,,,,,,,,,,,,,,,,,,,,,,,,,,,,,,,,,,201,,,362,345,344,342,342,343,341,348,,,,,,,,,,,,,,347,345
,,,,,,,,,,,,,,,,,,,,,,,,,,,,,,,,,,,,,,,,,,,,,,,,,,,,,,,,,,,,,,,,,,,,,,,,,,201,,,347,341,345,343,345,342,345,363,,,,,,,,,,,,,,362,342
,,,,,,,,,,,,,,,,,,,,,,,,,,,,,,,,,,,,,,,,,,,,,,,,,,,,,,,,,,,,,,,,,,,,,,,,,,201,,,347,341,342,341,342,343,344,348,,,,,,,,,,,,,,347,345
,,,,,,,,,,,,,,,,,,,,,,,,,,,,,,,,,,,,,,,,,,,,,,,,,,,,,,,,,,,,,,,,,,,,,,,,,,201,,,347,344,344,343,342,342,344,363,,,,,,,,,,,,,,362,344
,,,,,,,,,,,,,,,,,,,,,,,,,,,,,,,,,,,,,,,,,,,,,,,,,,,,,,,,,,,,,,,,,,,,,,,,,,201,,,347,344,344,341,341,341,343,363,,,,,,,,,,,,,,362,341
,,,,,,,,,,,,,,,,,,,,,,,,,,,,,,,,,,,,,,,,,,,,,,,,,,,,,,,,,,,,,,,,,,,,,,,,,,201,,,347,342,341,345,343,341,344,363,,,,,,,,,,,,,,347,345
,,,,,,,,,,,,,,,,,,,,,,,,,,,,,,,,,,,,,,,,,,,,,,,,,,,,,,,,,,,,,,,,,,,,,,,,,,201,,,347,344,342,341,342,342,342,363,,,,,,,,,,,,,,362,341
,,,,,,,,,,,,,,,,,,,,,,,,,,,,,,,,,,,,,,,,,,,,,,,,,,,,,,,,,,,,,,,,,,,,,,,,,353,343,349,349,345,342,345,345,343,343,341,344,349,349,349,349,349,349,349,349,349,349,349,349,349,343,346
,,,,,,,,,,,,,,,,,,,,,,,,,,,,,,,,,,,,,,,,,,,,,,,,,,,,,,,,,,201,201,201,201,201,201,201,201,201,201,349,201,201,201,201,344,342,344,346,343,343,344,342,342,345,345,343,341,343,342,346,343,345,346,341,346,341,342,342,344,341,345
,,,,,,,,,,,,,,,,,,,,,,,,,,,,,,,,,,,,,,,,,,,,,,,,,,,,,,,,,,201,201,201,201,201,350,201,201,201,201,201,201,201,201,78,342,344,345,344,344,342,345,346,344,343,341,343,341,343,343,341,345,346,344,343,344,342,343,341,345,342,343
,,,,,,,,,,,,,,,,,,,,,,,,,,,,,,,,,,,,,,,,,,,,,,,,,,,,,,,,,,79,,,,,,,,,,,,84,200,83,344,343,343,344,344,341,342,341,346,345,341,341,345,342,344,341,344,343,345,341,343,345,343,343,344,343,343
,,,,,,,,,,,,,,,,,,,,,,,,,,,,,,,,,,,,,,,,,,,,,,,,,,,,,,,,,,80,200,200,79,,,,,,,,,84,200,79,345,344,341,342,341,346,344,344,346,342,343,346,342,344,343,344,342,344,345,345,344,343,345,345,343,346,342
,,,,,,,,,,,,,,,,,,,,,,,,,,,,,,,,,,,,,,,,,,,,,,,,,,,,,,,,,,,,,80,78,,,,,,,,201,,78,343,344,342,342,343,342,344,345,345,342,346,345,341,343,346,344,344,344,341,342,341,341,344,344,342,346,342
,,,,,,,,,,,,,,,,,,,,,,,,,,,,,,,,,,,,,,,,,,,,,,,,,,,,,,,,,,,,,347,342,349,349,349,349,349,349,349,343,349,343,342,345,345,341,341,345,344,345,341,343,344,346,345,346,345,346,341,343,344,342,343,343,343,346,344,341,341
,,,,,,,,,,,,,,,,,,,,,,,,,,,,,,,,,,,,,,,,,,,,,,,,,,,,,,,,90,,,,,362,83,80,346,343,341,344,344,344,344,342,342,342,341,344,342,345,345,346,346,345,341,343,346,345,342,346,344,344,346,345,343,342,346,341,343,341,345,346
,,,,,,,,,,,,,,,,,,,,,,,,,,,,,,,,,,,,,,,,,,,,,,,,,,,,,,,,78,78,,,,362,81,80,345,346,343,341,343,342,344,343,343,345,345,345,346,341,342,344,343,344,341,345,342,346,345,345,344,345,341,345,346,346,341,341,342,341,343,343
,,,,,,,,,,,,,,,,,,,,,,,,,,,,,,,,,,,,,,,,,,,,,,,,,,,,,,,,,83,81,201,201,345,345,81,84,345,344,342,346,346,344,342,343,341,344,344,346,345,346,342,346,344,342,345,341,343,345,344,342,344,346,342,345,343,346,346,342,343,344,344
,,,,,,,,,,,,,,,,,,,,,,,,,,,,,,,,,,,,,,,,,,,,,,,,,,,,,,,,,,82,,,201,350,343,81,84,341,341,343,345,346,344,341,344,345,343,345,343,345,344,341,346,343,342,346,345,342,342,344,344,343,345,346,344,342,342,341,342,344,345
,,,,,,,,,,,,,,,,,,,,,,,,,,,,,,,,,,,,,,,,,,,,,,,,,,,,,,,,,,82,,,201,,354,342,81,83,342,346,344,344,346,345,343,341,341,341,345,341,341,341,346,342,341,346,346,346,341,343,341,346,345,344,342,346,343,344,345,344,345
,,,,,,,,,,,,,,,,,,,,,,,,,,,,,,,,,,,,,,,,,,,,,,,,,,,,,,,,,,82,,,201,,,354,345,82,84,342,346,346,346,341,343,343,345,341,341,341,341,346,346,346,342,346,344,345,341,341,341,342,343,342,344,344,343,345,342,341,345
,,,,,,,,,,,,,,,,,,,,,,,,,,,,,,,,,,,,,,,,,,,,,,,,,,,,,,,,,,84,,,201,,,,354,346,83,84,345,346,346,346,345,345,345,343,346,346,342,345,341,346,344,346,342,342,343,345,344,342,344,346,345,345,341,345,341,345,346
,,,,,,,,,,,,,,,,,,,,,,,,,,,,,,,,,,,,,,,,,,,,,,,,,,,,,,,,,78,81,201,352,201,,,,,354,344,80,83,345,343,341,343,342,345,346,343,345,345,344,342,346,343,344,342,345,345,346,345,344,344,346,341,345,345,341,345,345,341
,,,,,,,,,,,,,,,,,,,,,,,,,,,,,,,,,,,,,,,,,,,,,,,,,,,,,,,,80,84,,,,201,,,,,,362,343,84,344,345,345,345,341,343,346,344,346,344,343,344,341,345,343,346,342,341,342,342,346,342,343,343,341,344,344,346,344,342
,,,,,,,,,,,,,,,,,,,,,,,,,,,,,,,,,,,,,,,,,,,,,,,,,,,,,,,80,78,,,,,201,,,,,,92,341,82,346,346,342,341,344,345,343,346,341,343,346,342,344,346,346,342,344,344,343,342,345,343,343,341,343,346,343,343,341,346
,,,,,,,,,,,,,,,,,,,,,,,,,,,,,,,,,,,,,,,,,,,,,,,,,,,,81,201,201,83,,,,,,201,,,,,,92,342,78,341,343,346,346,342,346,345,346,345,345,342,341,346,341,342,344,342,345,344,345,341,344,343,346,343,344,346,341,341,345
,,,,,,,,,,,,,,,,,,,,,,,,,,,,,,,,,,,,,,,,,,,,,,,,79,201,201,201,78,,,84,,,,,,201,,,,,,92,342,79,342,346,341,346,344,346,341,343,341,344,342,345,343,342,344,343,345,344,346,344,342,343,345,345,345,345,342,344,344,344
,,,,,,,,,,,,,,,,,,,,,,,,,,,,,,,,,,,,,,,,,,,,81,201,201,201,83,,,,82,,,78,201,201,201,201,352,201,,,,,,92,343,78,344,343,343,346,341,344,345,344,341,346,341,345,344,345,343,345,343,342,346,341,344,341,341,344,342,341,345,346,342,341
,,,,,,,,,,,,,,,,,,,,,,,,,,,,,,,,,,,,,,,,,,,,,,,,79,201,201,201,82,,,80,,,,,,201,,,,,,92,344,84,341,343,343,341,341,346,345,346,346,344,341,341,346,345,345,345,342,343,341,344,341,343,341,345,346,341,343,341,345,346
,,,,,,,,,,,,,,,,,,,,,,,,,,,,,,,,,,,,,,,,,,,,,,,,,,,,83,201,201,80,,,,,,201,,,,,,92,342,79,346,345,344,344,345,345,346,345,345,345,342,345,341,346,343,345,345,344,342,343,342,342,344,345,346,342,343,345,344,341
,,,,,,,,,,,,,,,,,,,,,,,,,,,,,,,,,,,,,,,,,,,,,,,,,,,,,,,81,79,,,,,201,,,,,,92,343,79,343,345,341,342,343,346,350,350,350,350,350,350,350,350,350,350,350,350,350,350,350,350,350,350,350,350,350,350,350,350
,,,,,,,,,,,,,,,,,,,,,,,,,,,,,,,,,,,,,,,,,,,,,,,,,,,,,,,,82,78,,,,201,,,,,,362,345,82,341,345,342,342,344,363,,,,,,,,,,,,,,,,,,,,,,,,
,,,,,,,,,,,,,,,,,,,,,,,,,,,,,,,,,,,,,,,,,,,,,,,,,,,,,,,,,82,83,201,352,201,,,,,353,342,82,81,342,344,344,345,344,348,,,,,,,,,,,,,,,,,,,,,,,,
,,,,,,,,,,,,,,,,,,,,,,,,,,,,,,,,,,,,,,,,,,,,,,,,,,,,,,,,,,80,,,201,,,,353,342,81,84,343,341,342,346,343,346,363,,,,,,,,,,,,,,,,,,,,,,,,
,,,,,,,,,,,,,,,,,,,,,,,,,,,,,,,,,,,,,,,,,,,,,,,,,,,,,,,,,,84,,,201,81,,353,346,80,84,342,342,341,341,343,342,342,348,,,,,,,,,,,,,,,,,,,,,,,,
,,,,,,,,,,,,,,,,,,,,,,,,,,,,,,,,,,,,,,,,,,,,,,,,,,,,,,,,,,78,,,201,81,349,344,78,83,346,341,346,344,341,346,346,344,363,,,,,,,,,,,,,,,,,,,,,,,,
,,,,,,,,,,,,,,,,,,,,,,,,,,,,,,,,,,,,,,,,,,,,,,,,,,,,,,,,,,84,,,201,341,344,81,84,342,345,341,342,346,342,341,344,342,363,,,,,,,,,,,,,,,,,,,,,,,,
,,,,,,,,,,,,,,,,,,,,,,,,,,,,,,,,,,,,,,,,,,,,,,,,,,,,,,,,,84,83,201,201,344,344,80,83,345,345,342,345,342,345,341,343,341,346,363,,,,,,,,,,,,,,,,,,,,,,,,
,,,,,,,,,,,,,,,,,,,,,,,,,,,,,,,,,,,,,,,,,,,,,,,,,,,,,,,,83,80,,,,362,83,80,342,344,343,345,343,344,341,342,344,345,341,363,,,,,,,,,,,,,,,,,,,,,,,,
,,,,,,,,,,,,,,,,,,,,,,,,,,,,,,,,,,,,,,,,,,,,,,,,,,,,,,,,87,,,,81,84,78,342,345,342,344,342,346,341,343,342,345,346,346,363,,,,,,,,,,,,,,,,,,,,,,,,
,,,,,,,,,,,,,,,,,,,,,,,,,,,,,,,,,,,,,,,,,,,,,,,,,,,,,,,,,,,,81,79,78,342,341,345,341,341,344,341,344,345,344,346,341,363,,,,,,,,,,,,,,,,,,,,,,,,
,,,,,,,,,,,,,,,,,,,,,,,,,,,,,,,,,,,,,,,,,,,,,,,,,,,,,,,,,,,,81,81,79,345,344,345,344,342,344,345,343,346,342,342,344,363,,,,,,,,,,,,,,,,,,,,,,,,
,,,,,,,,,,,,,,,,,,,,,,,,,,,,,,,,,,,,,,,,,,,,,,,,,,,,,,,,,,,,,81,78,341,341,341,345,342,345,342,341,343,342,344,343,348,,,,,,,,,,,,,,,,,,,,,,,,
,,,,,,,,,,,,,,,,,,,,,,,,,,,,,,,,,,,,,,,,,,,,,,,,,,,,,,,,,,,89,,83,81,342,345,344,342,343,344,350,350,350,350,350,350,356,,,,,,,,,,,,,,,,,,,,,,,,
,,,,,,,,,,,,,,,,,,,,,,,,,,,,,,,,,,,,,,,,,,,,,,,,,,,,,,,,,,,81,200,345,79,79,345,346,344,344,363,,,,,,,,,,,,,,,,,,,,,,,,,,,,,,,
,,,,,,,,,,,,,,,,,,,,,,,,,,,,,,,,,,,,,,,,,,,,,,,,,,,,,,,,,,,87,,347,344,79,79,345,341,342,363,,,,,,,,,,,,,,,,,,,,,,,,,,,,,,,
,,,,,,,,,,,,,,,,,,,,,,,,,,,,,,,,,,,,,,,,,,,,,,,,,,,,,,,,,,,,,362,344,344,79,79,345,343,363,,,,,,,,,,,,,,,,,,,,,,,,,,,,,,,
,,,,,,,,,,,,,,,,,,,,,,,,,,,,,,,,,,,,,,,,,,,,,,,,,,,,,,,,,,89,,,347,344,342,346,79,79,345,363,,,,,,,,,,,,,,,,,,,,,,,,,,,,,,,
,,,,,,,,,,,,,,,,,,,,,,,,,,,,,,,,,,,,,,,,,,,,,,,,,,,,,,,,,,84,200,200,341,344,341,343,341,79,79,363,,,,,,,,,,,,,,,,,,,,,,,,,,,,,,,
,,,,,,,,,,,,,,,,,,,,,,,,,,,,,,,,,,,,,,,,,,,,,,,,,,,,,,,,,,87,,,362,343,344,344,342,345,79,79,,,,,,,,,,,,,,,,,,,,,,,,,,,,,,,
,,,,,,,,,,,,,,,,,,,,,,,,,,,,,,,,,,,,,,,,,,,,,,,,,,,,,,,,,,,,,362,346,344,343,341,342,343,79,,,,,,,,,,,,,,,,,,,,,,,,,,,,,,,
,,,,,,,,,,,,,,,,,,,,,,,,,,,,,,,,,,,,,,,,,,,,,,,,,,,,,,,,,353,349,349,349,344,341,341,346,343,344,346,363,,,,,,,,,,,,,,,,,,,,,,,,,,,,,,,
,,,,,,,,,,,,,,,,,,,,,,,,,,,,,,,,,,,,,,,,,,,,,,,,,,,,,,,,,347,344,342,342,341,341,342,346,341,344,346,363,,,,,,,,,,,,,,,,,,,,,,,,,,,,,,,
,,,,,,,,,,,,,,,,,,,,,,,,,,,,,,,,,,,,,,,,,,,,,,,,,,,,,,,,,362,341,343,344,343,345,343,345,345,342,344,348,,,,,,,,,,,,,,,,,,,,,,,,,,,,,,,
,,,,,,,,,,,,,,,,,,,,,,,,,,,,,,,,,,,,,,,,,,,,,,,,,,,,,,,,,347,344,344,344,343,343,345,345,343,346,346,348,,,,,,,,,,,,,,,,,,,,,,,,,,,,,,,
,,,,,,,,,,,,,,,,,,,,,,,,,,,,,,,,,,,,,,,,,,,,,,,,,,,,,,,,,347,342,343,344,341,345,341,346,345,346,344,348,,,,,,,,,,,,,,,,,,,,,,,,,,,,,,,
,,,,,,,,,,,,,,,,,,,,,,,,,,,,,,,,,,,,,,,,,,,,,,,,,,,,,,,,,354,345,343,342,346,346,342,345,345,345,344,363,,,,,,,,,,,,,,,,,,,,,,,,,,,,,,,
,,,,,,,,,,,,,,,,,,,,,,,,,,,,,,,,,,,,,,,,,,,,,,,,,,,,,,,,,,354,345,345,346,346,343,345,342,343,345,363,,,,,,,,,,,,,,,,,,,,,,,,,,,,,,,
,,,,,,,,,,,,,,,,,,,,,,,,,,,,,,,,,,,,,,,,,,,,,,,,,,,,,,,,,,,354,346,346,343,346,343,341,346,342,348,,,,,,,,,,,,,,,,,,,,,,,,,,,,,,,
,,,,,,,,,,,,,,,,,,,,,,,,,,,,,,,,,,,,,,,,,,,,,,,,,,,,,,,,,,,,354,341,346,346,342,342,343,346,363,,,,,,,,,,,,,,,,,,,,,,,,,,,,,,,
,,,,,,,,,,,,,,,,,,,,,,,,,,,,,,,,,,,,,,,,,,,,,,,,,,,,,,,,,,,,,354,344,342,345,345,344,342,348,,,,,,,,,,,,,,,,,,,,,,,,,,,,,,,
,,,,,,,,,,,,,,,,,,,,,,,,,,,,,,,,,,,,,,,,,,,,,,,,,,,,,,,,,,,,,,354,341,342,341,343,344,363,,,,,,,,,,,,,,,,,,,,,,,,,,,,,,,
,,,,,,,,,,,,,,,,,,,,,,,,,,,,,,,,,,,,,,,,,,,,,,,,,,,,,,,,,,,,,,,347,341,345,341,341,348,,,,,,,,,,,,,,,,,,,,,,,,,,,,,,,
,,,,,,,,,,,,,,,,,,,,,,,,,,,,,,,,,,,,,,,,,,,,,,,89,,,378,89,,,,89,,,378,89,,,,347,345,344,346,343,363,,,,,,,,,,,,,,,,,,,,,,,,,,,,,,,
,,,,,,,,,,,,,,,,,,,,,,,,,,,,,,,,,,,,,,,,,,,,,,,201,201,81,201,201,201,81,201,201,201,81,201,201,201,81,201,342,341,345,345,342,348,,,,,,,,,,,,,,,,,,,,,,,,,,,,,,,
,,,,,,,,,,,,,,,,,,,,,,,,,,,,,,,,,,,,,,,,,,,,,,,87,,,,87,,,378,87,,,378,87,,,,362,346,345,345,342,363,,,,,,,,,,,,,,,,,,,,,,,,,,,,,,,
,,,,,,,,,,,,,,,,,,,,,,,,,,,,,,,,,,,,,,,,,,,,,,,,,,,,,,,,,,,,,,,347,346,346,341,341,363,,,,,,,,,,,,,,,,,,,,,,,,,,,,,,,
,,,,,,,,,,,,,,,,,,,353,349,349,349,349,349,349,349,349,349,349,349,349,349,349,349,349,349,349,349,349,349,349,355,,,,,,357,,,,,,,,,,,,,,353,343,344,342,344,345,363,,,,,,,,,,,,,,,,,,,,,,,,,,,,,,,
,,,,,,,,,,,,,,,,,,,362,342,343,343,345,343,344,344,344,341,346,343,344,341,341,344,346,345,345,344,345,342,344,341,90,,,,353,342,355,,,,,,,,,,,,353,343,345,345,344,341,345,348,,,,,,,,,,,,,,,,,,,,,,,,,,,,,,,
,,,,,,,,,,,,,,,,,,,347,344,344,345,344,346,341,344,345,342,342,344,343,345,343,343,344,345,343,346,341,345,346,342,82,84,235,349,345,343,341,355,,,,,,,,,,353,341,346,345,341,341,343,345,363,,,,,,,,,,,,,,,,,,,,,,,,,,,,,,,
,,,,,,,,,,,,,,,,,,,347,344,344,346,345,343,343,343,341,344,344,342,342,341,343,345,342,344,341,344,346,342,343,345,83,80,410,362,341,342,346,343,355,,,,,,,384,349,346,345,341,346,345,344,341,341,348,,,,,,,,,,,,,,,,,,,,,,,,,,,,,,,
,,,,,,,,,,,,,,,,,,,347,346,345,342,344,346,341,343,343,345,346,345,343,345,345,346,342,345,342,344,344,341,344,341,83,81,235,346,345,344,341,343,341,355,,,,,,347,342,342,346,344,341,345,345,344,345,348,,,,,,,,,,,,,,,,,,,,,,,,,,,,,,,
,,,,,,,,,,,,,,,,,,,362,345,343,344,344,344,344,350,350,350,350,350,350,350,346,350,350,350,350,350,342,350,350,350,350,350,235,343,342,341,343,342,341,341,355,,,,353,344,342,341,344,345,345,343,343,342,344,363,,,,,,,,,,,,,,,,,,,,,,,,,,,,,,,
,,,,,,,,,,,,,,,,,,,362,345,341,342,341,345,81,,,,,,,,351,,,,,,358,,,,,,,362,345,346,342,341,346,344,345,355,,,373,342,343,345,341,343,344,344,342,341,341,348,,,,,,,,,,,,,,,,,,,,,,,,,,,,,,,
,,,,,,,,,,,,,,,,,,,347,342,341,342,346,346,81,,,357,,,,,358,,,,,,,,,,,,,347,341,345,344,344,345,346,345,363,,,362,346,341,342,343,342,346,343,346,342,341,363,,,,,,,,,,,,,,,,,,,,,,,,,,,,,,,
,,,,,,,,,,,,,,,,,,,362,342,343,341,346,341,78,,,351,,,,,,,,,,,357,,,,,,,373,344,345,341,344,345,342,346,348,,,347,341,341,342,345,342,346,345,342,341,344,348,,,,,,,,,,,,,,,,,,,,,,,,,,,,,,,
,,,,,,,,,,,,,,,,,,,362,344,342,341,346,346,343,235,235,341,349,349,349,349,349,349,349,349,349,349,346,349,349,349,349,349,349,343,346,342,343,341,343,346,344,363,,,362,342,343,345,341,343,345,346,346,342,345,348,,,,,,,,,,,,,,,,,,,,,,,,,,,,,,,
349,349,349,349,349,349,349,349,349,349,349,349,349,349,349,349,349,349,349,344,346,341,343,342,341,346,235,235,342,345,344,341,346,344,345,343,346,342,341,342,341,346,343,344,343,344,345,346,341,341,345,343,343,342,345,349,349,346,342,341,345,341,346,346,343,343,342,343,363,,,,,,,,,,,,,,,,,,,,,,,,,,,,,,,
346,341,346,344,345,343,345,341,342,345,342,345,344,345,346,345,341,345,345,344,346,342,345,341,343,348,410,,362,343,345,343,346,341,341,343,343,343,343,344,341,343,346,345,344,341,341,345,343,342,346,344,346,341,342,345,342,345,346,344,341,343,346,343,342,346,341,346,348,,,,,,,,,,,,,,,,,,,,,,,,,,,,,,,
343,341,343,344,343,343,344,344,342,346,341,341,341,341,342,344,343,346,345,341,346,344,346,345,345,348,410,,362,343,345,345,343,344,344,344,341,341,341,341,345,346,346,342,345,343,342,345,344,341,345,346,343,342,345,344,341,342,345,341,344,346,343,345,344,344,346,343,363,,,,,,,,,,,,,,,,,,,,,,,,,,,,,,,
341,344,344,342,346,343,344,342,344,346,344,344,345,345,346,344,343,345,342,346,346,341,342,343,344,342,235,235,344,346,342,342,341,346,345,344,342,341,346,342,346,341,346,345,341,345,346,342,343,346,343,346,346,345,344,345,344,345,342,345,342,345,342,345,346,345,343,341,363,,,,,,,,,,,,,,,,,,,,,,,,,,,,,,,
341,344,344,342,344,343,345,341,345,341,344,346,343,346,343,343,341,345,342,343,343,344,345,346,342,348,410,,347,342,343,341,345,343,341,345,342,341,341,346,343,344,345,342,341,345,342,342,341,341,342,343,344,342,346,341,344,343,346,342,345,343,345,345,345,346,344,346,348,,,,,,,,,,,,,,,,,,,,,,,,,,,,,,,
343,343,345,343,346,341,341,346,344,342,343,342,345,345,345,341,346,341,346,342,343,346,341,344,343,348,410,,362,342,341,343,343,341,342,350,350,350,350,350,350,350,350,350,350,350,350,350,350,350,350,350,350,350,350,350,350,350,350,350,350,350,350,350,350,350,350,350,356,,,,,,,,,,,,,,,,,,,,,,,,,,,,,,,
350,350,350,350,350,350,350,350,350,350,350,350,350,350,350,350,350,350,350,350,350,350,350,350,350,350,235,235,345,342,342,341,341,341,363,,,,,,,,,,,,,,,,,,,,,,,,,,,,,,,,,,,,,,,,,,,,,,,,,,,,,,,,,,,,,,,,,
,,,,,,,,,,,,,,,,,,,,,,,,,,,,362,342,342,343,345,346,348,,,,,,,,,,,,,,,,,,,,,,,,,,,,,,,,,,,,,,,,,,,,,,,,,,,,,,,,,,,,,,,,,
,,,,,,,,201,200,201,,,378,89,,,,89,,,,,,,,,201,373,341,343,344,341,344,363,,,,,,,,,,,,,,,,,,,,,,,,,,,,,,,,,,,,,,,,,,,,,,,,,,,,,,,,,,,,,,,,,
,,,,,,,,201,,201,201,81,201,201,201,81,201,201,201,81,201,201,201,201,201,81,81,344,346,342,344,341,343,348,,,,,,,,,,,,,,,,,,,,,,,,,,,,,,,,,,,,,,,,,,,,,,,,,,,,,,,,,,,,,,,,,
,,,,,,,,201,200,201,,,,87,,,378,87,,,,,,,,,201,362,343,341,345,343,345,348,,,,,,,,,,,,,,,,,,,,,,,,,,,,,,,,,,,,,,,,,,,,,,,,,,,,,,,,,,,,,,,,,
,,,,,,,,,,,,,,,,,,,,,,,,,,,,362,345,343,345,344,341,363,,,,,,,,,,,,,,,,,,,,,,,,,,,,,,,,,,,,,,,,,,,,,,,,,,,,,,,,,,,,,,,,,
BigDecor: 
,,,,,,,,,,,,,,,,,,,,,,,,,,,,,,,,,,,,,,,,,,,,,,,,,,,,,,,,,,,,,,,,,,,,,,,,,,,,,,,,,,,,,,,,,,,,,,,,,,,
,,,,,,,,,,,,,,,,,,,,,,,,,,,,,,,,,,,,,,,,,,,,,,,,,,,,,,,,,,,,,,,,,,,,,,,,,,,,,,,,,,,,,,,,,,,,,,,,,,,
,,,,,,,,,,,,,,,,,,,,,,,,,,,,,,,,,,,,,,,,,,,,,,,,,,,,,,,,,,,,,,,,,,,,,,,,,,,,,,,,,,,,,,,,,,,,,,,,,,,
,,,,,,,,,,,,,,,,,,,,,,,,,,,,,,,,,,,,,,,,,,,,,,,,,,,,,,,,,,,,,,,,,,,,,,,,,,,,,,,,,,,,,,,,,,,,,,,,,,,
,,,,,,,,,,,,,,,,,,,,,,,,,,,,,,,,,,,,,,,,,,,,,,,,,,,,,,,,,,,,,,,,,,,,,,,,,,,,,,,,,,,,,,,,,,,,,,,,,,,
,,,,,,,,,,,,,,,,,,,,,,,,,,,,,,,,,,,,,,,,,,,,,,,,,,,,,,,,,,,,,,,,,,,,,,,,,,,,,,,,,,,,,,,,,,,,,,,,,,,
,,,,,,,,,,,,,,,,,,,,,,,,,,,,,,,,,,,,,,,,,,,,,,,,,,,,,,,,,,,,,,,,,,,,,,,,,,,,,,,,,,,,,,,,,,,,,,,,,,,
,,,,,,,,,,,,,,,,,,,,,,,,,,,,,,,,,,,,,,,,,,,,,,,,,,,,,,,,,,,,,,,,,,,,,,,,,,,,,,,,,,,,,,,,,,,,,,,,,,,
,,,,,,,,,,,,,,,,,,,,,,,,,,,,,,,,,,,,,,,,,,,,,,,,,,,,,,,,,,,,,,,,,,,,,,,,,,,,,,,,,,,,,,,,,,,,,,,,,,,
,,,,,,,,,,,,,,,,,,,,,,,,,,,,,,,,,,,,,,,,,,,,,,,,,,,,,,,,,,,,,,,,,,,,,,,,,,,,,,,,,,,,,,,,,,,,,,,,,,,
,,,,,,,,,,,,,,,,,,,,,,,,,,,,,,,,,,,,,,,,,,,,,,,,,,,,,,,,,,,,,,,,,,,,,,,,,,,,,,,,,,,,,,,,,,,,,,,,,,,
,,,,,,,,,,,,,,,,,,,,,,,,,,,,,,,,,,,,,,,,,,,,,,,,,,,,,,,,,,,,,,,,,,,,,,,,,,,,,,,,,,,,,,,,,,,,,,,,,,,
,,,,,,,,,,,,,,,,,,,,,,,,,,,,,,,,,,,,,,,,,,,,,,,,,,,,,,,,,,,,,,,,,,,,,,,,,,,,,,,,,,,,,,,,,,,,,,,,,,,
,,,,,,,,,,,,,,,,,,,,,,,,,,,,,,,,,,,,,,,,,,,,,,,,,,,,,,,,,,,,,,,,,,,,,,,,,,,,,,,,,,,,,,,,,,,,,,,,,,,
,,,,,,,,,,,,,,,,,,,,,,,,,,,,,,,,,,,,,,,,,,,,,,,,,,,,,,,,,,,,,,,,,,,,,,,,,,,,,,,,,,,,,,,,,,,,,,,,,,,
,,,,,,,,,,,,,,,,,,,,,,,,,,,,,,,,,,,,,,,,,,,,,,,,,,,,,,,,,,,,,,,,,,,,,,,,,,,,,,,,,,,,,,,,,,,,,,,,,,,
,,,,,,,,,,,,,,,,,,,,,,,,,,,,,,,,,,,,,,,,,,,,,,,,,,,,,,,,,,,,,,,,,,,,,,,,,,,,,,,,,,,,,,,,,,,,,,,,,,,
,,,,,,,,,,,,,,,,,,,,,,,,,,,,,,,,,,,,,,,,,,,,,,,,,,,,,,,,,,,,,,,,,,,,,,,,,,,,,,,,,,,,,,,,,,,,,,,,,,,
,,,,,,,,,,,,,,,,,,,,,,,,,,,,,,,,,,,,,,,,,,,,,,,,,,,,,,,,,,,,,,,,,,,,,,,,,,,,,,,,,,,,,,,,,,,,,,,,,,,
,,,,,,,,,,,,,,,,,,,,,,,,,,,,,,,,,,,,,,,,,,,,,,,,,,,,,,,,,,,,,,,,,,,,,,,,,,,,,,,,,,,,,,,,,,,,,,,,,,,
,,,,,,,,,,,,,,,,,,,,,,,,,,,,,,,,,,,,,,,,,,,,,,,,,,,,,,,,,,,,,,,,,,,,,,,,,,,,,,,,,,,,,,,,,,,,,,,,,,,
,,,,,,,,,,,,,,,,,,,,,,,,,,,,,,,,,,,,,,,,,,,,,,,,,,,,,,,,,,,,,,,,,,,,,,,,,,,,,,,,,,,,,,,,,,,,,,,,,,,
,,,,,,,,,,,,,,,,,,,,,,,,,,,,,,,,,,,,,,,,,,,,,,,,,,,,,,,,,,,,,,,,,,,,,,,,,,,,,,,,,,,,,,,,,,,,,,,,,,,
,,,,,,,,,,,,,,,,,,,,,,,,,,,,,,,,,,,,,,,,,,,,,,,,,,,,,,,,,,,,,,,,,,,,,,,,,,,,,,,,,,,,,,,,,,,,,,,,,,,
,,,,,,,,,,,,,,,,,,,,,,,,,,,,,,,,,,,,,,,,,,,,,,,,,,,,,,,,,,,,,,,,,,,,,,,,,,,,,,,,,,,,,,,,,,,,,,,,,,,
,,,,,,,,,,,,,,,,,,,,,,,,,,,,,,,,,,,,,,,,,,,,,,,,,,,,,,,,,,,69,,,,,,,,,,,,,,,,,,,,,,,,,,,,,,,,,,,,,,,,
,,,,,,,,,,,,,,,,,,,,,,,,,,,,,,,,,,,,,,,,,,,,,,,,,,,,,,,,,,,,,,,,,,,,,,,,,,,,,,,,,,,,,,,,,,,,,,,,,,,
,,,,,,,,,,,,,,,,,,,,,,,,,,,,,,,,,,,,,,,,,,,,,,,,,,,,,,,,,,,,,,,,,,,,,,,,,,,,,,,,,,,,,,,,,,,,,,,,,,,
,,,,,,,,,,,,,,,,,,,,,,,,,,,,,,,,,,,,,,,,,,,,,,,,,,,,,,,,,,,,,,,,,,,,,,,,,,,,,,,,,,,,,,,,,,,,,,,,,,,
,,,,,,,,,,,,,,,,,,,,,,,,,,,,,,,,,,,,,,,,,,,,,,,,,,,,,,,,,,,,,,,,,,,,,,,,,,,,,,,,,,,,,,,,,,,,,,,,,,,
,,,,,,,,,,,,,,,,,,,,,,,,,,,,,,,,,,,,,,,,,,,,,,,,,,,,,,,,,,,,,,,,,,,,,,,,,,,,,,,,,,,,,,,,,,,,,,,,,,,
,,,,,,,,,,,,,,,,,,,,,,,,,,,,,,,,,,,,,,,,,,,,,,,,,,,,,,,,,,,,,,,,,,,,,,,,,,,,,,,,,,,,,,,,,,,,,,,,,,,
,,,,,,,,,,,,,,,,,,,,,,,,,,,,,,,,,,,,,,,,,,,,,,,,,,,,,,,,,,,,,,,,,,,,,,,,,,,,,,,,,,,,,,,,,,,,,,,,,,,
,,,,,,,,,,,,,,,,,,,,,,,,,,,,,,,,,,,,,,,,,,,,,,,,,,,,,,,,,,,,,,,,,,,,,,,,,,,,,,,,,,,,,,,,,,,,,,,,,,,
,,,,,,,,,,,,,,,,,,,,,,,,,,,,,,,,,,,,,,,,,,,,,,,,,,,,,,,,,,,,,,,,,,,,,,,,,,,,,,,,,,,,,,,,,,,,,,,,,,,
,,,,,,,,,,,,,,,,,,,,,,,,,,,,,,,,,,,,,,,,,,,,,,,,,,,,,,,,,,,,,,,,,,,,,,,,,,,,,,,,,,,,,,,,,,,,,,,,,,,
,,,,,,,,,,,,,,,,,,,,,,,,,,,,,,,,,,,,,,,,,,,,,,,,,,,,,,,,,,,,,,,,,,,,,,,,,,,,,,,,,,,,,,,,,,,,,,,,,,,
,,,,,,,,,,,,,,,,,,,,,,,,,,,,,,,,,,,,,,,,,,,,,,,,,,,,,,,,,,,,,,,,,,,,,,,,,,,,,,,,,,,,,,,,,,,,,,,,,,,
,,,,,,,,,,,,,,,,,,,,,,,,,,,,,,,,,,,,,,,,,,,,,,,,,,,,,,,,,,,,,,,,,,69,,,,,,,,,,,,,,,,,,,,,,,,,,,,,,,,,
,,,,,,,,,,,,,,,,,,,,,,,,,,,,,,,,,,,,,,,,,,,,,,,,,,,,,,,,,,,,,,,,,,,,,,,,,,,,,,,,,,,,,,,,,,,,,,,,,,,
,,,,,,,,,,,,,,,,,,,,,,,,,,,,,,,,,,,,,,,,,,,,,,,,,,,,,,,,,,,,,,,,,,,,,,,,,,,,,,,,,,,,,,,,,,,,,,,,,,,
,,,,,,,,,,,,,,,,,,,,,,,,,,,,,,,,,,,,,,,,,,,,,,,,,,,,,,,,,,,,,,,,,,,,,,,,,,,,,,,,,,,,,,,,,,,,,,,,,,,
,,,,,,,,,,,,,,,,,,,,,,,,,,,,,,,,,,,,,,,,,,,,,,,,,,,,,,,,,,,,,,,,,,,,,,,,,,,,,,,,,,,,,,,,,,,,,,,,,,,
,,,,,,,,,,,,,,,,,,,,,,,,,,,,,,,,,,,,,,,,,,,,,,,,,,,,,,,,,,,,,,,,,,,,,,,,,,,,,,,,,,,,,,,,,,,,,,,,,,,
,,,,,,,,,,,,,,,,,,,,,,,,,,,,,,,,,,,,,,,,,,,,,,,,,,,,,,,,,,,,,,,,,,,,,,,,,,,,,,,,,,,,,,,,,,,,,,,,,,,
,,,,,,,,,,,,,,,,,,,,,,,,,,,,,,,,,,,,,,,,,,,,,,,,,,,,,,,,,,,,,,,,,,,,,,,,,,,,,,,,,,,,,,,,,,,,,,,,,,,
,,,,,,,,,,,,,,,,,,,,,,,,,,,,,,,,,,,,,,,,,,,,,,,,,,,,,,,,,,,,,,,,,,,,,,,,,,,,,,,,,,,,,,,,,,,,,,,,,,,
,,,,,,,,,,,,,,,,,,,,,,,,,,,,,,,,,,,,,,,,,,,,,,,,,,,,,,,,,,,,,,,,,,,,,,,,,,,,,,,,,,,,,,,,,,,,,,,,,,,
,,,,,,,,,,,,,,,,,,,,,,,,,,,,,,,,,,,,,,,,,,,,,,,,,,,,,,,,,,,,,,,,,,,,,,,,,,,,,,,,,,,,,,,,,,,,,,,,,,,
,,,,,,,,,,,,,,,,,,,,,,,,,,,,,,,,,,,,,,,,,,,,,,,,,,,,,,,,,,,,,,,,,,,,,,,,,,,,,,,,,,,,,,,,,,,,,,,,,,,
,,,,,,,,,,,,,,,,,,,,,,,,,,,,,,,,,,,,,,,,,,,,,,,,,,,,,,,,,,,,,,,,,,,,,,,,,,,,,,,,,,,,,,,,,,,,,,,,,,,
,,,,,,,,,,,,,,,,,,,,,,,,,,,,,,,,,,,,,,,,,,,,,,,,,,,,,,,,,,,,,,,,,,,,,,,,,,,,,,,,,,,,,,,,,,,,,,,,,,,
,,,,,,,,,,,,,,,,,,,,,,,,,,,,,,,,,,,,,,,,,,,,,,,,,,,,,,,,,,,,,,,,,,,,,,,,,,,,,,,,,,,,,,,,,,,,,,,,,,,
,,,,,,,,,,,,,,,,,,,,,,,,,,,,,,,,,,,,,,,,,,,,,,,,,,,,,,,,,,,,,,,,,,,,,,,,,,,,,,,,,,,,,,,,,,,,,,,,,,,
,,,,,,,,,,,,,,,,,,,,,,,,,,,,,,,,,,,,,,,,,,,,,,,,,,,,,,,,,,,,,,,,,,,,,,,,,,,,,,,,,,,,,,,,,,,,,,,,,,,
,,,,,,,,,,,,,,,,,,,,,,,,,,,,,,,,,,,,,,,,,,,,,,,,,,,,,,,,,,,,,,,,,,,,,,,,,,,,,,,,,,,,,,,,,,,,,,,,,,,
,,,,,,,,,,,,,,,,,,,,,,,,,,,,,,,,,,,,,,,,,,,,,,,,,,,,,,,,,,,,,,,,,,,,,,,,,,,,,,,,,,,,,,,,,,,,,,,,,,,
,,,,,,,,,,,,,,,,,,,,,,,,,,,,,,,,,,,,,,,,,,,,,,,,,,,,,,,,,,,,,,,,,,,,,,,,,,,,,,,,,,,,,,,,,,,,,,,,,,,
,,,,,,,,,,,,,,,,,,,,,,,,,,,,,,,,,,,,,,,,,,,,,,,,,,,,,,,,,,,,,,,,,,,,,,,,,,,,,,,,,,,,,,,,,,,,,,,,,,,
,,,,,,,,,,,,,,,,,,,,,,,,,,,,,,,,,,,,,,,,,,,,,,,,,,,,,,,,,,,,,,,,,,,,,,,,,,,,,,,,,,,,,,,,,,,,,,,,,,,
,,,,,,,,,,,,,,,,,,,,,,,,,,,,,,,,,,,,,,,,,,,,,,,,,,,,,,,,,,,,,,,,,,,,,,,,,,,,,,,,,,,,,,,,,,,,,,,,,,,
,,,,,,,,,,,,,,,,,,,,,,,,,,,,,,,,,,,,,,,,,,,,,,,,,,,,,,,,,,,,,,,,,,,,,,,,,,,,,,,,,,,,,,,,,,,,,,,,,,,
,,,,,,,,,,,,,,,,,,,,,,,,,,,,,,,,,,,,,,,,,,,,,,,,,,,,,,,,,,,,,,,,,,,,,,,,,,,,,,,,,,,,,,,,,,,,,,,,,,,
,,,,,,,,,,,,,,,,,,,,,,,,,,,,,,,,,,,,,,,,,,,,,,,,,,,,,,,,,,,,,,,,,,,,,,,,,,,,,,,,,,,,,,,,,,,,,,,,,,,
,,,,,,,,,,,,,,,,,,,,,,,,,,,,,,,,,,,,,,,,,,,,,,,,,,,,,,,,,,,,,,,,,,,,,,,,,,,,,,,,,,,,,,,,,,,,,,,,,,,
,,,,,,,,,,,,,,,,,,,,,,,,,,,,,,,,,,,,,,,,,,,,,,,,,,,,,,,,,,,,,,,,,,,,,,,,,,,,,,,,,,,,,,,,,,,,,,,,,,,
,,,,,,,,,,,,,,,,,,,,,,,,,,,,,,,,,,,,,,,,,,,,,,,,,,,,,,,,,,,,,,,,,,,,,,,,,,,,,,,,,,,,,,,,,,,,,,,,,,,
,,,,,,,,,,,,,,,,,,,,,,,,,,,,,,,,,,,,,,,,,,,,,,,,,,,,,,,,,,,,,,,,,,,,,,,,,,,,,,,,,,,,,,,,,,,,,,,,,,,
,,,,,,,,,,,,,,,,,,,,,,,,,,,,,,,,,,,,,,,,,,,,,,,,,,,,,,,,,,,,,,,,,,,,,,,,,,,,,,,,,,,,,,,,,,,,,,,,,,,
,,,,,,,,,,,,,,,,,,,,,,,,,,,,,,,,,,,,,,,,,,,,,,,,,,,,,,,,,,,,,,,,,,,,,,,,,,,,,,,,,,,,,,,,,,,,,,,,,,,
,,,,,,,,,,,,,,,,,,,,,,,,,,,,,,,,,,,,,,,,,,,,,,,,,,,,,,,,,,,,,,,,,,,,,,,,,,,,,,,,,,,,,,,,,,,,,,,,,,,
,,,,,,,,,,,,,,,,,,,,,,,,,,,,,,,,,,,,,,,,,,,,,,,,,,,,,,,,,,,,,,,,,,,,,,,,,,,,,,,,,,,,,,,,,,,,,,,,,,,
,,,,,,,,,,,,,,,,,,,,,,,,,,,,,,,,,,,,,,,,,,,,,,,,,,,,,,,,,,,,,,,,,,,,,,,,,,,,,,,,,,,,,,,,,,,,,,,,,,,
,,,,,,,,,,,,,,,,,,,,,,,,,,,,,,,,,,,,,,,,,,,,,,,,,,,,,,,,,,,,,69,,,,,,,,,,,,,,,,,,,,,,,,,,,,,,,,,,,,,,
,,,,,,,,,,,,,,,,,,,,,,,,,,,,,,,,,,,,,,,,,,,,,,,,,,,,,,,,,,,,,,,,,,,,,,,,,,,,,,,,,,,,,,,,,,,,,,,,,,,
,,,,,,,,,,,,,,,,,,,,,,,,,,,,,,,,,,,,,,,,,,,,,,,,,,,,,,,,,,,,,,,,,,,,,,,,,,,,,,,,,,,,,,,,,,,,,,,,,,,
,,,,,,,,,,,,,,,,,,,,,,,,,,,,,,,,,,,,,,,,,,,,,,,,,,,,,,,,,,,,,69,,,,,,,,,,,,,,,,,,,,,,,,,,,,,,,,,,,,,,
,,,,,,,,,,,,,,,,,,,,,,,,,,,,,,,,,,,,,,,,,,,,,,,,,,,,,,,,,,,,,,,,,,,,,,,,,,,,,,,,,,,,,,,,,,,,,,,,,,,
,,,,,,,,,,,,,,,,,,,,,,,,,,,,,,,,,,,,,,,,,,,,,,,,,,,,,,,,,,,,,,,,,,,,,,,,,,,,,,,,,,,,,,,,,,,,,,,,,,,
,,,,,,,,,,,,,,,,,,,,,,,,,,,,,,,,,,,,,,,,,,,,,,,,,,,,,,,,,,,,,,,,,,,,,,,,,,,,,,,,,,,,,,,,,,,,,,,,,,,
,,,,,,,,,,,,,,,,,,,,,,,,,,,,,,,,,,,,,,,,,,,,,,,,,,,,,,,,,,,,,,,,,,,,,,,,,,,,,,,,,,,,,,,,,,,,,,,,,,,
,,,,,,,,,,,,,,,,,,,,,,,,,,,,,,,,,,,,,,,,,,,,,,,,,,,,,,,,,,,,,,,,,,,,,,,,,,,,,,,,,,,,,,,,,,,,,,,,,,,
,,,,,,,,,,,,,,,,,,,,,,,,,,,,,,,,,,,,,,,,,,,,,,,,,,,,,,,,,,,,,,,,,,,,,,,,,,,,,,,,,,,,,,,,,,,,,,,,,,,
,,,,,,,,,,,,,,,,,,,,,,,,,,,,,,,,,,,,,,,,,,,,,,,,,,,,,,,,,,,,,,,,,,,,,,,,,,,,,,,,,,,,,,,,,,,,,,,,,,,
,,,,,,,,,,,,,,,,,,,,,,,,,,,,,,,,,,,,,,,,,,,,,,,,,,,,,,,69,,,,,,,,,,,,,,,,,,,,,,,,,,,,,,,,,,,,,,,,,,,,
,,,,,,,,,,,,,,,,,,,,,,,,,,,,,,,,,,,,,,,,,,,,,,,,,,,,,,,,,,,,,,,,,,,,,,,,,,,,,,,,,,,,,,,,,,,,,,,,,,,
,,,,,,,,,,,,,,,,,,,,,,,,,,,,,,,,,,,,,,,,,,,,,,,,,,,,,,,67,,,,,,,,,,,,,,,,,,,,,,,,,,,,,,,,,,,,,,,,,,,,
,,,,,,,,,,,,,,,,,,,,,,,,,,,,,,,,,,,,,,,,,,,,,,,,,,,,,,,,,,,,,,,,,,,,,,,,,,,,,,,,,,,,,,,,,,,,,,,,,,,
,,,,,,,,,,,,,,,,,,,,,,,,,,,,,,,,,,,,,,,,,,,,,,,,,,,,,,,,,,,,,,,,,,,,,,,,,,,,,,,,,,,,,,,,,,,,,,,,,,,
,,,,,,,,,,,,,,,,,,,,,,,,,,,,,,,,,,,,,,,,,,,,,,,,,,,,,,,,,,,,,,,,,,,,,,,,,,,,,,,,,,,,,,,,,,,,,,,,,,,
,,,,,,,,,,,,,,,,,,,,,,,,,,,,,,,,,,,,,,,,,,,,,,,,,,,,,,,,,,,,,,,,,,,,,,,,,,,,,,,,,,,,,,,,,,,,,,,,,,,
,,,,,,,,,,,,,,,,,,,,,,,,,,,,,,,,,,,,,,,,,,,,,,,,,,,,,,,,,,,,,,,,,,,,,,,,,,,,,,,,,,,,,,,,,,,,,,,,,,,
,,,,,,,,,,,,,,,,,,,,,,,,,,,,,,,,,,,,,,,,,,,,,,,,,,,,,,,,,,,,,,,,,,,,,,,,,,,,,,,,,,,,,,,,,,,,,,,,,,,
,,,,,,,,,,,,,,,,,,,,,,,,,,,,,,,,,,,,,,,,,,,,,,,,,,,,,,,,,,,,,,,,,,,,,,,,,,,,,,,,,,,,,,,,,,,,,,,,,,,
,,,,,,,,,,,,,,,,,,,,,,,,,,,,,,,,,,,,,,,,,,,,,,,,,,,,,,,,,,,,,,,,,,,,,,,,,,,,,,,,,,,,,,,,,,,,,,,,,,,
,,,,,,,,,,,,,,,,,,,,,,,,,,,,,,,,,,,,,,,,,,,,,,,,,,,,,,,,,,,,,,,,,,,,,,,,,,,,,,,,,,,,,,,,,,,,,,,,,,,
,,,,,,,,,,,,,,,,,,,,,,,,,,,,,,,,,,,,,,,,,,,,,,,,,,,,,,,,,,,,,,,,,,,,,,,,,,,,,,,,,,,,,,,,,,,,,,,,,,,
,,,,,,,,,,,,,,,,,,,,,,,,,,,,,,,,,,,,,,,,,,,,,,,,,,,,,,,,,,,,,,,,,,,,,,,,,,,,,,,,,,,,,,,,,,,,,,,,,,,
,,,,,,,,,,,,,,,,,,,,,,,,,,,,,,,,,,,,,,,,,,,,,,,,,,,,,,,,,,,,,,,,,,,,,,,,,,,,,,,,,,,,,,,,,,,,,,,,,,,
,,,,,,,,,,,,,,,,,,,,,,,,,,,,,,,,,,,,,,,,,,,,,,,,,,,,,,,,,,,,,,,,,,,,,,,,,,,,,,,,,,,,,,,,,,,,,,,,,,,
MoveObject: type=1 stepAdvance=130 stepRecede=130 timeStopStart=10 timeStopEnd=10 posStart=1856;3904 posEnd=2688;3904 posCurrent=2560;3904 step=4 time=20 phase=173 channel=1 icon=78 
MoveObject: type=1 stepAdvance=130 stepRecede=130 timeStopStart=10 timeStopEnd=10 posStart=1920;3904 posEnd=2752;3904 posCurrent=2624;3904 step=4 time=20 phase=173 channel=1 icon=78 
MoveObject: type=1 stepAdvance=130 stepRecede=130 timeStopStart=10 timeStopEnd=10 posStart=1984;3904 posEnd=2816;3904 posCurrent=2688;3904 step=4 time=20 phase=173 channel=1 icon=78 
MoveObject: type=2 stepAdvance=1 stepRecede=1 timeStopStart=0 timeStopEnd=0 posStart=3970;3588 posEnd=3970;3588 posCurrent=3970;3588 step=1 time=0 phase=173 channel=10 icon=17 
MoveObject: type=2 stepAdvance=1 stepRecede=1 timeStopStart=0 timeStopEnd=0 posStart=4034;3588 posEnd=4034;3588 posCurrent=4034;3588 step=1 time=0 phase=173 channel=10 icon=17 
MoveObject: type=2 stepAdvance=1 stepRecede=1 timeStopStart=0 timeStopEnd=0 posStart=4098;3588 posEnd=4098;3588 posCurrent=4098;3588 step=1 time=0 phase=173 channel=10 icon=17 
MoveObject: type=2 stepAdvance=1 stepRecede=1 timeStopStart=0 timeStopEnd=0 posStart=4162;3588 posEnd=4162;3588 posCurrent=4162;3588 step=1 time=0 phase=173 channel=10 icon=17 
MoveObject: type=2 stepAdvance=1 stepRecede=1 timeStopStart=0 timeStopEnd=0 posStart=4226;3588 posEnd=4226;3588 posCurrent=4226;3588 step=1 time=0 phase=173 channel=10 icon=17 
MoveObject: type=2 stepAdvance=1 stepRecede=1 timeStopStart=0 timeStopEnd=0 posStart=4290;3588 posEnd=4290;3588 posCurrent=4290;3588 step=1 time=0 phase=173 channel=10 icon=17 
MoveObject: type=1 stepAdvance=130 stepRecede=130 timeStopStart=10 timeStopEnd=10 posStart=2048;3904 posEnd=2880;3904 posCurrent=2752;3904 step=4 time=20 phase=173 channel=1 icon=78 
MoveObject: type=1 stepAdvance=130 stepRecede=130 timeStopStart=10 timeStopEnd=10 posStart=2112;3904 posEnd=2944;3904 posCurrent=2816;3904 step=4 time=20 phase=173 channel=1 icon=78 
MoveObject: type=1 stepAdvance=130 stepRecede=130 timeStopStart=10 timeStopEnd=10 posStart=2176;3904 posEnd=3008;3904 posCurrent=2880;3904 step=4 time=20 phase=173 channel=1 icon=78 
MoveObject: type=24 stepAdvance=1 stepRecede=1 timeStopStart=0 timeStopEnd=0 posStart=3266;3781 posEnd=3266;3781 posCurrent=3266;3781 step=1 time=0 phase=173 channel=10 icon=129 
MoveObject: type=6 stepAdvance=1 stepRecede=1 timeStopStart=0 timeStopEnd=0 posStart=5570;3592 posEnd=5570;3592 posCurrent=5570;3592 step=1 time=0 phase=173 channel=10 icon=24 
MoveObject: type=7 stepAdvance=1 stepRecede=1 timeStopStart=0 timeStopEnd=0 posStart=6210;580 posEnd=6210;580 posCurrent=6210;580 step=1 time=0 phase=173 channel=10 icon=30 
MoveObject: type=1 stepAdvance=24 stepRecede=24 timeStopStart=3 timeStopEnd=3 posStart=6144;1600 posEnd=6144;1344 posCurrent=6144;1600 step=4 time=24 phase=173 channel=1 icon=361 
MoveObject: type=2 stepAdvance=1 stepRecede=1 timeStopStart=0 timeStopEnd=0 posStart=4866;3460 posEnd=4866;3460 posCurrent=4866;3460 step=1 time=0 phase=173 channel=10 icon=17 
MoveObject: type=2 stepAdvance=1 stepRecede=1 timeStopStart=0 timeStopEnd=0 posStart=4738;3204 posEnd=4738;3204 posCurrent=4738;3204 step=1 time=0 phase=173 channel=10 icon=17 
MoveObject: type=2 stepAdvance=1 stepRecede=1 timeStopStart=0 timeStopEnd=0 posStart=5122;3780 posEnd=5122;3780 posCurrent=5122;3780 step=1 time=0 phase=173 channel=10 icon=17 
MoveObject: type=1 stepAdvance=60 stepRecede=60 timeStopStart=10 timeStopEnd=10 posStart=1088;4736 posEnd=704;4736 posCurrent=973;4736 step=2 time=18 phase=173 channel=1 icon=78 
MoveObject: type=1 stepAdvance=96 stepRecede=96 timeStopStart=3 timeStopEnd=3 posStart=5376;2816 posEnd=5376;1792 posCurrent=5376;2517 step=4 time=68 phase=173 channel=1 icon=79 
MoveObject: type=1 stepAdvance=96 stepRecede=96 timeStopStart=3 timeStopEnd=3 posStart=5440;2816 posEnd=5440;1792 posCurrent=5440;2517 step=4 time=68 phase=173 channel=1 icon=80 
MoveObject: type=1 stepAdvance=60 stepRecede=60 timeStopStart=10 timeStopEnd=10 posStart=1024;4736 posEnd=640;4736 posCurrent=909;4736 step=2 time=18 phase=173 channel=1 icon=78 
MoveObject: type=1 stepAdvance=96 stepRecede=96 timeStopStart=3 timeStopEnd=3 posStart=5504;2816 posEnd=5504;1792 posCurrent=5504;2517 step=4 time=68 phase=173 channel=1 icon=83 
MoveObject: type=1 stepAdvance=6 stepRecede=6 timeStopStart=3 timeStopEnd=3 posStart=5696;1792 posEnd=5696;1728 posCurrent=5696;1770 step=4 time=4 phase=173 channel=1 icon=361 
MoveObject: type=1 stepAdvance=6 stepRecede=6 timeStopStart=3 timeStopEnd=3 posStart=5760;1728 posEnd=5760;1792 posCurrent=5760;1750 step=4 time=4 phase=173 channel=1 icon=361 
MoveObject: type=1 stepAdvance=6 stepRecede=6 timeStopStart=3 timeStopEnd=3 posStart=5888;1728 posEnd=5888;1792 posCurrent=5888;1750 step=4 time=4 phase=173 channel=1 icon=361 
MoveObject: type=1 stepAdvance=60 stepRecede=60 timeStopStart=10 timeStopEnd=10 posStart=960;4736 posEnd=576;4736 posCurrent=845;4736 step=2 time=18 phase=173 channel=1 icon=78 
MoveObject: type=16 stepAdvance=10 stepRecede=10 timeStopStart=0 timeStopEnd=0 posStart=832;4672 posEnd=832;4672 posCurrent=832;4672 step=1 time=0 phase=173 channel=10 icon=70 
MoveObject: type=1 stepAdvance=72 stepRecede=72 timeStopStart=3 timeStopEnd=3 posStart=1280;4480 posEnd=1280;3712 posCurrent=1280;4320 step=2 time=15 phase=173 channel=1 icon=84 
MoveObject: type=1 stepAdvance=72 stepRecede=72 timeStopStart=3 timeStopEnd=3 posStart=1344;4480 posEnd=1344;3712 posCurrent=1344;4320 step=2 time=15 phase=173 channel=1 icon=79 
MoveObject: type=1 stepAdvance=6 stepRecede=6 timeStopStart=3 timeStopEnd=3 posStart=5952;1792 posEnd=5952;1728 posCurrent=5952;1770 step=4 time=4 phase=173 channel=1 icon=361 
MoveObject: type=6 stepAdvance=1 stepRecede=1 timeStopStart=0 timeStopEnd=0 posStart=2434;2760 posEnd=2434;2760 posCurrent=2434;2760 step=1 time=0 phase=173 channel=10 icon=24 
MoveObject: type=6 stepAdvance=1 stepRecede=1 timeStopStart=0 timeStopEnd=0 posStart=2306;3272 posEnd=2306;3272 posCurrent=2306;3272 step=1 time=0 phase=173 channel=10 icon=24 
MoveObject: type=6 stepAdvance=1 stepRecede=1 timeStopStart=0 timeStopEnd=0 posStart=2370;3016 posEnd=2370;3016 posCurrent=2370;3016 step=1 time=0 phase=173 channel=10 icon=24 
MoveObject: type=6 stepAdvance=1 stepRecede=1 timeStopStart=0 timeStopEnd=0 posStart=2434;3272 posEnd=2434;3272 posCurrent=2434;3272 step=1 time=0 phase=173 channel=10 icon=24 
MoveObject: type=6 stepAdvance=1 stepRecede=1 timeStopStart=0 timeStopEnd=0 posStart=2498;3016 posEnd=2498;3016 posCurrent=2498;3016 step=1 time=0 phase=173 channel=10 icon=24 
MoveObject: type=6 stepAdvance=1 stepRecede=1 timeStopStart=0 timeStopEnd=0 posStart=2562;3272 posEnd=2562;3272 posCurrent=2562;3272 step=1 time=0 phase=173 channel=10 icon=24 
MoveObject: type=2 stepAdvance=1 stepRecede=1 timeStopStart=0 timeStopEnd=0 posStart=6146;836 posEnd=6146;836 posCurrent=6146;836 step=1 time=0 phase=173 channel=10 icon=17 
MoveObject: type=2 stepAdvance=1 stepRecede=1 timeStopStart=0 timeStopEnd=0 posStart=6274;1092 posEnd=6274;1092 posCurrent=6274;1092 step=1 time=0 phase=173 channel=10 icon=17 
