DescFile: posDecor=400;100 dimDecor=100;100 world=0 music=10 region=2 blupiPos=706;390 blupiDir=2 
Decor: 
284,301,301,284,284,284,301,301,301,284,284,284,284,301,284,301,284,301,301,301,284,301,301,284,301,284,284,301,301,302,,,,,,,,,,,,,,,,,,,,,,,,,,,,,,,286,284,301,301,296,301,284,301,284,301,301,301,301,301,301,284,284,284,284,284,284,301,301,284,284,301,284,284,301,302,,,,,,,,,,107
301,284,284,284,284,301,284,301,284,284,284,284,284,301,284,284,284,284,301,301,284,284,301,301,284,301,301,301,301,285,,,,,,,,,,,,,,,,,,,,,,,,,,,,,,,,298,284,284,301,301,301,284,284,284,284,284,284,301,284,301,284,284,284,284,284,284,301,301,301,284,301,301,301,285,,,,,,,,,,107
284,284,301,284,301,284,284,301,301,284,284,284,301,301,284,301,301,284,284,284,301,284,301,301,284,284,284,284,301,285,,,,,,,,,,,,,,,,,,,,,,,,,,,,,,,303,301,301,299,301,301,301,301,284,284,284,301,299,301,301,301,301,291,290,293,284,284,284,284,299,284,301,301,301,302,,,,,,,,,,107
301,284,301,284,301,301,301,301,284,301,301,301,301,301,284,284,301,301,284,284,301,284,284,301,301,284,301,301,301,302,,,,,,,,,,,,,,,,,,,,,,,,,,,,,,,,293,284,301,284,301,295,284,297,298,284,295,284,301,301,295,301,300,301,285,287,293,301,284,284,284,301,301,301,292,,,,,,,,,,107
284,301,284,301,301,284,284,284,284,301,284,284,301,284,284,301,301,301,301,284,284,284,301,301,284,284,301,284,284,285,,,,,,,,,,,,,,,,,,,,,,,,,,,,,,,,,287,293,301,297,303,301,284,284,297,294,284,301,284,300,301,300,301,285,,303,284,291,287,287,293,284,301,284,292,288,288,,,,,,,107
284,284,284,301,301,284,284,301,284,284,301,301,301,284,284,284,301,301,284,301,284,301,284,301,301,284,301,284,284,302,,,,,,,,,,,,,,,,,,,,,,,,,,,,,,,,,,303,284,301,300,301,301,301,301,284,284,291,287,286,301,289,301,292,,294,284,302,,288,288,287,293,301,284,301,284,330,,,,,,107
301,284,284,284,284,284,284,301,301,301,301,301,284,301,284,284,284,301,301,301,284,284,284,284,284,301,301,284,284,285,,,,,,,,,,,,,,,,,,,,,,,,,,,,,,,,,,286,301,301,300,284,291,287,287,293,301,302,288,286,284,300,284,301,336,284,284,292,303,284,284,292,,287,293,301,301,301,292,,,,,107
301,284,301,284,284,284,301,284,284,301,301,301,301,284,301,301,284,284,295,301,301,301,301,301,301,284,284,284,301,302,,,,,,,,,,,,,,,,,,,,,,,,,,,,,,,,,,303,284,291,286,301,292,,288,288,290,303,301,300,301,289,284,291,,293,284,301,285,293,284,301,292,,303,337,295,301,284,292,288,,288,107
301,284,284,301,284,301,301,301,301,284,301,284,284,284,301,284,284,301,200,284,301,284,301,284,301,301,301,284,284,285,,,,,,,,,,,,,,,,,,,,,,,,,,,,,,,,,,294,284,292,286,301,284,300,284,301,284,285,287,,290,294,301,302,,,287,287,288,286,284,301,301,292,294,337,285,293,301,284,301,300,284,107
301,301,284,301,301,284,284,301,284,284,301,301,284,284,284,284,301,301,302,287,287,287,293,284,301,284,284,301,284,302,,,,,,,,,,,,,,,,,,,,,,,,,,,,,,,,,303,284,295,301,300,301,291,,287,68,301,292,,286,301,284,284,285,,,288,294,301,300,284,284,301,284,301,301,302,,287,293,284,289,301,107
301,301,301,284,301,295,284,284,301,301,301,284,284,301,284,284,284,301,285,,,,286,284,301,284,301,301,284,302,,,,,,,,,,,,,,,,,,,,,,,,,,,,,,,,,,287,286,301,289,284,292,,303,284,284,284,292,294,301,301,284,302,,303,284,301,301,285,364,68,301,284,284,301,285,288,,286,301,300,284,107
301,301,301,301,291,,293,301,301,284,301,284,301,301,301,284,301,284,285,,,,303,284,284,284,284,284,284,302,,,,,,,,,,,,,,,,,,,,,,,,,,,,,,,,,,,286,301,300,284,301,285,286,301,301,301,301,301,284,301,284,302,,,68,284,284,302,364,68,284,301,301,284,300,284,302,288,290,303,301,107
301,301,284,201,,,,201,290,290,290,290,290,290,290,290,290,201,,,,,303,301,284,301,284,284,301,285,,,,,,,,,,,,,,,,,,,,,,,,,,,,,,,,,,,286,284,296,301,291,,286,301,284,301,301,301,284,301,284,285,,303,284,284,284,285,364,68,301,299,301,284,289,284,300,301,284,300,284,107
301,301,284,284,292,,294,301,284,301,301,284,284,301,284,301,301,301,285,,,,286,301,301,284,301,301,301,285,,,,,,,,,,,,,,,,,,,,,,,,,,,,,,,,,,,,293,284,301,302,,,293,301,284,301,301,284,301,301,302,,286,284,301,284,285,364,68,284,301,284,284,302,290,294,301,301,289,284,107
284,284,301,284,284,296,301,301,301,301,301,284,301,284,284,301,284,301,285,,,,303,284,284,301,284,284,284,302,,,,,,,,,,,,,,,,,,,,,,,,,,,,,,,,,,,,286,284,301,302,,,,287,293,301,301,301,301,301,292,,294,301,301,284,285,364,68,301,295,284,284,335,284,301,301,291,303,284,107
284,284,301,284,284,301,301,301,284,301,301,284,284,284,284,301,284,301,302,288,288,288,286,284,301,284,284,284,301,285,,,,,,,,,,,,,,,,,,,,,,,,,,,,,,,,,,,,303,301,284,285,,,,,286,301,301,301,284,301,284,334,301,301,284,284,300,301,301,284,296,284,301,300,284,291,287,,286,284,107
284,284,284,284,284,301,301,284,301,284,301,301,301,301,284,284,284,301,200,301,301,301,300,301,284,284,284,301,284,285,,,,,,,,,,,,,,,,,,,,,,,,,,,,,,,,,,,288,294,284,301,302,,,,,286,301,301,284,284,301,291,,293,301,284,301,300,301,301,284,284,301,301,296,301,285,,,286,284,107
284,301,284,284,284,301,284,284,284,301,284,301,284,284,301,284,301,284,296,284,301,301,289,301,284,284,301,301,301,285,,,,,,,,,,,,,,,,,,,,,,,,,,,,,,,,,288,294,284,301,301,301,292,288,,,,303,301,284,284,284,284,302,,286,284,301,301,289,284,301,284,284,301,284,284,301,292,288,,294,301,107
284,301,284,301,284,284,284,284,301,301,301,301,284,284,301,301,284,284,284,301,284,301,289,284,284,284,301,301,284,302,,,,,,,,,,,,,,,,,,,,,,,,,,,,,,288,288,294,284,284,301,301,299,284,284,301,292,288,288,286,284,301,284,284,301,285,,286,284,284,301,300,284,284,284,297,287,287,293,301,301,284,300,301,301,107
301,301,284,301,301,284,301,301,301,301,284,284,301,284,301,301,284,284,301,301,284,301,289,301,284,301,284,301,284,285,,,,,,,,,,,,,,,,,,,,,,,,,,,,288,303,284,284,284,301,301,284,284,301,301,301,301,284,301,301,292,290,293,301,301,301,285,,286,301,284,291,,293,301,301,284,302,,294,284,301,301,289,301,284,107
301,301,284,301,284,284,301,301,301,301,301,284,301,284,301,301,284,284,284,301,284,301,300,301,301,284,284,284,301,285,,,,,,,,,,,,,,,,,,,,,,,,,,,286,284,296,284,284,284,284,301,284,284,301,291,293,301,301,301,284,284,284,300,301,301,284,292,288,294,284,284,285,,286,301,284,284,285,303,301,301,284,301,296,301,284,107
301,284,284,301,301,301,301,284,301,301,301,284,301,284,301,301,284,301,301,284,284,284,302,293,284,284,284,284,284,285,,,,,,,,,,,,,,,,,,,,,,,,,,,286,284,301,301,301,301,284,291,287,287,287,,,364,293,284,284,301,301,285,293,284,284,301,301,284,284,284,292,288,294,301,284,301,292,294,284,301,299,284,284,284,301,107
301,284,284,301,301,301,284,284,301,284,284,301,301,284,301,284,284,301,284,301,284,291,,303,284,301,284,301,284,302,,,,,,,,,,,,,,,,,,,,,,,,,,,303,284,301,301,284,284,291,,,,,,,364,,290,293,284,284,292,303,301,301,301,284,301,301,284,301,301,301,301,301,301,301,301,284,284,301,301,301,284,284,107
301,284,284,284,284,301,301,301,284,284,301,284,284,284,301,284,284,301,284,301,284,292,,286,284,301,284,301,301,285,,,,,,,,,,,,,,,,,,,,,,,,,,,286,301,284,301,301,284,285,,288,288,288,,,364,294,301,292,287,293,284,285,364,68,284,301,301,301,301,301,284,284,284,284,284,284,301,284,301,284,301,284,284,301,107
284,284,284,301,284,284,284,284,301,284,284,284,284,284,284,284,301,284,284,301,284,301,330,294,284,301,284,301,284,302,,,,,,,,,,,,,,,,,,,,,,,,,,,,293,301,301,284,401,,286,301,301,301,292,294,284,284,301,301,285,286,337,302,364,68,301,301,284,284,301,284,284,291,287,287,287,287,293,284,301,301,284,301,301,301,107
287,287,287,287,287,287,287,287,287,287,287,287,287,293,284,284,301,301,301,284,301,284,301,284,284,284,301,284,284,302,,,,,,,,,,,,,,,,,,,,,,,,,,,,286,301,301,301,285,,286,301,295,284,284,284,284,299,301,284,302,294,301,302,364,68,284,301,284,284,301,284,291,,,,,,,287,293,284,284,301,284,301,107
,,,,,,,,,,,,,286,301,301,301,301,284,284,301,301,284,284,284,284,301,284,284,302,,,,,,,,,,,,,,,,,,,,,,,,,,,,294,284,301,301,302,,294,284,296,284,284,284,284,284,301,301,300,301,291,303,284,284,284,301,284,284,284,301,302,,,,,,,,,287,287,287,287,287,107
,,,,,,,,,,,,,286,301,284,284,301,284,301,284,301,301,301,301,284,301,301,301,302,,,,,,,,,,,,,,,,,,,,,,,,,,,303,284,301,301,301,402,294,284,284,301,301,284,284,291,293,301,291,294,284,302,294,301,301,284,284,284,301,291,287,,,,,,,,,,,,,,,107
,,,,,,,,,,,,,303,284,301,284,284,301,301,284,284,301,301,284,301,301,284,284,285,,,,,,,,,,,,,,,,,,,,,,,,,,,286,284,284,299,284,301,284,301,284,301,301,284,291,,288,290,294,301,301,300,301,284,301,301,284,284,284,285,,,,,,,,,,,,,,,,107
,,,,,,,,,,,,,303,284,284,284,284,284,301,301,301,284,301,301,301,284,284,301,285,,,,,,,,,,,,,,,,,,,,,,,,,,,,293,301,301,301,284,301,301,284,284,301,291,,286,301,284,301,301,301,300,284,284,284,284,284,301,291,,,,,,,,,,,,,,,,,107
,,,,,,,,,,,,,286,301,284,284,284,284,301,284,301,301,301,284,301,301,284,301,285,,,,,,,,,,,,,,,,,,,,,,,,,,,,286,301,301,301,284,284,284,301,301,301,285,,286,284,284,284,301,284,300,301,299,301,301,301,291,,,,,,,,,,,,,,,,,,107
,,,,,,,,,,,,,303,301,301,284,301,301,301,284,301,301,301,301,301,284,284,284,285,,,,,,,,,,,,,,,,,,,,,,,,,,,,,287,293,301,284,284,301,284,301,284,292,288,286,301,284,284,301,301,300,301,284,284,301,301,302,,,,,,,,,,,,,,,,,,107
,,,,,,,,,,,,,286,284,284,284,284,301,301,301,284,301,284,301,284,284,301,301,302,,,,,,,,,,,,,,,,,,,,,,,,,,,,,,,287,287,287,293,301,284,284,284,301,289,284,284,301,284,301,289,301,284,301,301,284,302,,,,,,,,,,,,,,,,,,107
,,,,,,,,,,,,,303,284,301,284,284,284,301,284,284,284,301,284,284,301,301,301,285,,,,,,,,,,,,,,,,,,,,,,,,,,,,,,,,,,,287,298,284,301,284,300,301,299,301,301,284,289,284,284,301,301,301,285,,,,,,,,,,,,,,,,,,107
,,,,,,,,,,,,,,287,287,287,287,287,287,287,287,287,287,287,287,287,287,287,,,,,,,,,,,,,,,,,,,,,,,,,,,,,,,,,,,,303,301,284,284,284,300,301,284,284,301,301,296,284,284,284,284,291,,,,,,,,,,,,,,,,,,,107
,,,,,,,,,,,,,,,,,,,,,,,,,,,,,,,,,,,,,,,,,,,,,,,,,,,,,,,,,,,,,,,,294,301,301,301,291,303,284,301,301,301,301,301,284,284,301,301,302,,,,,,,,,,,,,,,,,,,107
,,,,,,,,,,,,,,,,,,,,,,,,,,,,,,,,,,,,,,,,,,,,,,,,,,,,,,,,,,,,,,,286,301,284,301,291,,286,284,301,284,301,284,301,299,284,301,284,302,,,,,,,,,,,,,,,,,,,107
,,,,,,,,,,,,,,,,,,,,,,,,,,,,,,,,,,,,,,,,,,,,,,,,,,,,,,,,,,,,,,,303,284,301,301,285,,286,301,284,301,299,301,301,284,301,295,284,285,,,,,,,,,,,,,,,,,,,107
,,,,,,,,,,,,,,,,,,,,,,,,,,,,,,,,,,,,,,,,,,,,,,,,,,,,,,,,,,,,,,,303,301,284,301,292,288,303,301,284,301,301,284,301,284,301,289,301,302,,,,,,,,,,,,,,,,,,,107
,,,,,,,,,,,,,,,,,,,,,,,,,,,,,,,,,,,,,,,,,,,,,,,,,,,,,,,,,,,,,,,286,284,301,284,301,301,300,301,301,284,284,284,301,284,301,302,287,,,,,,,,,,,,,,,,,,,,107
,,,,,,,,,,,,,,,,,,,,,,,,,,,,,,,,,,,,,,,,,,,,,,,,,,,,,,,,,,,,,,,303,284,301,301,284,291,,92,284,301,284,301,284,301,284,302,,,,,,,,,,,,,,,,,,,,,107
,,,,,,,,,,,,,,,,,,,,,,,,,,,,,,,,,,,,,,,,,,,,,,,,,,,,,,,,,,,,,,,303,284,301,301,301,285,,92,91,91,91,284,301,301,291,,,,,,,,,,,,,,,,,,,,,,107
,,,,,,,,,,,,,,,,,,,,,,,,,,,,,,,,,,,,,,,,,,,,,,,,,,,,,,,,,,,,,,,303,301,284,301,301,285,,92,91,91,91,91,301,301,285,,,,,,,,,,,,,,,,,,,,,,107
,,,,,,,,,,,,,,,,,,,,,,,,,,,,,,,,,,,,,,,,,,,,,,,,,,,,,,,,,,,,,,,286,284,301,301,291,,,92,91,91,91,91,284,284,292,,,,,,,,,,,,,,,,,,,,,,107
,,,,,,,,,,,,,,,,,,,,,,,,,,,,,,,,,,,,,,,,,,,,,,,,,,,,,,,,,,,,,,,303,284,301,284,292,,,92,91,91,91,91,284,301,284,302,,,,,,,,,,,,,,,,,,,,,107
,,,,,,,,,,,,,,,,,,,,,,,,,,,,,,,,,,,,,,,,,,,,,,,,,,,,,,,,,,,,,,,286,284,301,284,284,292,,92,91,91,91,91,301,284,284,285,,,,,,,,,,,,,,,,,,,,,107
,,,,,,,,,,,,,,,,,,,,,,,,,,,,,,,,,,,,,,,,,,,,,,,,,,,,,,,,,,,,,,,,293,301,284,284,284,285,92,91,91,91,91,301,284,284,285,,,,,,,,,,,,,,,,,,,,,107
,,,,,,,,,,,,,,,,,,,,,,,,,,,,,,,,,,,,,,,,,,,,,,,,,,,,,,,,,,,,,,,,294,284,284,284,291,,92,91,91,91,301,301,284,284,285,,,,,,,,,,,,,,,,,,,,,107
,,,,,,,,,,,,,,,,,,,,,,,,,,,,,,,,,,,,,,,,,,,,,,,,,,,,,,,,,,,,,,,303,301,284,301,291,,,92,91,91,91,284,284,301,301,285,,,,,,,,,,,,,,,,,,,,,107
,,,,,,,,,,,,,,,,,,,,,,,,,,,,,,,,,,,,,,,,,,,,,,,,,,,,,,,,,,,,,,,,293,301,284,292,,,92,91,301,91,284,301,284,284,302,,,,,,,,,,,,,,,,,,,,,107
,,,,,,,,,,,,,,,,,,,,,,,,,,,,,,,,,,,,,,,,,,,,,,,,,,,,,,,,,,,,,,,,286,284,301,284,302,294,301,284,284,91,284,301,301,284,302,,,,,,,,,,,,,,,,,,,,,107
,,,,,,,,,,,,,,,,,,,,,,,,,,,,,,,,,,,,,,,,,,,,,,,,,,,,,,,,,,,,,,,,303,301,284,291,286,301,284,301,301,91,301,284,284,301,302,,,,,,,,,,,,,,,,,,,,,107
,,,,,,,,,,,,,,,,,,,,,,,,,,,,,,,,,,,,,,,,,,,,,,,,,,,,,,,,,,,,,,,,286,301,301,302,286,301,284,284,301,91,284,301,284,301,302,,,,,,,,,,,,,,,,,,,,,107
,,,,,,,,,,,,,,,,,,,,,,,,,,,,,,,,,,,,,,,,,,,,,,,,,,,,,,,,,,,,,,,,303,301,284,302,286,301,301,301,284,91,284,301,301,284,285,,,,,,,,,,,,,,,,,,,,,107
,,,,,,,,,,,,,,,,,,,,,,,,,,,,,,,,,,,,,,,,,,,,,,,,,,,,,,,,,,,,,,,,286,301,301,292,294,301,301,301,301,91,284,284,301,284,285,,,,,,,,,,,,,,,,,,,,,107
,,,,,,,,,,,,,,,,,,,,,,,,,,,,,,,,,,,,,,,,,,,,,,,,,,,,,,,,,,,,,,,,294,301,284,301,301,284,301,284,301,91,301,284,301,284,302,,,,,,,,,,,,,,,,,,,,,107
,,,,,,,,,,,,,,,,,,,,,,,,,,,,,,,,,,,,,,,,,,,,,,,,,,,,,,,,,,,,,,,286,284,284,284,291,287,293,301,284,284,91,284,301,284,297,,,,,,,,,,,,,,,,,,,,,,107
,,,,,,,,,,,,,,,,,,,,,,,,,,,,,,,,,,,,,,,,,,,,,,,,,,,,,,,,,,,,,,,303,301,301,291,,,288,92,91,91,91,301,284,301,284,302,,,,,,,,,,,,,,,,,,,,,107
,,,,,,,,,,,,,,,,,,,,,,,,,,,,,,,,,,,,,,,,,,,,,,,,,,,,,,,,,,,,,,,303,301,284,292,288,303,284,284,301,284,284,301,284,301,301,302,,,,,,,,,,,,,,,,,,,,,107
,,,,,,,,,,,,,,,,,,,,,,,,,,,,,,,,,,,,,,,,,,,,,,,,,,,,,,,,,,,,,,,294,284,284,284,301,300,301,284,284,284,301,301,291,287,287,,,,,,,,,,,,,,,,,,,,,,107
,,,,,,,,,,,,,,,,,,,,,,,,,,,,,,,,,,,,,,,,,,,,,,,,,,,,,,,,,,,,,,286,284,284,301,301,291,,287,68,284,301,284,297,,,,,,,,,,,,,,,,,,,,,,,,,107
,,,,,,,,,,,,,,,,,,,,,,,,,,,,,,,,,,,,,,,,,,,,,,,,,,,,,,,,,,,,,,,293,284,301,284,292,,,68,301,301,284,301,302,,,,,,,,,,,,,,,,,,,,,,,,107
,,,,,,,,,,,,,,,,,,,,,,,,,,,,,,,,,,,,,,,,,,,,,,,,,,,,,,,,,,,,,,,303,284,284,301,301,302,,68,301,284,284,284,285,,,,,,,,,,,,,,,,,,,,,,,,107
,,,,,,,,,,,,,,,,,,,,,,,,,,,,,,,,,,,,,,,,,,,,,,,,,,,,,,,,,,,,,,,303,301,284,301,291,,288,68,284,284,284,291,,,,,,,,,,,,,,,,,,,,,,,,,107
,,,,,,,,,,,,,,,,,,,,,,,,,,,,,,,,,,,,,,,,,,,,,,,,,,,,,,,,,,,,,,,,298,301,284,292,303,284,284,301,284,301,292,,,,,,,,,,,,,,,,,,,,,,,,,107
,,,,,,,,,,,,,,,,,,,,,,,,,,,,,,,,,,,,,,,,,,,,,,,,,,,,,,,,,,,,,,,294,301,284,284,284,300,301,301,284,284,301,301,302,,,,,,,,,,,,,,,,,,,,,,,,107
,,,,,,,,,,,,,,,,,,,,,,,,,,,,,,,,,,,,,,,,,,,,,,,,,,,,,,,,,,,,,,286,301,301,301,284,301,285,293,301,301,284,284,291,,,,,,,,,,,,,,,,,,,,,,,,,107
,,,,,,,,,,,,,,,,,,,,,,,,,,,,,,,,,,,,,,,,,,,,,,,,,,,,,,,,,,,,,,303,301,301,301,284,284,285,,293,301,301,301,302,,,,,,,,,,,,,,,,,,,,,,,,,107
,,,,,,,,,,,,,,,,,,,,,,,,,,,,,,,,,,,,,,,,,,,,,,,,,,,,,,,,,,,,,,286,301,284,301,301,301,285,,294,284,299,301,302,,,,,,,,,,,,,,,,,,,,,,,,,107
,,,,,,,,,,,,,,,,,,,,,,,,,,,,,,,,,,,,,,,,,,,,,,,,,,,,,,,,,,,,,,286,301,301,301,284,284,285,303,301,284,284,301,302,,,,,,,,,,,,,,,,,,,,,,,,,107
,,,,,,,,,,,,,,,,,,,,,,,,,,,,,,,,,,,,,,,,,,,,,,,,,,,,,,,,,,,,,,303,301,284,284,284,284,302,303,284,301,284,297,,,,,,,,,,,,,,,,,,,,,,,,,,107
,,,,,,,,,,,,,,,,,,,,,,,,,,,,,,,,,,,,,,,,,,,,,,,,,,,,,,,,,,,,,,,293,301,284,284,301,292,303,284,299,301,301,292,288,,,,,,,,,,,,,,,,,,,,,,,,107
,,,,,,,,,,,,,,,,,,,,,,,,,,,,,,,,,,,,,,,,,,,,,,,,,,,,,,,,,,,,,,,,293,284,284,301,301,300,301,284,301,301,284,284,292,,,,,,,,,,,,,,,,,,,,,,,107
,,,,,,,,,,,,,,,,,,,,,,,,,,,,,,,,,,,,,,,,,,,,,,,,,,,,,,,,,,,,,,,,,293,284,301,291,286,301,291,298,284,301,301,284,285,,,,,,,,,,,,,,,,,,,,,,107
,,,,,,,,,,,,,,,,,,,,,,,,,,,,,,,,,,,,,,,,,,,,,,,,,,,,,,,,,,,,,,,,,294,284,284,285,,287,286,284,301,291,293,284,292,,,,,,,,,,,,,,,,,,,,,,107
,,,,,,,,,,,,,,,,,,,,,,,,,,,,,,,,,,,,,,,,,,,,,,,,,,,,,,,,,,,,,,,,294,301,284,301,302,,,,287,287,,286,284,301,302,,,,,,,,,,,,,,,,,,,,,107
,,,,,,,,,,,,,,,,,,,,,,,,,,,,,,,,,,,,,,,,,,,,,,,,,,,,,,,,,,,,,,,303,301,301,301,284,292,,,288,288,,,303,284,301,302,,,,,,,,,,,,,,,,,,,,,107
,,,,,,,,,,,,,,,,,,,,,,,,,,,,,,,,,,,,,,,,,,,,,,,,,,,,,,,,,,,,,,,294,284,301,301,301,284,292,294,301,301,292,288,286,301,301,302,,,,,,,,,,,,,,,,,,,,,107
,,,,,,,,,,,,,,,,,,,,,,,,,,,,,,,,,,,,,,,,,,,,,,,,,,,,,,,,,,,,,,286,301,284,284,301,291,293,301,301,295,284,284,301,77,284,284,302,,,,,,,,,,,,,,,,,,,,,107
,,,,,,,,,,,,,,,,,,,,,,,,,,,,,,,,,,,,,,,,,,,,,,,,,,,,,,,,,,,,,,286,284,284,284,291,,,287,287,,293,284,301,300,301,297,,,,,,,,,,,,,,,,,,,,,,107
,,,,,,,,,,,,,,,,,,,,,,,,,,,,,,,,,,,,,,,,,,,,,,,,,,,,,,,,,,,,,,286,284,301,291,,,,,,,286,284,301,77,284,284,285,,,,,,,,,,,,,,,,,,,,,107
,,,,,,,,,,,,,,,,,,,,,,,,,,,,,,,,,,,,,,,,,,,,,,,,,,,,,,,,,,,,,288,294,301,284,302,,,,,,,303,337,301,300,284,291,,,,,,,,,,,,,,,,,,,,,,107
,,,,,,,,,,,,,,,,,,,,,,,,,,,,,,,,,,,,,,,,,,,,,,,,,,,,,,,,,,,,286,284,284,301,301,302,,,,,,,303,337,337,289,284,285,,,,,,,,,,,,,,,,,,,,,,107
,,,,,,,,,,,,,,,,,,,,,,,,,,,,,,,,,,,,,,,,,,,,,,,,,,,,,,,,,,,,,298,301,299,301,292,,,,,,,303,337,284,199,301,285,,,,,,,,,,,,,,,,,,,,,,107
,,,,,,,,,,,,,,,,,,,,,,,,,,,,,,,,,,,,,,,,,,,,,,,,,,,,,,,,,,,,294,284,284,284,301,284,302,,288,,,,303,301,301,77,284,292,,,,,,,,,,,,,,,,,,,,,,107
,,,,,,,,,,,,,,,,,,,,,,,,,,,,,,,,,,,,,,,,,,,,,,,,,,,,,,,,,,,303,284,284,301,284,284,284,292,286,284,302,288,,294,301,301,77,284,301,285,,,,,,,,,,,,,,,,,,,,,107
,,,,,,,,,,,,,,,,,,,,,,,,,,,,,,,,,,,,,,,,,,,,,,,,,,,,,,,,,,,303,284,284,301,284,301,284,284,300,284,289,284,300,284,284,301,300,301,301,302,,,,,,,,,,,,,,,,,,,,,107
,,,,,,,,,,,,,,,,,,,,,,,,,,,,,,,,,,,,,,,,,,,,,,,,,,,,,,,,,,,303,284,284,284,291,287,287,290,303,301,300,284,302,293,284,301,289,301,284,292,,,,,,,,,,,,,,,,,,,,,107
,,,,,,,,,,,,,,,,,,,,,,,,,,,,,,,,,,,,,,,,,,,,,,,,,,,,,,,,,,,286,301,284,291,,,286,301,302,287,303,301,285,294,301,284,199,284,301,284,302,,,,,,,,,,,,,,,,,,,,107
,,,,,,,,,,,,,,,,,,,,,,,,,,,,,,,,,,,,,,,,,,,,,,,,,,,,,,,,,,,,293,301,285,,,217,301,292,,,287,303,284,284,301,285,287,293,284,302,,,,,,,,,,,,,,,,,,,,107
,,,,,,,,,,,,,,,,,,,,,,,,,,,,,,,,,,,,,,,,,,,,,,,,,,,,,,,,,,,,286,301,292,,,286,301,301,285,,,303,284,284,301,302,,294,284,285,,,,,,,,,,,,,,,,,,,,107
,,,,,,,,,,,,,,,,,,,,,,,,,,,,,,,,,,,,,,,,,,,,,,,,,,,,,,,,,,,,303,301,301,292,288,294,284,284,285,,,294,301,284,301,285,286,284,301,292,,,,,,,,,,,,,,,,,,,,107
,,,,,,,,,,,,,,,,,,,,,,,,,,,,,,,,,,,,,,,,,,,,,,,,,,,,,,,,,,,,,293,301,284,301,284,284,284,292,288,294,301,301,301,297,,303,284,301,301,292,,,,,,,,,,,,,,,,,,,107
,,,,,,,,,,,,,,,,,,,,,,,,,,,,,,,,,,,,,,,,,,,,,,,,,,,,,,,,,,,,,,287,293,301,295,301,284,284,301,284,295,301,301,301,292,,293,284,301,284,285,,,,,,,,,,,,,,,,,,107
,,,,,,,,,,,,,,,,,,,,,,,,,,,,,,,,,,,,,,,,,,,,,,,,,,,,,,,,,,,,,,,,287,,293,301,284,284,291,303,284,284,284,284,302,286,301,301,301,285,,,,,,,,,,,,,,,,,,107
,,,,,,,,,,,,,,,,,,,,,,,,,,,,,,,,,,,,,,,,,,,,,,,,,,,,,,,,,,,,,,,,,,,287,287,287,,,293,301,301,301,285,303,301,284,284,302,,,,,,,,,,,,,,,,,,107
,,,,,,,,,,,,,,,,,,,,,,,,,,,,,,,,,,,,,,,,,,,,,,,,,,,,,,,,,,,,,,,,,,,,,,,,,293,284,301,302,303,284,301,284,285,,,,,,,,,,,,,,,,,,107
,,,,,,,,,,,,,,,,,,,,,,,,,,,,,,,,,,,,,,,,,,,,,,,,,,,,,,,,,,,,,,,,,,,,,,,,,286,284,284,292,303,301,301,291,,,,,,,,,,,,,,,,,,,107
,,,,,,,,,,,,,,,,,,,,,,,,,,,,,,,,,,,,,,,,,,,,,,,,,,,,,,,,,,,,,,,,,,,,,,,,,,293,284,301,296,301,291,,,,,,,,,,,,,,,,,,,,107
,,,,,,,,,,,,,,,,,,,,,,,,,,,,,,,,,,,,,,,,,,,,,,,,,,,,,,,,,,,,,,,,,,,,,,,,,,286,284,301,301,301,285,,,,,,,,,,,,,,,,,,,,107
BigDecor: 
,,,,,,,,,,,,,,,,,,,,,,,,,,,,,,,,,,,,,,,,,,,,,,,,,,,,,,,,,,,,,,,,,,,,,,,,,,,,,,,,,,,,,,,,,,,,,,,,,20,,
,,,,,,,,,,,,,,,,,,,,,,,,,,,,,,,,,,,,,,,,,,,,,,,,,,,,,,,,,,,,,,,,,,,,,,,,,,,,,,,,,,,,,,,,,,,,,,,,,,,
,,,,,,,,,,,,,,,,,,,,,,,,,,,,,,,,,,,,,,,,,,,,,,,,,,,,,,,,,,,,,,,,,,,,,,,,,,,,,,,,,,,,,,,,,,,,,,,,,,,
,,,,,,,,,,,,,,,,,,,,,,,,,,,,,,,,,,,,,,,,,,,,,,,,,,,,,,,,,,,,,,,,,,,,,,,,,,,,,,,,,,,,,,,,,,,,,,,,,21,,
,,,,,,,,,,,,,,,,,,,,,,,,,,,,,,,,,,,,,,,,,,,,,,,,,,,,,,,,,,,,,,,,,,,,,,,,,,,,,,,,,,,,,,,,,,,,,,,,,,,
,,,,,,,,,,,,,,,,,,,,,,,,,,,,,,,,,,,,,,,,,,,,,,,,,,,,,,,,,,,,,,,,,,,,,,,,,,,,,,,,,,,,,,,,,,,,,,,,,20,,
,,,,,,,,,,,,,,,,,,,,,,,,,,,,,,,,,,,,,,,,,,,,,,,,,,,,,,,,,,,,,,,,,,,,,,,,,,,,,,,,,,,,,,,,,,,,,,,,,,,
,,,,,,,,,,,,,,,,,,,,,,,,,,,,,,,,,,,,,,,,,,,,,,,,,,,,,,,,,,,,,,,,,,,,,,,,,,,,,,,,,,,,,,,,,,,,,,,,,,,
,,,,,,,,,,,,,,,,,,,,,,,,,,,,,,,,,,,,,,,,,,,,,,,,,,,,,,,,,,,,,,,,,,,,,,,,,,,,,,,,,,,,,,,,,,,,,,,,,,,
,,,,,,,,,,,,,,,,,,,,,,,,,,,,,,,,,,,,,,,,,,,,,,,,,,,,,,,,,,,,,,,,,,,,,,,,,,,,,,,,,,,,,,,,,,,,,,,,,,,
,,,,,,,,,,,,,,,,,,,,,,,,,,,,,,,,,,,,,,,,,,,,,,,,,,,,,,,,,,,,,,,,,,,,,,,,,,,,,,,,,,,,,,,,,,,,,,,,,,,
,,,,,,,,,,,,,,,,,,,,,,,,,,,,,,,,,,,,,,,,,,,,,,,,,,,,,,,,,,,,,,,,,,,,,,,,,,,,,,,,,,,,,,,,,,,,,,,,,,,
,,,,,,,,,,,,,,,,,,,,,,,,,,,,,,,,,,,,,,,,,,,,,,,,,,,,,,,,,,,,,,,,,,,,,,,,,,,,,,,,,,,,,,,,,,,,,,,,,,,
,,,,,,,,,,,,,,,,,,,,,,,,,,,,,,,,,,,,,,,,,,,,,,,,,,,,,,,,,,,,,,,,,,,,,,,,,,,,,,,,,,,,,,,,,,,,,,,,,,,
,,,,,,,,,,,,,,,,,,,,,,,,,,,,,,,,,,,,,,,,,,,,,,,,,,,,,,,,,,,,,,,,,,,,,,,,,,,,,,,,,,,,,,,,,,,,,,,,,,,
,,,,,,,,,,,,,,,,,,,,,,,,,,,,,,,,,,,,,,,,,,,,,,,,,,,,,,,,,,,,,,,,,,,,,,,,,,,,,,,,,,,,,,,,,,,,,,,,,,,
,,,,,,,,,,,,,,,,,,,,,,,,,,,,,,,,,,,,,,,,,,,,,,,,,,,,,,,,,,,,,,,,,,,,,,,,,,,,,,,,,,,,,,,,,,,,,,,,,,,
,,,,,,,,,,,,,,,,,,,,,,,,,,,,,,,,,,,,,,,,,,,,,,,,,,,,,,,,,,,,,,,,,,,,,,,,,,,,,,,,,,,,,,,,,,,,,,,,,,,
,,,,,,,,,,,,,,,,,,,,,,,,,,,,,,,,,,,,,,,,,,,,,,,,,,,,,,,,,,,,,,,,,,,,,,,,,,,,,,,,,,,,,,,,,,,,,,,,,,,
,,,,,,,,,,,,,,,,,,,,,,,,,,,,,,,,,,,,,,,,,,,,,,,,,,,,,,,,,,,,,,,,,,,,,,,,,,,,,,,,,,,,,,,,,,,,,,,,,,,
,,,,,,,,,,,,,,,,,,,,,,,,,,,,,,,,,,,,,,,,,,,,,,,,,,,,,,,,,,,,,,,,,,,,,,,,,,,,,,,,,,,,,,,,,,,,,,,,,,,
,,,,,,,,,,,,,,,,,,,,,,23,,,,,,,,,,,,,,,,,,,,,,,,,,,,,,,,,,,,,,,,,,,,,,,,,,,,,,,,,,,,,,,,,,,,,,,,,,,,,
,,,,,,,,,,,,,,,,,,,,,,,,,,,,,,,,,,,,,,,,,,,,,,,,,,,,,,,,,,,,,,,,,,,,,,,,,,,,,,,,,,,,,,,,,,,,,,,,,,,
,,,,,,,,,,,,,,,,,,,,,,25,,,,,,,,,,,,,,,,,,,,,,,,,,,,,,,,,,,,,,,,,,,,,,,,,,,,,,,,,,,,,,,,,,,,,,,,,,,,,
,,,,,,,,,,,,,,,,,,,,,,,,,,,,,,,,,,,,,,,,,,,,,,,,,,,,,,,,,,,,,,,,,,,,,,,,,,,,,,,,,,,,,,,,,,,,,,,,,,,
,,,,,,,,,,,,,,,,,,,,,,,,,,,,,,,,,,,,,,,,,,,,,,,,,,,,,,,,,,,,,,,,,,,,,,,,,,,,,,,,,,,,,,,,,,,,,,,,,,,
,,,,,,,,,,,,,,,,,,,,,,,,,,,,,,,,,,,,,,,,,,,,,,,,,,,,,,,,,,,,,,,,,,,,,,,,,,,,,,,,,,,,,,,,,,,,,,,,,,,
,,,,,,,,,,,,,,,,,,,,,,,,,,,,,,,,,,,,,,,,,,,,,,,,,,,,,,,,,,,,,,,,,,,,,,,,,,,,,,,,,,,,,,,,,,,,,,,,,,,
,,,,,,,,,,,,,,,,,,,,,,,,,,,,,,,,,,,,,,,,,,,,,,,,,,,,,,,,,,,,,,,,,,,,,,,,,,,,,,,,,,,,,,,,,,,,,,,,,,,
,,,,,,,,,,,,,,,,,,,,,,,,,,,,,,,,,,,,,,,,,,,,,,,,,,,,,,,,,,,,,,,,,,,,,,,,,,,,,,,,,,,,,,,,,,,,,,,,,,,
,,,,,,,,,,,,,,,,,,,,,,,,,,,,,,,,,,,,,,,,,,,,,,,,,,,,,,,,,,,,,,,,,,,,,,,,,,,,,,,,,,,,,,,,,,,,,,,,,,,
,,,,,,,,,,,,,,,,,,,,,,,,,,,,,,,,,,,,,,,,,,,,,,,,,,,,,,,,,,,,,,,,,,,,,,,,,,,,,,,,,,,,,,,,,,,,,,,,,,,
,,,,,,,,,,,,,,,,,,,,,,,,,,,,,,,,,,,,,,,,,,,,,,,,,,,,,,,,,,,,,,,,,,,,,,,,,,,,,,,,,,,,,,,,,,,,,,,,,,,
,,,,,,,,,,,,,,,,,,,,,,,,,,,,,,,,,,,,,,,,,,,,,,,,,,,,,,,,,,,,,,,,,,,,,,,,,,,,,,,,,,,,,,,,,,,,,,,,,,,
,,,,,,,,,,,,,,,,,,,,,,,,,,,,,,,,,,,,,,,,,,,,,,,,,,,,,,,,,,,,,,,,,,,,,,,,,,,,,,,,,,,,,,,,,,,,,,,,,,,
,,,,,,,,,,,,,,,,,,,,,,,,,,,,,,,,,,,,,,,,,,,,,,,,,,,,,,,,,,,,,,,,,,,,,,,,,,,,,,,,,,,,,,,,,,,,,,,,,,,
,,,,,,,,,,,,,,,,,,,,,,,,,,,,,,,,,,,,,,,,,,,,,,,,,,,,,,,,,,,,,,,,,,,,,,,,,,,,,,,,,,,,,,,,,,,,,,,,,,,
,,,,,,,,,,,,,,,,,,,,,,,,,,,,,,,,,,,,,,,,,,,,,,,,,,,,,,,,,,,,,,,,,,,,,,,,,,,,,,,,,,,,,,,,,,,,,,,,,,,
,,,,,,,,,,,,,,,,,,,,,,,,,,,,,,,,,,,,,,,,,,,,,,,,,,,,,,,,,,,,,,,,,,,,,,,,,,,,,,,,,,,,,,,,,,,,,,,,,,,
,,,,,,,,,,,,,,,,,,,,,,,,,,,,,,,,,,,,,,,,,,,,,,,,,,,,,,,,,,,,,,,,,,,,,,,,,,,,,,,,,,,,,,,,,,,,,,,,,,,
,,,,,,,,,,,,,,,,,,,,,,,,,,,,,,,,,,,,,,,,,,,,,,,,,,,,,,,,,,,,,,,,,,,,,,203,,,,,,,,,,,,,,,,,,,,,,,,,,,,,
,,,,,,,,,,,,,,,,,,,,,,,,,,,,,,,,,,,,,,,,,,,,,,,,,,,,,,,,,,,,,,,,,,,,,,,,,203,,,,,,,,,,,,,,,,,,,,,,,,,,
,,,,,,,,,,,,,,,,,,,,,,,,,,,,,,,,,,,,,,,,,,,,,,,,,,,,,,,,,,,,,,,,,,,,,,,,,,203,,,,,,,,,,,,,,,,,,,,,,,,,
,,,,,,,,,,,,,,,,,,,,,,,,,,,,,,,,,,,,,,,,,,,,,,,,,,,,,,,,,,,,,,,,,,,,,,,,,,203,,,,,,,,,,,,,,,,,,,,,,,,,
,,,,,,,,,,,,,,,,,,,,,,,,,,,,,,,,,,,,,,,,,,,,,,,,,,,,,,,,,,,,,,,,,,,,,,,,,,,,,,,,,,,,,,,,,,,,,,,,,,,
,,,,,,,,,,,,,,,,,,,,,,,,,,,,,,,,,,,,,,,,,,,,,,,,,,,,,,,,,,,,,,,,,,,,,,,,,,203,,,,,,,,,,,,,,,,,,,,,,,,,
,,,,,,,,,,,,,,,,,,,,,,,,,,,,,,,,,,,,,,,,,,,,,,,,,,,,,,,,,,,,,,,,,,,,,,,,,,,,,,,,,,,,,,,,,,,,,,,,,,,
,,,,,,,,,,,,,,,,,,,,,,,,,,,,,,,,,,,,,,,,,,,,,,,,,,,,,,,,,,,,,,,,,,,,,,,,,,,,,,,,,,,,,,,,,,,,,,,,,,,
,,,,,,,,,,,,,,,,,,,,,,,,,,,,,,,,,,,,,,,,,,,,,,,,,,,,,,,,,,,,,,,,,,,,,,,,,203,,,,,,,,,,,,,,,,,,,,,,,,,,
,,,,,,,,,,,,,,,,,,,,,,,,,,,,,,,,,,,,,,,,,,,,,,,,,,,,,,,,,,,,,,,,,,,,,,,203,,,,,,,,,,,,,,,,,,,,,,,,,,,,
,,,,,,,,,,,,,,,,,,,,,,,,,,,,,,,,,,,,,,,,,,,,,,,,,,,,,,,,,,,,,,,,,,,,,,,,,,,,,,,,,,,,,,,,,,,,,,,,,,,
,,,,,,,,,,,,,,,,,,,,,,,,,,,,,,,,,,,,,,,,,,,,,,,,,,,,,,,,,,,,,,,,,,,,,,,,,203,,,,,,,,,,,,,,,,,,,,,,,,,,
,,,,,,,,,,,,,,,,,,,,,,,,,,,,,,,,,,,,,,,,,,,,,,,,,,,,,,,,,,,,,,,,,,,,,,,,,203,,,,,,,,,,,,,,,,,,,,,,,,,,
,,,,,,,,,,,,,,,,,,,,,,,,,,,,,,,,,,,,,,,,,,,,,,,,,,,,,,,,,,,,,,,,,,,,,,,,,,,,,,,,,,,,,,,,,,,,,,,,,,,
,,,,,,,,,,,,,,,,,,,,,,,,,,,,,,,,,,,,,,,,,,,,,,,,,,,,,,,,,,,,,,,,,,,,,,,,,,,,,,,,,,,,,,,,,,,,,,,,,,,
,,,,,,,,,,,,,,,,,,,,,,,,,,,,,,,,,,,,,,,,,,,,,,,,,,,,,,,,,,,,,,,,,,,,,,,,,203,,,,,,,,,,,,,,,,,,,,,,,,,,
,,,,,,,,,,,,,,,,,,,,,,,,,,,,,,,,,,,,,,,,,,,,,,,,,,,,,,,,,,,,,,,,,,,,,,,,,,,,,,,,,,,,,,,,,,,,,,,,,,,
,,,,,,,,,,,,,,,,,,,,,,,,,,,,,,,,,,,,,,,,,,,,,,,,,,,,,,,,,,,,,,,,,,,,,,,,,203,,,,,,,,,,,,,,,,,,,,,,,,,,
,,,,,,,,,,,,,,,,,,,,,,,,,,,,,,,,,,,,,,,,,,,,,,,,,,,,,,,,,,,,,,,,,,,,,,,,,,,,,,,,,,,,,,,,,,,,,,,,,,,
,,,,,,,,,,,,,,,,,,,,,,,,,,,,,,,,,,,,,,,,,,,,,,,,,,,,,,,,,,,,,,,,,,,,,,,,,,,,,,,,,,,,,,,,,,,,,,,,,,,
,,,,,,,,,,,,,,,,,,,,,,,,,,,,,,,,,,,,,,,,,,,,,,,,,,,,,,,,,,,,,,,,,,,,,,,,,,,,,,,,,,,,,,,,,,,,,,,,,,,
,,,,,,,,,,,,,,,,,,,,,,,,,,,,,,,,,,,,,,,,,,,,,,,,,,,,,,,,,,,,,,,,,,,,,,,,,,,,,,,,,,,,,,,,,,,,,,,,,,,
,,,,,,,,,,,,,,,,,,,,,,,,,,,,,,,,,,,,,,,,,,,,,,,,,,,,,,,,,,,,,,,,,,,,,,,,,,,,,,,,,,,,,,,,,,,,,,,,,,,
,,,,,,,,,,,,,,,,,,,,,,,,,,,,,,,,,,,,,,,,,,,,,,,,,,,,,,,,,,,,,,,,,,,,,,,,,,,,,,,,,,,,,,,,,,,,,,,,,,,
,,,,,,,,,,,,,,,,,,,,,,,,,,,,,,,,,,,,,,,,,,,,,,,,,,,,,,,,,,,,,,,,,,,,,,,,,,,,,,,,,,,,,,,,,,,,,,,,,,,
,,,,,,,,,,,,,,,,,,,,,,,,,,,,,,,,,,,,,,,,,,,,,,,,,,,,,,,,,,,,,,,,,,,,,,,,,,,,,,,,,,,,,,,,,,,,,,,,,,,
,,,,,,,,,,,,,,,,,,,,,,,,,,,,,,,,,,,,,,,,,,,,,,,,,,,,,,,,,,,,,,,,,,,,,,,,,,,,,,,,,,,,,,,,,,,,,,,,,,,
,,,,,,,,,,,,,,,,,,,,,,,,,,,,,,,,,,,,,,,,,,,,,,,,,,,,,,,,,,,,,,,,,,,,,,,,,,,,,,,,,,,,,,,,,,,,,,,,,,,
,,,,,,,,,,,,,,,,,,,,,,,,,,,,,,,,,,,,,,,,,,,,,,,,,,,,,,,,,,,,,,,,,,,,,,,,,,,,,,,,,,,,,,,,,,,,,,,,,,,
,,,,,,,,,,,,,,,,,,,,,,,,,,,,,,,,,,,,,,,,,,,,,,,,,,,,,,,,,,,,,,,,,,,,,,,,,,,,,,,,,,,,,,,,,,,,,,,,,,,
,,,,,,,,,,,,,,,,,,,,,,,,,,,,,,,,,,,,,,,,,,,,,,,,,,,,,,,,,,,,,,,,,,,,,,,,,,,,,,,,,,,,,,,,,,,,,,,,,,,
,,,,,,,,,,,,,,,,,,,,,,,,,,,,,,,,,,,,,,,,,,,,,,,,,,,,,,,,,,,,,,,,,,,,,,,,,,,,,,,,,,,,,,,,,,,,,,,,,,,
,,,,,,,,,,,,,,,,,,,,,,,,,,,,,,,,,,,,,,,,,,,,,,,,,,,,,,,,,,,,,,,,,,,,,,,,,,,,,,,,,,,,,,,,,,,,,,,,,,,
,,,,,,,,,,,,,,,,,,,,,,,,,,,,,,,,,,,,,,,,,,,,,,,,,,,,,,,,,,,,,,,,,,,,,,,,,,,,,,,,,,,,,,,,,,,,,,,,,,,
,,,,,,,,,,,,,,,,,,,,,,,,,,,,,,,,,,,,,,,,,,,,,,,,,,,,,,,,,,,,,,,,,,,,,,,,,,,,,,,,,,,,,,,,,,,,,,,,,,,
,,,,,,,,,,,,,,,,,,,,,,,,,,,,,,,,,,,,,,,,,,,,,,,,,,,,,,,,,,,,,,,,,,,,,,,,,,,,,,,,,,,,,,,,,,,,,,,,,,,
,,,,,,,,,,,,,,,,,,,,,,,,,,,,,,,,,,,,,,,,,,,,,,,,,,,,,,,,,,,,,,,,,,,,,,,,,,,,,,,,,,,,,,,,,,,,,,,,,,,
,,,,,,,,,,,,,,,,,,,,,,,,,,,,,,,,,,,,,,,,,,,,,,,,,,,,,,,,,,,,,,,,,,,,,,,,,,,,,,,,,,,,,,,,,,,,,,,,,,,
,,,,,,,,,,,,,,,,,,,,,,,,,,,,,,,,,,,,,,,,,,,,,,,,,,,,,,,,,,,,,,,,,,,,,,,,,,,,,,,,,,,,,,,,,,,,,,,,,,,
,,,,,,,,,,,,,,,,,,,,,,,,,,,,,,,,,,,,,,,,,,,,,,,,,,,,,,,,,,,,,,,,,,,,,,,,,,,,,,,,,,,,,,,,,,,,,,,,,,,
,,,,,,,,,,,,,,,,,,,,,,,,,,,,,,,,,,,,,,,,,,,,,,,,,,,,,,,,,,,,,,,,,,,,,,,,,,,,,,,,,,,,,,,,,,,,,,,,,,,
,,,,,,,,,,,,,,,,,,,,,,,,,,,,,,,,,,,,,,,,,,,,,,,,,,,,,,,,,,,,,,,,,,,,,,,,,,,,,,,,,,,,,,,,,,,,,,,,,,,
,,,,,,,,,,,,,,,,,,,,,,,,,,,,,,,,,,,,,,,,,,,,,,,,,,,,,,,,,,,,,,,,,,,,,,,,,,,,,,,,,,,,,,,,,,,,,,,,,,,
,,,,,,,,,,,,,,,,,,,,,,,,,,,,,,,,,,,,,,,,,,,,,,,,,,,,,,,,,,,,,,,,,,,,,,,,,,,,,,,,,,,,,,,,,,,,,,,,,,,
,,,,,,,,,,,,,,,,,,,,,,,,,,,,,,,,,,,,,,,,,,,,,,,,,,,,,,,,,,,,,,,,,,,,,,,,,,,,,,,,,,,,,,,,,,,,,,,,,,,
,,,,,,,,,,,,,,,,,,,,,,,,,,,,,,,,,,,,,,,,,,,,,,,,,,,,,,,,,,,,,,,,,,,,,,,,,,,,,,,,,,,,,,,,,,,,,,,,,,,
,,,,,,,,,,,,,,,,,,,,,,,,,,,,,,,,,,,,,,,,,,,,,,,,,,,,,,,,,,,,,,,,,,23,,,,,,,,,,,,,,,,,,,,,,,,,,,,,,,,,
,,,,,,,,,,,,,,,,,,,,,,,,,,,,,,,,,,,,,,,,,,,,,,,,,,,,,,,,,,,,,,,,,,,,,,,,,,,,,,,,,,,,,,,,,,,,,,,,,,,
,,,,,,,,,,,,,,,,,,,,,,,,,,,,,,,,,,,,,,,,,,,,,,,,,,,,,,,,,,,,,,,,25,,,,,,,,,,,,,,,,,,,,,,,,,,,,,,,,,,,
,,,,,,,,,,,,,,,,,,,,,,,,,,,,,,,,,,,,,,,,,,,,,,,,,,,,,,,,,,,,,,,,,,,,,,,,,,,,23,,,,,,,,,,,,,,,,,,,,,,,
,,,,,,,,,,,,,,,,,,,,,,,,,,,,,,,,,,,,,,,,,,,,,,,,,,,,,,,,,,,,,,,,23,,,,,,,,,,,,,,,,,,,,,,,,,,,,,,,,,,,
,,,,,,,,,,,,,,,,,,,,,,,,,,,,,,,,,,,,,,,,,,,,,,,,,,,,,,,,,,,,,,,,,,,,,,,,,,,24,,,,,,,,,,,,,,,,,,,,,,,,
,,,,,,,,,,,,,,,,,,,,,,,,,,,,,,,,,,,,,,,,,,,,,,,,,,,,,,,,,,,,,,,,,,,,,,,,,,,,,,,,,,,,,,,,,,,,,,,,,,,
,,,,,,,,,,,,,,,,,,,,,,,,,,,,,,,,,,,,,,,,,,,,,,,,,,,,,,,,,,,,,,,,,,,,,,,,,,,,25,,,,,,,,,,,,,,,,,,,,,,,
,,,,,,,,,,,,,,,,,,,,,,,,,,,,,,,,,,,,,,,,,,,,,,,,,,,,,,,,,,,,,,,,,,,,,,,,,,,,,,,,,,,,,,,,,,,,,,,,,,,
,,,,,,,,,,,,,,,,,,,,,,,,,,,,,,,,,,,,,,,,,,,,,,,,,,,,,,,,,,,,,,,,,,,,,,,,,,,,23,,,,,,,,,,,,,,,,,,,,,,,
,,,,,,,,,,,,,,,,,,,,,,,,,,,,,,,,,,,,,,,,,,,,,,,,,,,,,,,,,,,,,,,,,,,,,,,,,,,,,,,,,,,,,,,,,,,,,,,,,,,
,,,,,,,,,,,,,,,,,,,,,,,,,,,,,,,,,,,,,,,,,,,,,,,,,,,,,,,,,,,,,,,,,,,,,,,,,,,,,,,,,,,,,,,,,,,,,,,,,,,
,,,,,,,,,,,,,,,,,,,,,,,,,,,,,,,,,,,,,,,,,,,,,,,,,,,,,,,,,,,,,,,,,,,,,,,,,,,,,,,,,,,,,,,,,,,,,,,,,,,
,,,,,,,,,,,,,,,,,,,,,,,,,,,,,,,,,,,,,,,,,,,,,,,,,,,,,,,,,,,,,,,,,,,,,,,,,,,,,,,,,,,,,,,,,,,,,,,,,,,
MoveObject: type=2 stepAdvance=1 stepRecede=1 timeStopStart=0 timeStopEnd=0 posStart=834;5188 posEnd=834;5188 posCurrent=834;5188 step=1 time=0 phase=666 channel=10 icon=20 
MoveObject: type=16 stepAdvance=10 stepRecede=10 timeStopStart=0 timeStopEnd=0 posStart=4480;4416 posEnd=4416;4416 posCurrent=4448;4416 step=4 time=5 phase=666 channel=10 icon=77 
MoveObject: type=6 stepAdvance=1 stepRecede=1 timeStopStart=0 timeStopEnd=0 posStart=194;4808 posEnd=194;4808 posCurrent=194;4808 step=1 time=0 phase=666 channel=10 icon=27 
MoveObject: type=12 stepAdvance=1 stepRecede=1 timeStopStart=0 timeStopEnd=0 posStart=1024;6016 posEnd=1024;6016 posCurrent=1024;6016 step=1 time=0 phase=666 channel=1 icon=32 
MoveObject: type=12 stepAdvance=1 stepRecede=1 timeStopStart=0 timeStopEnd=0 posStart=1088;6016 posEnd=1088;6016 posCurrent=1088;6016 step=1 time=0 phase=666 channel=1 icon=32 
MoveObject: type=12 stepAdvance=1 stepRecede=1 timeStopStart=0 timeStopEnd=0 posStart=1088;6080 posEnd=1088;6080 posCurrent=1088;6080 step=1 time=0 phase=666 channel=1 icon=32 
MoveObject: type=12 stepAdvance=1 stepRecede=1 timeStopStart=0 timeStopEnd=0 posStart=1024;6080 posEnd=1024;6080 posCurrent=1024;6080 step=1 time=0 phase=666 channel=1 icon=32 
MoveObject: type=12 stepAdvance=1 stepRecede=1 timeStopStart=0 timeStopEnd=0 posStart=1024;6144 posEnd=1024;6144 posCurrent=1024;6144 step=1 time=0 phase=666 channel=1 icon=32 
MoveObject: type=12 stepAdvance=1 stepRecede=1 timeStopStart=0 timeStopEnd=0 posStart=1088;6144 posEnd=1088;6144 posCurrent=1088;6144 step=1 time=0 phase=666 channel=1 icon=33 
MoveObject: type=12 stepAdvance=1 stepRecede=1 timeStopStart=0 timeStopEnd=0 posStart=1088;6208 posEnd=1088;6208 posCurrent=1088;6208 step=1 time=0 phase=666 channel=1 icon=32 
MoveObject: type=12 stepAdvance=1 stepRecede=1 timeStopStart=0 timeStopEnd=0 posStart=1024;6208 posEnd=1024;6208 posCurrent=1024;6208 step=1 time=0 phase=666 channel=1 icon=32 
MoveObject: type=12 stepAdvance=1 stepRecede=1 timeStopStart=0 timeStopEnd=0 posStart=1152;4672 posEnd=1152;4672 posCurrent=1152;4672 step=1 time=0 phase=666 channel=1 icon=32 
MoveObject: type=12 stepAdvance=1 stepRecede=1 timeStopStart=0 timeStopEnd=0 posStart=1152;4608 posEnd=1152;4608 posCurrent=1152;4608 step=1 time=0 phase=666 channel=1 icon=32 
MoveObject: type=12 stepAdvance=1 stepRecede=1 timeStopStart=0 timeStopEnd=0 posStart=1152;4544 posEnd=1152;4544 posCurrent=1152;4544 step=1 time=0 phase=666 channel=1 icon=32 
MoveObject: type=12 stepAdvance=1 stepRecede=1 timeStopStart=0 timeStopEnd=0 posStart=1152;4480 posEnd=1152;4480 posCurrent=1152;4480 step=1 time=0 phase=666 channel=1 icon=33 
MoveObject: type=12 stepAdvance=1 stepRecede=1 timeStopStart=0 timeStopEnd=0 posStart=1088;4608 posEnd=1088;4608 posCurrent=1088;4608 step=1 time=0 phase=666 channel=1 icon=33 
MoveObject: type=12 stepAdvance=1 stepRecede=1 timeStopStart=0 timeStopEnd=0 posStart=1088;4672 posEnd=1088;4672 posCurrent=1088;4672 step=1 time=0 phase=666 channel=1 icon=34 
MoveObject: type=12 stepAdvance=1 stepRecede=1 timeStopStart=0 timeStopEnd=0 posStart=1088;4544 posEnd=1088;4544 posCurrent=1088;4544 step=1 time=0 phase=666 channel=1 icon=34 
MoveObject: type=12 stepAdvance=1 stepRecede=1 timeStopStart=0 timeStopEnd=0 posStart=1088;4480 posEnd=1088;4480 posCurrent=1088;4480 step=1 time=0 phase=666 channel=1 icon=32 
MoveObject: type=12 stepAdvance=1 stepRecede=1 timeStopStart=0 timeStopEnd=0 posStart=1024;4480 posEnd=1024;4480 posCurrent=1024;4480 step=1 time=0 phase=666 channel=1 icon=32 
MoveObject: type=12 stepAdvance=1 stepRecede=1 timeStopStart=0 timeStopEnd=0 posStart=1024;4544 posEnd=1024;4544 posCurrent=1024;4544 step=1 time=0 phase=666 channel=1 icon=32 
MoveObject: type=12 stepAdvance=1 stepRecede=1 timeStopStart=0 timeStopEnd=0 posStart=1024;4608 posEnd=1024;4608 posCurrent=1024;4608 step=1 time=0 phase=666 channel=1 icon=32 
MoveObject: type=12 stepAdvance=1 stepRecede=1 timeStopStart=0 timeStopEnd=0 posStart=1024;4672 posEnd=1024;4672 posCurrent=1024;4672 step=1 time=0 phase=666 channel=1 icon=32 
MoveObject: type=12 stepAdvance=1 stepRecede=1 timeStopStart=0 timeStopEnd=0 posStart=960;4480 posEnd=960;4480 posCurrent=960;4480 step=1 time=0 phase=666 channel=1 icon=33 
MoveObject: type=12 stepAdvance=1 stepRecede=1 timeStopStart=0 timeStopEnd=0 posStart=960;4544 posEnd=960;4544 posCurrent=960;4544 step=1 time=0 phase=666 channel=1 icon=33 
MoveObject: type=12 stepAdvance=1 stepRecede=1 timeStopStart=0 timeStopEnd=0 posStart=960;4608 posEnd=960;4608 posCurrent=960;4608 step=1 time=0 phase=666 channel=1 icon=33 
MoveObject: type=12 stepAdvance=1 stepRecede=1 timeStopStart=0 timeStopEnd=0 posStart=960;4672 posEnd=960;4672 posCurrent=960;4672 step=1 time=0 phase=666 channel=1 icon=33 
MoveObject: type=12 stepAdvance=1 stepRecede=1 timeStopStart=0 timeStopEnd=0 posStart=896;4480 posEnd=896;4480 posCurrent=896;4480 step=1 time=0 phase=666 channel=1 icon=33 
MoveObject: type=12 stepAdvance=1 stepRecede=1 timeStopStart=0 timeStopEnd=0 posStart=896;4544 posEnd=896;4544 posCurrent=896;4544 step=1 time=0 phase=666 channel=1 icon=33 
MoveObject: type=12 stepAdvance=1 stepRecede=1 timeStopStart=0 timeStopEnd=0 posStart=896;4608 posEnd=896;4608 posCurrent=896;4608 step=1 time=0 phase=666 channel=1 icon=33 
MoveObject: type=12 stepAdvance=1 stepRecede=1 timeStopStart=0 timeStopEnd=0 posStart=896;4672 posEnd=896;4672 posCurrent=896;4672 step=1 time=0 phase=666 channel=1 icon=34 
MoveObject: type=12 stepAdvance=1 stepRecede=1 timeStopStart=0 timeStopEnd=0 posStart=832;4480 posEnd=832;4480 posCurrent=832;4480 step=1 time=0 phase=666 channel=1 icon=32 
MoveObject: type=12 stepAdvance=1 stepRecede=1 timeStopStart=0 timeStopEnd=0 posStart=832;4544 posEnd=832;4544 posCurrent=832;4544 step=1 time=0 phase=666 channel=1 icon=33 
MoveObject: type=12 stepAdvance=1 stepRecede=1 timeStopStart=0 timeStopEnd=0 posStart=1920;4352 posEnd=1920;4352 posCurrent=1920;4352 step=1 time=0 phase=666 channel=1 icon=32 
MoveObject: type=12 stepAdvance=1 stepRecede=1 timeStopStart=0 timeStopEnd=0 posStart=1984;4352 posEnd=1984;4352 posCurrent=1984;4352 step=1 time=0 phase=666 channel=1 icon=32 
MoveObject: type=12 stepAdvance=1 stepRecede=1 timeStopStart=0 timeStopEnd=0 posStart=1984;4416 posEnd=1984;4416 posCurrent=1984;4416 step=1 time=0 phase=666 channel=1 icon=33 
MoveObject: type=12 stepAdvance=1 stepRecede=1 timeStopStart=0 timeStopEnd=0 posStart=1920;4416 posEnd=1920;4416 posCurrent=1920;4416 step=1 time=0 phase=666 channel=1 icon=33 
MoveObject: type=12 stepAdvance=1 stepRecede=1 timeStopStart=0 timeStopEnd=0 posStart=704;1408 posEnd=704;1408 posCurrent=704;1408 step=1 time=0 phase=666 channel=1 icon=33 
MoveObject: type=12 stepAdvance=1 stepRecede=1 timeStopStart=0 timeStopEnd=0 posStart=704;1344 posEnd=704;1344 posCurrent=704;1344 step=1 time=0 phase=666 channel=1 icon=32 
MoveObject: type=12 stepAdvance=1 stepRecede=1 timeStopStart=0 timeStopEnd=0 posStart=704;1280 posEnd=704;1280 posCurrent=704;1280 step=1 time=0 phase=666 channel=1 icon=33 
MoveObject: type=12 stepAdvance=1 stepRecede=1 timeStopStart=0 timeStopEnd=0 posStart=704;1216 posEnd=704;1216 posCurrent=704;1216 step=1 time=0 phase=666 channel=1 icon=32 
MoveObject: type=12 stepAdvance=1 stepRecede=1 timeStopStart=0 timeStopEnd=0 posStart=768;1216 posEnd=768;1216 posCurrent=768;1216 step=1 time=0 phase=666 channel=1 icon=32 
MoveObject: type=12 stepAdvance=1 stepRecede=1 timeStopStart=0 timeStopEnd=0 posStart=832;1216 posEnd=832;1216 posCurrent=832;1216 step=1 time=0 phase=666 channel=1 icon=33 
MoveObject: type=12 stepAdvance=1 stepRecede=1 timeStopStart=0 timeStopEnd=0 posStart=896;1216 posEnd=896;1216 posCurrent=896;1216 step=1 time=0 phase=666 channel=1 icon=32 
MoveObject: type=12 stepAdvance=1 stepRecede=1 timeStopStart=0 timeStopEnd=0 posStart=960;1216 posEnd=960;1216 posCurrent=960;1216 step=1 time=0 phase=666 channel=1 icon=32 
MoveObject: type=12 stepAdvance=1 stepRecede=1 timeStopStart=0 timeStopEnd=0 posStart=960;1280 posEnd=960;1280 posCurrent=960;1280 step=1 time=0 phase=666 channel=1 icon=33 
MoveObject: type=12 stepAdvance=1 stepRecede=1 timeStopStart=0 timeStopEnd=0 posStart=960;1344 posEnd=960;1344 posCurrent=960;1344 step=1 time=0 phase=666 channel=1 icon=32 
MoveObject: type=12 stepAdvance=1 stepRecede=1 timeStopStart=0 timeStopEnd=0 posStart=960;1408 posEnd=960;1408 posCurrent=960;1408 step=1 time=0 phase=666 channel=1 icon=32 
MoveObject: type=12 stepAdvance=1 stepRecede=1 timeStopStart=0 timeStopEnd=0 posStart=896;1408 posEnd=896;1408 posCurrent=896;1408 step=1 time=0 phase=666 channel=1 icon=32 
MoveObject: type=12 stepAdvance=1 stepRecede=1 timeStopStart=0 timeStopEnd=0 posStart=832;1408 posEnd=832;1408 posCurrent=832;1408 step=1 time=0 phase=666 channel=1 icon=33 
MoveObject: type=12 stepAdvance=1 stepRecede=1 timeStopStart=0 timeStopEnd=0 posStart=768;1408 posEnd=768;1408 posCurrent=768;1408 step=1 time=0 phase=666 channel=1 icon=32 
MoveObject: type=12 stepAdvance=1 stepRecede=1 timeStopStart=0 timeStopEnd=0 posStart=768;1344 posEnd=768;1344 posCurrent=768;1344 step=1 time=0 phase=666 channel=1 icon=33 
MoveObject: type=12 stepAdvance=1 stepRecede=1 timeStopStart=0 timeStopEnd=0 posStart=768;1280 posEnd=768;1280 posCurrent=768;1280 step=1 time=0 phase=666 channel=1 icon=33 
MoveObject: type=12 stepAdvance=1 stepRecede=1 timeStopStart=0 timeStopEnd=0 posStart=832;1280 posEnd=832;1280 posCurrent=832;1280 step=1 time=0 phase=666 channel=1 icon=33 
MoveObject: type=12 stepAdvance=1 stepRecede=1 timeStopStart=0 timeStopEnd=0 posStart=896;1280 posEnd=896;1280 posCurrent=896;1280 step=1 time=0 phase=666 channel=1 icon=32 
MoveObject: type=12 stepAdvance=1 stepRecede=1 timeStopStart=0 timeStopEnd=0 posStart=896;1344 posEnd=896;1344 posCurrent=896;1344 step=1 time=0 phase=666 channel=1 icon=32 
MoveObject: type=12 stepAdvance=1 stepRecede=1 timeStopStart=0 timeStopEnd=0 posStart=832;1344 posEnd=832;1344 posCurrent=832;1344 step=1 time=0 phase=666 channel=1 icon=32 
MoveObject: type=12 stepAdvance=1 stepRecede=1 timeStopStart=0 timeStopEnd=0 posStart=576;1216 posEnd=576;1216 posCurrent=576;1216 step=1 time=0 phase=666 channel=1 icon=32 
MoveObject: type=12 stepAdvance=1 stepRecede=1 timeStopStart=0 timeStopEnd=0 posStart=640;1216 posEnd=640;1216 posCurrent=640;1216 step=1 time=0 phase=666 channel=1 icon=32 
MoveObject: type=12 stepAdvance=1 stepRecede=1 timeStopStart=0 timeStopEnd=0 posStart=640;1280 posEnd=640;1280 posCurrent=640;1280 step=1 time=0 phase=666 channel=1 icon=32 
MoveObject: type=12 stepAdvance=1 stepRecede=1 timeStopStart=0 timeStopEnd=0 posStart=640;1344 posEnd=640;1344 posCurrent=640;1344 step=1 time=0 phase=666 channel=1 icon=33 
MoveObject: type=12 stepAdvance=1 stepRecede=1 timeStopStart=0 timeStopEnd=0 posStart=640;1408 posEnd=640;1408 posCurrent=640;1408 step=1 time=0 phase=666 channel=1 icon=33 
MoveObject: type=12 stepAdvance=1 stepRecede=1 timeStopStart=0 timeStopEnd=0 posStart=576;1408 posEnd=576;1408 posCurrent=576;1408 step=1 time=0 phase=666 channel=1 icon=32 
MoveObject: type=12 stepAdvance=1 stepRecede=1 timeStopStart=0 timeStopEnd=0 posStart=576;1344 posEnd=576;1344 posCurrent=576;1344 step=1 time=0 phase=666 channel=1 icon=32 
MoveObject: type=12 stepAdvance=1 stepRecede=1 timeStopStart=0 timeStopEnd=0 posStart=576;1280 posEnd=576;1280 posCurrent=576;1280 step=1 time=0 phase=666 channel=1 icon=32 
MoveObject: type=49 stepAdvance=1 stepRecede=1 timeStopStart=0 timeStopEnd=0 posStart=1026;5892 posEnd=1026;5892 posCurrent=1026;5892 step=1 time=0 phase=666 channel=10 icon=214 
MoveObject: type=50 stepAdvance=1 stepRecede=1 timeStopStart=0 timeStopEnd=0 posStart=1282;5508 posEnd=1282;5508 posCurrent=1282;5508 step=1 time=0 phase=666 channel=10 icon=219 
MoveObject: type=55 stepAdvance=1 stepRecede=1 timeStopStart=0 timeStopEnd=0 posStart=1090;5190 posEnd=1090;5190 posCurrent=1090;5190 step=1 time=0 phase=666 channel=10 icon=252 
MoveObject: type=55 stepAdvance=1 stepRecede=1 timeStopStart=0 timeStopEnd=0 posStart=1154;5190 posEnd=1154;5190 posCurrent=1154;5190 step=1 time=0 phase=666 channel=10 icon=252 
MoveObject: type=55 stepAdvance=1 stepRecede=1 timeStopStart=0 timeStopEnd=0 posStart=1218;5190 posEnd=1218;5190 posCurrent=1218;5190 step=1 time=0 phase=666 channel=10 icon=252 
MoveObject: type=51 stepAdvance=1 stepRecede=1 timeStopStart=0 timeStopEnd=0 posStart=1218;6148 posEnd=1218;6148 posCurrent=1218;6148 step=1 time=0 phase=666 channel=10 icon=224 
MoveObject: type=55 stepAdvance=1 stepRecede=1 timeStopStart=0 timeStopEnd=0 posStart=1026;5190 posEnd=1026;5190 posCurrent=1026;5190 step=1 time=0 phase=666 channel=10 icon=252 
MoveObject: type=55 stepAdvance=1 stepRecede=1 timeStopStart=0 timeStopEnd=0 posStart=1282;5190 posEnd=1282;5190 posCurrent=1282;5190 step=1 time=0 phase=666 channel=10 icon=252 
MoveObject: type=6 stepAdvance=1 stepRecede=1 timeStopStart=0 timeStopEnd=0 posStart=2178;4808 posEnd=2178;4808 posCurrent=2178;4808 step=1 time=0 phase=666 channel=10 icon=27 
MoveObject: type=55 stepAdvance=1 stepRecede=1 timeStopStart=0 timeStopEnd=0 posStart=1538;4038 posEnd=1538;4038 posCurrent=1538;4038 step=1 time=0 phase=666 channel=10 icon=252 
MoveObject: type=55 stepAdvance=1 stepRecede=1 timeStopStart=0 timeStopEnd=0 posStart=1602;4038 posEnd=1602;4038 posCurrent=1602;4038 step=1 time=0 phase=666 channel=10 icon=252 
MoveObject: type=55 stepAdvance=1 stepRecede=1 timeStopStart=0 timeStopEnd=0 posStart=1666;4038 posEnd=1666;4038 posCurrent=1666;4038 step=1 time=0 phase=666 channel=10 icon=252 
MoveObject: type=55 stepAdvance=1 stepRecede=1 timeStopStart=0 timeStopEnd=0 posStart=3266;4358 posEnd=3266;4358 posCurrent=3266;4358 step=1 time=0 phase=666 channel=10 icon=252 
MoveObject: type=55 stepAdvance=1 stepRecede=1 timeStopStart=0 timeStopEnd=0 posStart=3330;4358 posEnd=3330;4358 posCurrent=3330;4358 step=1 time=0 phase=666 channel=10 icon=252 
MoveObject: type=17 stepAdvance=15 stepRecede=15 timeStopStart=47 timeStopEnd=47 posStart=3136;4672 posEnd=3200;4672 posCurrent=3136;4672 step=1 time=26 phase=666 channel=10 icon=87 
MoveObject: type=17 stepAdvance=15 stepRecede=15 timeStopStart=47 timeStopEnd=47 posStart=3008;4672 posEnd=2944;4672 posCurrent=3008;4672 step=1 time=26 phase=666 channel=10 icon=85 
MoveObject: type=17 stepAdvance=45 stepRecede=45 timeStopStart=47 timeStopEnd=47 posStart=2880;4608 posEnd=2688;4608 posCurrent=2688;4608 step=3 time=8 phase=666 channel=10 icon=86 
MoveObject: type=55 stepAdvance=1 stepRecede=1 timeStopStart=0 timeStopEnd=0 posStart=3394;4358 posEnd=3394;4358 posCurrent=3394;4358 step=1 time=0 phase=666 channel=10 icon=252 
MoveObject: type=55 stepAdvance=1 stepRecede=1 timeStopStart=0 timeStopEnd=0 posStart=3458;4358 posEnd=3458;4358 posCurrent=3458;4358 step=1 time=0 phase=666 channel=10 icon=252 
MoveObject: type=1 stepAdvance=18 stepRecede=18 timeStopStart=3 timeStopEnd=3 posStart=3840;4416 posEnd=4032;4416 posCurrent=4032;4416 step=2 time=18 phase=666 channel=1 icon=338 
MoveObject: type=16 stepAdvance=10 stepRecede=10 timeStopStart=0 timeStopEnd=0 posStart=4416;4352 posEnd=4480;4352 posCurrent=4448;4352 step=4 time=5 phase=666 channel=10 icon=77 
MoveObject: type=16 stepAdvance=10 stepRecede=10 timeStopStart=0 timeStopEnd=0 posStart=4352;4416 posEnd=4352;4352 posCurrent=4352;4384 step=4 time=5 phase=666 channel=10 icon=77 
MoveObject: type=21 stepAdvance=1 stepRecede=1 timeStopStart=0 timeStopEnd=0 posStart=5698;4100 posEnd=5698;4100 posCurrent=5698;4100 step=1 time=0 phase=666 channel=10 icon=127 
MoveObject: type=40 stepAdvance=1 stepRecede=1 timeStopStart=0 timeStopEnd=0 posStart=6210;4936 posEnd=6210;4936 posCurrent=6210;4936 step=1 time=0 phase=666 channel=10 icon=187 
MoveObject: type=5 stepAdvance=1 stepRecede=1 timeStopStart=0 timeStopEnd=0 posStart=6146;4932 posEnd=6146;4932 posCurrent=6146;4932 step=1 time=0 phase=666 channel=10 icon=1 
MoveObject: type=55 stepAdvance=1 stepRecede=1 timeStopStart=0 timeStopEnd=0 posStart=450;1158 posEnd=450;1158 posCurrent=450;1158 step=1 time=0 phase=666 channel=10 icon=252 
MoveObject: type=55 stepAdvance=1 stepRecede=1 timeStopStart=0 timeStopEnd=0 posStart=1090;1158 posEnd=1090;1158 posCurrent=1090;1158 step=1 time=0 phase=666 channel=10 icon=252 
MoveObject: type=1 stepAdvance=20 stepRecede=20 timeStopStart=10 timeStopEnd=10 posStart=1408;4288 posEnd=1408;4160 posCurrent=1408;4192 step=2 time=15 phase=666 channel=1 icon=338 
MoveObject: type=6 stepAdvance=1 stepRecede=1 timeStopStart=0 timeStopEnd=0 posStart=1282;6152 posEnd=1282;6152 posCurrent=1282;6152 step=1 time=0 phase=666 channel=10 icon=27 
MoveObject: type=6 stepAdvance=1 stepRecede=1 timeStopStart=0 timeStopEnd=0 posStart=642;4808 posEnd=642;4808 posCurrent=642;4808 step=1 time=0 phase=666 channel=10 icon=27 
