DescFile: posDecor=0;1300 dimDecor=100;100 world=0 music=9 region=21 blupiPos=194;1606 blupiDir=2 
Decor: 
79,83,84,83,82,81,83,81,80,82,82,78,80,81,78,82,84,79,79,79,83,83,79,82,83,84,82,84,81,78,78,78,78,78,78,78,78,78,78,84,81,84,80,78,78,78,78,78,83,84,81,84,84,78,78,78,79,79,79,84,84,80,78,81,82,83,84,84,83,81,80,78,,,,,,,,,,,,,,,,,,,,,,,,,,,,
79,63,63,63,63,63,63,63,63,63,63,63,63,63,63,63,63,63,63,63,63,63,83,63,63,63,79,201,78,63,63,63,63,63,63,63,63,63,63,63,63,63,63,63,63,63,63,63,63,63,63,63,63,63,63,63,63,63,78,83,83,78,78,83,80,81,82,80,79,79,83,80,,,,,,,,,,,,,,,,,,,,,,,,,,,,
78,,,,,,,,,,,,,,,,,,,,,,84,,,,84,,78,,,,,,,,,,,,,,,,,,,,,,,,,,,,,,63,79,81,78,201,83,83,79,82,78,80,80,80,81,,,,,,,,,,,,,,,,,,,,,,,,,,,,
79,,,,,,,,,,,,,,,,,,,,,,82,,,,81,,84,,,,,,,,,,,,,,,,,,,,,,,,,,,,,,,78,83,79,,82,83,83,84,79,81,83,82,79,,,,,,,,,,,,,,,,,,,,,,,,,,,,
80,,,,,,,,,,,,,,,,,,,,,,84,,64,,201,,78,,,,,,,,,,,,,,,,,,,,,,,,,,,,,357,,63,82,84,,84,83,78,78,81,84,82,78,78,,,,,,,,,,,,,,,,,,,,,,,,,,,,
79,,,,,,,,,,,,,,,,,,,,,,201,,80,201,80,,78,,,,,,,,,,,,,,,,,,,,,,,,,,,357,,358,,,201,80,,80,80,84,84,83,84,84,80,80,,,,,,,,,,,,,,,,,,,,,,,,,,,,
81,,,,,,,,,,,,,,,,,,,,,,81,64,63,64,81,334,79,,,,,,,,,,,,,,,,,,,,,,,,361,,353,363,,,,,201,201,,83,84,81,78,79,82,79,82,84,,,,,,,,,,,,,,,,,,,,,,,,,,,,
80,,,,,,,,,,,,,,,,,,,,,,78,84,83,80,81,201,78,,,,,,,,,,,,,,,,,,,,,,357,,,,362,348,,,,,201,83,,82,84,83,81,82,78,84,84,82,,,,,,,,,,,,,,,,,,,,,,,,,,,,
83,,,,,,,,,,,,,,,,,,,,,64,63,68,82,63,63,,84,,,,,,,,,,,,,,,,,,,,361,,351,,,,347,345,360,,,,79,84,,82,84,81,84,80,81,84,80,84,,,,,,,,,,,,,,,,,,,,,,,,,,,,
82,,,,,,,,,,,,,,,,,,,,,84,200,84,80,,,,84,,,,,,,,,,,,,,,,,,357,,,,358,,,,347,363,,,,,82,84,,79,80,78,80,84,84,80,82,78,,,,,,,,,,,,,,,,,,,,,,,,,,,,
81,,,,,,,,,,,,,,,,,,,,,63,,68,81,,,,81,,,,,,,,,,,,,,,,,,351,,,,,,,,354,363,,,,,80,78,,84,82,80,81,79,78,83,81,82,,,,,,,,,,,,,,,,,,,,,,,,,,,,
81,,,,,,,,,,,,,,,,,,,,,64,,68,80,,,,81,,,,,,,,,,,,,,,,,,347,355,,,,,,,,358,,,,,78,80,201,82,80,80,81,80,83,81,82,81,,,,,,,,,,,,,,,,,,,,,,,,,,,,
84,,,,,,,,,,,,,,,,,,,,,84,200,84,80,,,,84,,,,,,,361,,,,,,,,,,,362,356,,,,,,,,,,,,,84,80,,82,79,79,84,82,83,80,80,81,,,,,,,,,,,,,,,,,,,,,,,,,,,,
83,,,,,,,,,,,,,,,,,,,,64,63,,68,78,,,,80,,,,,,,,,357,,,,,,,,,351,,,,,,,,357,,,,,,79,84,201,79,80,79,84,82,78,81,84,80,,,,,,,,,,,,,,,,,,,,,,,,,,,,
84,,,,,,,,,,,,,,,,,,,,84,200,200,84,79,,,,84,,,,,,357,,,351,,,,,,,,,358,,,,,,,353,356,,,,,,84,82,78,83,83,83,78,82,80,83,83,81,,,,,,,,,,,,,,,,,,,,,,,,,,,,
84,,,,,,,,,,,,,,,,,,,,63,,,68,83,,,,78,,,,,,351,,,362,355,,,,,,,,,,,,,,,351,,,,,,,82,82,78,82,83,84,84,82,78,82,78,82,,,,,,,,,,,,,,,,,,,,,,,,,,,,
84,,,,,,,,,,,,,,,,,,,,64,,,68,78,201,201,201,84,,,,,,351,,,347,348,,,,,,357,,,,,,,,,362,352,360,,,,,80,80,78,84,80,83,79,80,84,82,80,79,,,,,,,,,,,,,,,,,,,,,,,,,,,,
83,,,,,,,,,,,,,,,,,,64,,84,200,200,84,80,,,,84,,,,,,351,,,362,356,,,,,,351,,,,,,,,,351,,,,,,,84,83,78,79,84,84,81,80,83,79,82,83,,,,,,,,,,,,,,,,,,,,,,,,,,,,
82,,,,,,,,,,,,,,,,,,84,200,200,200,200,84,82,201,201,201,79,,,,,,358,,,351,,,,,357,,362,355,,,,,,,,354,355,,,,,,79,83,78,78,82,81,81,83,78,82,84,80,,,,,,,,,,,,,,,,,,,,,,,,,,,,
82,,,,,,,,,,,,,,,,,,63,,,,,68,78,,,,78,,,,357,,,,,358,,,,359,348,,362,343,360,,,,,357,,,358,,,,,,84,81,82,80,81,81,79,82,80,84,78,83,,,,,,,,,,,,,,,,,,,,,,,,,,,,
81,,,,,,,,,,,,,,,,,,,,,,,68,80,201,201,201,83,,,353,356,,,361,,,,361,,,358,,362,356,,,,,353,363,,,,,,,,,83,82,79,80,78,81,79,81,83,82,80,81,,,,,,,,,,,,,,,,,,,,,,,,,,,,
78,64,64,64,64,64,64,64,64,64,64,64,64,64,64,64,64,64,64,64,64,64,64,68,84,,,,78,,,351,,,,,,,,,,,,,351,,,,,,362,345,355,,,,,,,,84,81,80,82,80,84,82,79,79,78,81,80,,,,,,,,,,,,,,,,,,,,,,,,,,,,
82,82,83,83,80,83,81,79,81,84,78,84,78,83,81,83,81,78,84,82,84,81,84,80,81,201,201,201,78,,,347,360,,,,,,,,,,,,358,,,,,,362,344,356,,,,,,,64,83,201,84,82,79,78,84,84,82,81,82,78,,,,,,,,,,,,,,,,,,,,,,,,,,,,
63,63,63,63,63,63,63,63,63,63,63,63,63,63,63,63,63,63,63,63,63,63,63,63,88,,,,87,,,351,,,,,,,,,,,,,,,357,,,,354,348,,,,,,,,78,82,83,82,84,84,83,82,79,78,79,80,81,,,,,,,,,,,,,,,,,,,,,,,,,,,,
,,,,,,,,,,,,,,,,,,,,,,,,,,,,,,,354,355,,,,,,,,,,,,,,358,,357,,,358,,,,,,,,79,80,79,84,82,78,82,79,80,79,79,81,82,,,,,,,,,,,,,,,,,,,,,,,,,,,,
,,,,,,,,,,,,,,,,,,,,,,,,,,,,,,,,358,,,,,,,,,,,,,,,,351,,,,,,,,,,64,83,84,82,82,78,79,83,78,84,79,79,83,78,,,,,,,,,,,,,,,,,,,,,,,,,,,,
,,,,,,,,,,,,,,,,,,,,,,,,,,,,,,,,,,,,,,,,,,,,,,,,358,,,,,,,359,201,201,83,79,78,78,78,78,80,80,79,80,80,82,78,79,,,,,,,,,,,,,,,,,,,,,,,,,,,,
,,,,,,,,,,,,,,,,,,,,,,,,,,,,,,,,,361,,,,,,,,,,,,,,,,,,,,,,,,64,83,201,84,81,80,84,78,79,83,82,84,84,81,79,,,,,,,,,,,,,,,,,,,,,,,,,,,,
,,,,,,,,,,,,,,,,,,,,,,,,,,,,,,,,,,,357,,,,,,,,,,,,,,,,,,,,,64,83,82,81,82,80,78,79,79,81,83,79,81,83,81,80,,,,,,,,,,,,,,,,,,,,,,,,,,,,
,,,,,,,,,,,,,,,,,,,,,,,,,,,,,,,,,,,358,,,,,,,,,,,,,,89,,,90,,64,64,83,79,79,84,81,84,84,83,78,81,82,78,79,78,79,82,,,,,,,,,,,,,,,,,,,,,,,,,,,,
,,,,,,,,,,,,,,,,,,,,,,,,,,,,,,,,,,,,,361,,,,,,,,,,,,78,,64,201,,80,84,79,201,79,78,78,78,84,84,84,80,83,83,83,81,79,78,,,,,,,,,,,,,,,,,,,,,,,,,,,,
,,,,,,,,,,,,,,,,,,,,,,,,,,,,,,,,,,,,,,,,,,,,,,,64,64,201,64,82,78,201,78,81,78,79,81,78,83,81,78,82,84,79,81,80,78,80,83,82,,,,,,,,,,,,,,,,,,,,,,,,,,,,
,,,,,,,,,,,,,,,,,,,,,,,,,,,,,,,,,,,,,,,,,,,89,,64,64,84,78,201,84,81,82,82,82,79,82,84,84,81,80,81,78,80,83,79,79,81,81,79,80,78,,,,,,,,,,,,,,,,,,,,,,,,,,,,
,,,,,,,,,,,,,,,,,,,,,,,,,,,,,,,,,,,,,361,,,,,64,201,64,82,81,86,82,201,81,79,86,81,80,82,83,80,79,78,80,81,80,78,83,78,84,78,81,84,84,78,,,,,,,,,,,,,,,,,,,,,,,,,,,,
,,,,,,,,,,,,,,,,,,,,,,,,,,,,,,,,,,,,,,,,64,64,81,201,79,80,83,83,79,84,83,78,84,82,80,83,78,80,84,84,78,84,79,78,83,79,78,84,78,78,78,80,,,,,,,,,,,,,,,,,,,,,,,,,,,,
,,,,,,,,,,,,,,,,,,,,,,,,,,,,,,,,,,,,89,,64,64,78,78,83,79,83,79,82,79,84,82,83,78,83,82,80,79,84,78,84,78,78,84,83,78,79,80,83,84,80,83,80,81,,,,,,,,,,,,,,,,,,,,,,,,,,,,
,,,,,,,,,,,,,,,,,,,,,,,,,,,,,,,,,,64,64,201,64,84,79,83,201,84,82,81,84,81,83,78,83,80,84,78,82,84,79,81,80,82,83,79,79,84,79,81,79,81,81,82,79,79,79,,,,,,,,,,,,,,,,,,,,,,,,,,,,
,,,,,,,,,,,,,,,,,,,,,,,,,,,,,,64,64,,64,82,78,80,82,86,86,80,79,82,83,79,78,81,78,82,79,83,81,84,83,80,82,81,83,83,80,82,82,78,79,78,78,84,79,80,84,79,78,,,,,,,,,,,,,,,,,,,,,,,,,,,,
,,,,,,,,,,,,,,,,,,,,,,,,,64,64,64,64,64,81,79,201,84,84,86,86,81,80,82,82,80,79,83,81,82,78,84,84,78,78,79,79,80,81,84,84,81,84,84,83,84,78,79,83,84,81,80,79,82,80,78,,,,,,,,,,,,,,,,,,,,,,,,,,,,
,,,,,,,,,,,,,,,,,,,,,,,64,64,78,78,81,78,84,80,84,201,201,80,81,84,84,81,81,82,79,78,78,83,83,83,82,81,82,84,79,84,82,78,78,78,83,82,80,80,83,79,84,84,81,78,82,82,83,82,79,,,,,,,,,,,,,,,,,,,,,,,,,,,,
,,,,,,,,,,,,,214,,,,,,,,,64,84,79,82,86,81,86,83,83,82,79,201,81,82,83,81,81,81,80,78,83,79,83,80,81,84,82,80,78,80,81,80,82,79,79,80,79,84,78,83,81,79,79,80,79,82,78,79,84,81,,,,,,,,,,,,,,,,,,,,,,,,,,,,
,,,,,,,,,,,,,,,,,214,,,,64,80,82,86,81,83,84,86,83,78,84,83,86,81,78,79,80,83,82,83,78,80,84,78,80,80,81,80,79,78,78,80,80,82,79,79,81,84,79,80,78,81,78,81,83,79,83,84,78,78,78,,,,,,,,,,,,,,,,,,,,,,,,,,,,
,,,,,,,,,,,,,,,,,,,,,81,79,86,82,84,83,84,82,82,79,79,79,86,82,80,78,84,82,80,78,82,78,80,78,78,79,78,79,83,79,80,80,80,80,78,81,81,84,82,80,81,81,83,81,81,83,83,79,82,82,78,,,,,,,,,,,,,,,,,,,,,,,,,,,,
,,,,,,,,,,,,,,,,,,,,,63,80,79,78,86,80,81,78,78,81,82,84,86,80,79,82,84,80,80,78,80,79,78,78,79,84,81,84,81,83,80,83,79,78,83,83,84,78,78,83,80,78,84,82,78,83,83,82,82,81,80,,,,,,,,,,,,,,,,,,,,,,,,,,,,
,,,,,,,,,,,,,,,,,,,,,,63,63,83,81,79,86,79,78,83,80,79,86,82,82,80,83,79,78,81,81,82,84,80,81,82,83,84,82,81,78,83,80,81,80,78,83,82,81,80,79,82,79,84,79,82,82,84,83,82,81,,,,,,,,,,,,,,,,,,,,,,,,,,,,
,,,,,,,,,,,,,,,,,,,,,,,,63,63,63,84,82,82,86,84,78,201,80,81,79,80,84,82,82,78,81,84,81,81,84,83,80,78,83,84,78,83,84,81,82,81,79,78,81,82,83,83,84,,,,,,,,,,,,,,,,,,,,,,,,,,,,,,,,,,,
,,,,,,,,,,,,,,,,,,,,,,,,,,,63,63,80,86,80,78,86,84,78,80,78,79,78,79,80,78,,84,80,82,81,81,82,79,79,83,82,79,78,79,80,79,78,81,83,83,84,78,,,,,,,,,,,,,,,,,,,,,,,,,,,,,,,,,,,
,,,,,,,,,,,,,,,,,,,,,,,,,,,,,63,79,81,84,86,84,84,79,80,84,79,78,80,81,,82,84,78,82,84,80,81,80,83,80,81,83,80,78,78,81,79,79,79,79,80,,,,,,,,,,,,,,,,,,,,,,,,,,,,,,,,,,,
,,,,,,,,,,,,,,,,,,,,,,,,,,,,,,63,78,83,201,79,79,86,83,80,84,83,80,80,,81,84,81,83,80,84,83,82,82,84,81,78,79,80,81,80,82,83,82,82,78,,,,,,,,,,,,,,,,,,,,,,,,,,,,,,,,,,,
,,,,,,,,,,,,,,,,,,,,,,,,,,,,,,,63,63,,63,79,82,81,201,83,201,83,84,,79,79,79,84,79,80,78,81,83,83,81,78,83,84,81,78,80,83,83,81,84,,,,,,,,,,,,,,,,,,,,,,,,,,,,,,,,,,,
,,,,,,,,,,,,,,,,,,,,,,,,,,,,,,,,,,,63,87,63,79,80,201,81,81,,79,84,79,78,82,78,80,80,82,81,87,63,80,83,79,79,81,80,81,79,79,,,,,,,,,,,,,,,,,,,,,,,,,,,,,,,,,,,
,,,,,,,,,,,,,,,,,,,,,,,,,,,,,,,,,,,,,,88,63,201,63,80,201,80,79,82,84,78,84,78,79,82,79,,,80,81,82,78,82,80,82,84,78,,,,,,,,,,,,,,,,,,,,,,,,,,,,,,,,,,,
,,,,,,,,,,,,,,,,,,,,,,,,,,,,,,,,,,,,,,,,87,,63,,80,201,82,79,78,80,78,79,84,79,,,81,83,78,78,80,81,81,78,83,,,,,,,,,,,,,,,,,,,,,,,,,,,,,,,,,,,
,,,,,,,,,,,,,,,,,,,,,,,,,,,,,,,,,,,,,,,,,,,,63,79,81,83,83,83,82,78,79,82,,,63,63,82,78,78,82,83,82,83,,,,,,,,,,,,,,,,,,,,,,,,,,,,,,,,,,,
,,,,,,,,,,,,,,,,,,,,,,,,,,,,,,,,,,,,,,,,,,,,64,84,86,79,80,80,79,80,81,79,89,,,,78,83,78,82,80,80,81,,,,,,,,,,,,,,,,,,,,,,,,,,,,,,,,,,,
,,,,,,,,,,,,,,,,,,,,,,,,,,,,,,,,,,,,,,,,,,357,,79,81,79,81,80,78,84,78,81,84,81,,,,83,81,84,78,84,80,83,,,,,,,,,,,,,,,,,,,,,,,,,,,,,,,,,,,
,,,,,,,,,,,,,,,,,,,,,,,,,,,,,,,,,,,,,,,,,353,344,201,201,80,201,86,82,81,80,79,81,81,80,,,,79,84,80,84,81,80,82,,,,,,,,,,,,,,,,,,,,,,,,,,,,,,,,,,,
,,,,,,,,,,,,,,,,,,,,,,,,,,,,,,,,,,,,,,,,,347,345,201,201,78,79,78,84,78,79,83,80,78,80,,,,80,84,80,79,79,84,78,,,,,,,,,,,,,,,,,,,,,,,,,,,,,,,,,,,
,,,,,,,,,,,,,,,,,,,,,,,,,,,,,,,,,,,,,,,,,354,342,201,201,79,201,78,81,84,79,78,83,84,80,64,64,,81,80,84,78,81,83,79,,,,,,,,,,,,,,,,,,,,,,,,,,,,,,,,,,,
,,,,,,,,,,,,,,,,,,,,,,,,,,,,,,,,,,,,,,,,,,358,,,82,83,85,84,79,80,83,81,78,79,80,82,,79,79,81,80,84,78,80,,,,,,,,,,,,,,,,,,,,,,,,,,,,,,,,,,,
,,,,,,,,,,,,,,,,,,,,,,,,,,,,,,,,,,,,,,,,,,,,,80,79,82,81,82,79,78,78,82,79,78,81,,80,81,83,78,82,84,79,,,,,,,,,,,,,,,,,,,,,,,,,,,,,,,,,,,
,,,,,,,,,,,,,,,,,,,,,,,,,,,,,,,,,,,,,,,,353,201,201,201,201,84,84,79,84,81,81,83,83,79,80,84,80,,81,83,78,84,81,82,79,,,,,,,,,,,,,,,,,,,,,,,,,,,,,,,,,,,
,,,,,,,,,,,,,,,,,,,,,,,,,,,,,,,,,,,,,,,,354,201,201,201,201,82,86,84,79,84,84,84,79,82,80,81,81,,81,84,84,83,81,80,83,,,,,,,,,,,,,,,,,,,,,,,,,,,,,,,,,,,
,,,,,,,,,,,,,,,,,,,,,,,,,,,,,,,,,,,,,,,,,,,,,82,84,81,78,81,81,80,84,82,79,83,79,,82,80,80,83,78,83,84,,,,,,,,,,,,,,,,,,,,,,,,,,,,,,,,,,,
,,,,,,,,,,,,,,,,,,,,,,,,,,,,,,,,,,,,,,,,,,,,64,81,201,85,79,81,78,79,79,82,84,88,63,,84,79,83,79,84,83,79,,,,,,,,,,,,,,,,,,,,,,,,,,,,,,,,,,,
,,,,,,,,,,,,,,,,,,,,,,,,,,,,,,,,,,,,,,,,359,352,201,201,78,80,83,81,81,83,83,80,78,81,87,,,,84,80,83,83,78,84,84,,,,,,,,,,,,,,,,,,,,,,,,,,,,,,,,,,,
,,,,,,,,,,,,,,,,,,,,,,,,,,,,,,,,,,,,,,,,,,,,63,3,79,81,81,84,80,79,78,79,,,,,81,81,80,78,80,82,78,,,,,,,,,,,,,,,,,,,,,,,,,,,,,,,,,,,
,,,,,,,,,,,,,,,,,,,,,,,,,,,,,,,,,,,,,,,,,,,,,201,85,201,80,84,86,201,86,85,,,,,84,84,82,83,84,84,78,,,,,,,,,,,,,,,,,,,,,,,,,,,,,,,,,,,
,,,,,,,,,,,,,,,,,,,,,,,,,,,,,,,,,,,,,,,,353,201,201,201,201,3,78,201,86,86,85,79,78,84,,,,,78,82,81,84,80,84,78,,,,,,,,,,,,,,,,,,,,,,,,,,,,,,,,,,,
,,,,,,,,,,,,,,,,,,,,,,,,,,,,,,,,,,,,,,,,354,201,201,79,201,81,79,83,84,78,82,81,78,81,89,,,,83,83,79,82,82,79,79,,,,,,,,,,,,,,,,,,,,,,,,,,,,,,,,,,,
,,,,,,,,,,,,,,,,,,,,,,,,,,,,,,,,,,,,,,,,,,,63,,81,78,84,79,83,81,83,84,81,84,90,64,,80,81,82,79,84,83,84,,,,,,,,,,,,,,,,,,,,,,,,,,,,,,,,,,,
,,,,,,,,,,,,,,,,,,,,,,,,,,,,,,,,,,,,,,,,,,,,,81,85,78,79,78,79,79,82,82,79,79,86,80,79,84,80,79,81,78,82,,,,,,,,,,,,,,,,,,,,,,,,,,,,,,,,,,,
,,,,,,,,,,,,,,,,,,,,,,,,,,,,,,,,,,,,,,,,353,349,201,201,201,80,82,82,78,80,81,83,80,84,82,82,86,81,80,81,80,83,81,81,84,,,,,,,,,,,,,,,,,,,,,,,,,,,,,,,,,,,
,,,,,,,,,,,,,,,,,,,,,,,,,,,,,,,,,,,,,,,,354,201,201,201,201,84,201,79,79,81,80,78,80,83,81,78,86,81,84,80,78,80,83,80,84,,,,,,,,,,,,,,,,,,,,,,,,,,,,,,,,,,,
,,,,,,,,,,,,,,,,,,,,,,,,,,,,,,,,,,,,,,,,,,,,,81,84,84,81,78,79,79,83,84,83,81,86,78,78,79,83,78,79,82,81,,,,,,,,,,,,,,,,,,,,,,,,,,,,,,,,,,,
,,,,,,,,,,,,,,,,,,,,,,,,,,,,,,,,,,,,,,,,,,,,64,78,79,82,83,78,81,84,83,83,80,78,200,79,83,80,84,83,82,78,80,,,,,,,,,,,,,,,,,,,,,,,,,,,,,,,,,,,
,,,,,,,,,,,,,,,,,,,,,,,,,,,,,,,,,,,,,,,,,,,,78,79,85,81,84,79,82,79,83,80,80,79,,83,78,83,84,78,80,80,82,,,,,,,,,,,,,,,,,,,,,,,,,,,,,,,,,,,
,,,,,,,,,,,,,,,,,,,,,,,,,,,,,,,,,,,,,,,,,,359,201,78,84,81,78,82,84,83,84,84,81,83,84,200,81,80,81,84,82,84,79,84,,,,,,,,,,,,,,,,,,,,,,,,,,,,,,,,,,,
,,,,,,,,,,,,,,,,,,,,,,,,,,,,,,,,,,,,,,,,,,,64,78,201,82,82,79,79,81,78,78,82,78,79,86,83,82,80,84,83,84,81,83,,,,,,,,,,,,,,,,,,,,,,,,,,,,,,,,,,,
,,,,,,,,,,,,,,,,,,,,,,,,,,,,,,,,,,,,,,,,,,64,84,86,79,83,83,82,84,80,83,81,78,78,87,63,63,84,84,82,81,84,80,78,,,,,,,,,,,,,,,,,,,,,,,,,,,,,,,,,,,
,,,,,,,,,,,,,,,,,,,,,,,,,,,,,,,,,,,,,,64,,64,64,84,201,80,78,83,78,78,83,80,82,79,80,83,,,,82,79,81,78,80,79,84,,,,,,,,,,,,,,,,,,,,,,,,,,,,,,,,,,,
,,,,,,,,,,,,,,,,,,,,,,,,,,,,,,,,,,,64,,64,82,201,78,81,79,82,81,83,84,82,80,81,78,83,83,84,78,,,,78,81,84,81,78,81,80,,,,,,,,,,,,,,,,,,,,,,,,,,,,,,,,,,,
,,,,,,,,,,,,,,,,,,,,,,,,,,,,,,,,,64,64,79,201,84,81,201,81,82,86,80,80,83,84,83,79,84,79,80,82,80,80,201,201,201,83,80,84,84,80,84,80,,,,,,,,,,,,,,,,,,,,,,,,,,,,,,,,,,,
,,,,,,,,,,,,,,,,,,,,,,,,,,,,,,,,64,82,81,82,82,84,80,84,78,84,84,84,84,80,78,84,80,79,83,79,82,78,88,,,,84,78,84,80,84,83,80,,,,,,,,,,,,,,,,,,,,,,,,,,,,,,,,,,,
,,,,,,,,,,,,,,,,,,,,,,,,,,,,64,,64,,79,201,83,83,78,201,82,84,80,84,80,81,81,78,82,81,82,79,79,81,82,83,,,,64,84,82,78,84,80,81,83,,,,,,,,,,,,,,,,,,,,,,,,,,,,,,,,,,,
,,,,,,,,,,,,,,,,,,,,,,,64,64,64,64,64,82,201,84,200,80,81,84,81,79,78,84,81,80,81,81,79,81,81,84,84,78,79,80,82,80,82,,64,64,80,78,79,83,81,80,84,83,,,,,,,,,,,,,,,,,,,,,,,,,,,,,,,,,,,
,,,,,,,,,,,,,,,,,64,64,64,64,64,64,78,83,84,86,80,84,80,84,,78,82,80,84,82,80,78,84,78,78,78,83,79,82,84,82,84,81,83,78,82,78,200,81,78,79,84,83,80,81,81,78,80,,,,,,,,,,,,,,,,,,,,,,,,,,,,,,,,,,,
,,,,,,,,,,,,,,,64,64,84,83,79,82,80,78,78,78,83,86,80,83,80,82,200,78,80,79,84,83,78,83,83,82,80,81,79,84,78,79,80,83,81,80,81,79,88,,84,82,83,84,83,78,78,80,84,83,,,,,,,,,,,,,,,,,,,,,,,,,,,,,,,,,,,
,,,,,,,,,,,,,,64,84,81,83,79,79,78,86,79,81,82,81,78,84,79,83,201,,81,81,79,83,83,78,78,83,83,81,80,82,78,82,80,82,80,82,84,81,78,,,81,83,78,82,79,81,83,82,84,83,,,,,,,,,,,,,,,,,,,,,,,,,,,,,,,,,,,
,,,,,,,,,,,,,,78,80,83,83,78,81,82,79,84,78,83,79,83,82,78,83,78,200,81,79,78,83,81,84,79,80,78,201,84,82,81,83,80,80,81,201,84,82,82,,,83,81,80,82,83,82,79,82,84,82,,,,,,,,,,,,,,,,,,,,,,,,,,,,,,,,,,,
,,,,,,,,,,,,,,80,82,80,80,84,82,80,81,83,79,84,82,82,82,83,78,79,,80,78,81,81,82,84,81,84,80,82,84,83,78,81,81,83,84,78,82,82,79,201,201,84,82,82,79,79,82,79,84,78,81,,,,,,,,,,,,,,,,,,,,,,,,,,,,,,,,,,,
,,,,,,,,,,,,,,63,79,81,78,82,81,78,78,80,82,81,82,83,78,81,82,80,201,78,83,82,82,80,81,79,81,88,63,63,87,63,63,63,87,63,63,63,87,63,,,84,81,80,82,79,84,78,80,82,81,,,,,,,,,,,,,,,,,,,,,,,,,,,,,,,,,,,
,,,,,,,,,,,,,,,63,63,83,82,84,78,80,80,84,84,83,81,79,80,84,83,201,78,201,84,78,82,79,81,81,,,64,64,64,64,64,64,64,64,64,64,64,64,64,83,84,84,82,80,79,83,80,80,84,,,,,,,,,,,,,,,,,,,,,,,,,,,,,,,,,,,
,,,,,,,,,,,,,,,,,63,78,84,82,81,84,84,83,79,81,83,201,80,83,,78,78,79,82,83,80,83,80,200,200,84,78,84,84,82,80,80,82,84,84,83,84,83,80,79,82,81,80,84,82,83,82,78,,,,,,,,,,,,,,,,,,,,,,,,,,,,,,,,,,,
,,,,,,,,,,,,,,,,,,82,83,84,80,80,83,80,82,84,82,80,80,81,200,78,82,82,78,78,78,201,84,,,78,80,79,82,84,84,82,78,83,80,201,81,82,80,78,83,84,82,78,79,79,84,80,,,,,,,,,,,,,,,,,,,,,,,,,,,,,,,,,,,
,,,,,,,,,,,,,,,,,,84,82,81,84,80,82,79,78,79,83,79,78,79,64,201,63,64,201,63,84,81,78,,,201,201,63,64,63,81,79,83,82,84,81,78,82,82,84,83,83,81,79,84,84,79,84,,,,,,,,,,,,,,,,,,,,,,,,,,,,,,,,,,,
,,,,,,,,,,,,,,,,,,80,81,81,82,80,80,80,82,81,81,81,78,84,79,80,82,80,79,64,201,64,201,64,64,78,80,83,78,78,78,78,78,79,84,80,80,83,80,84,82,83,80,82,83,82,82,82,,,,,,,,,,,,,,,,,,,,,,,,,,,,,,,,,,,
,,,,,,,,,,,,,,,,,,83,80,82,78,79,83,84,82,80,83,78,78,80,81,82,78,201,78,78,83,81,82,82,78,82,78,79,201,78,78,78,78,79,78,82,78,78,80,81,84,78,78,79,78,82,82,84,,,,,,,,,,,,,,,,,,,,,,,,,,,,,,,,,,,
,,,,,,,,,,,,,,,,,,83,78,79,80,80,83,81,84,83,81,78,78,78,78,78,78,78,78,78,78,84,82,80,78,78,78,78,78,78,82,80,81,80,83,82,78,82,83,83,78,83,79,79,80,81,81,79,,,,,,,,,,,,,,,,,,,,,,,,,,,,,,,,,,,
,,,,,,,,,,,,,,,,,,81,78,83,80,80,80,81,81,84,81,78,84,78,78,78,78,78,84,80,78,79,84,79,79,84,84,79,78,80,82,78,79,83,79,79,79,82,83,82,82,82,80,78,78,81,84,82,,,,,,,,,,,,,,,,,,,,,,,,,,,,,,,,,,,
BigDecor: 
,,,,,,,,,,,,,,,,,,,,,,,,,,,,,,,,,,,,,,,,,,,,,,,,,,,,,,,,,,,,,,,,,,,,,,,,,,,,,,,,,,,,,,,,,,,,,,,,,,,
,,,,,,,,,,,,,,,,,,,,,,,,29,,,,,,,,,,,,,,,,,,,,,,,,,,,,,,,,,,,,,,,,,,,,,,,,,,,,,,,,,,,,,,,,,,,,,,,,,,,
,,,,,,,,,,,,,,,,,,,,,,,,,,,,,,,,,,,,,,,,,,,,,,,,,,,,,,,,,30,,,,,,,,,,,,,,,,,,,,,,,,,,,,,,,,,,,,,,,,,,
,,,,,,,,,,,,,,,,,,,,30,,,,,,,,,,,,,,,,,,,,,,,,,,,,,,,,,,,,,,,,,,,,,,,,,,,,,,,,,,,,,,,,,,,,,,,,,,,,,,,
,,,,,,,,,,,,,,,,,,,,,,,,,,,,,,,,,,,,,,,,,,,,,,,,,,,,,,,24,,,23,,,,,,,,,,,,,,,,,,,,,,,,,,,,,,,,,,,,,,,,,
,,,,,,,,,,,,,,,,,,,,,,,,,,,,,,,,,,,,,,,,,,,,,,,,,,,,,,,,,,,,,,,,,,,,,,,,,,,,,,,,,,,,,,,,,,,,,,,,,,,
,,,,,,,,,,,,,,,,,,,,,,,,,,,,,,,,,,,,,,,,,,,,,,,,,,,,24,,,,,,,,,,,,,,,,,,,,,,,,,,,,,,,,,,,,,,,,,,,,,,,
,,,,,,,,,,,,,,,,,,,,,,,,,,,,,,,,,,,,,,,,,,,,,,,,24,,,,,,,,,,,,,,,,,,,,,,,,,,,,,,,,,,,,,,,,,,,,,,,,,,,
,,,,,,,,,,,,,,,,,,,,,,,,,,,,,,,,,,,,,,,,,,,,,,,,,,,,,,,,,,24,,,,,,,,,,,,,,,,,,,,,,,,,,,,,,,,,,,,,,,,,
,,,,,,,,,,,,,,,,,,,,,,,,,,,,,,,,,,,,,,,,,,,,,,,,,,,,23,,,,,,,,,,,,,,,,,,,,,,,,,,,,,,,,,,,,,,,,,,,,,,,
,,,,,,,,,,,,,,,,,,,,,,,,,,,,,,,,,,,,,,,,,,,,,,,,,,,,,,,,,,28,,,,,,,,,,,,,,,,,,,,,,,,,,,,,,,,,,,,,,,,,
,,,,,,,,,,,,,,,,,,,,,,,,,,,,,,,,,,,,,,,,,,,,24,,,,,,,,,,,,,,25,,,,,,,,,,,,,,,,,,,,,,,,,,,,,,,,,,,,,,,,,
,,,,,,,,,,,,,,,,,,,,,,,,,,,,,,,,,,,,,,,,,,,,,,,,,,,,,,,,,,,,,,,,,,,,,,,,,,,,,,,,,,,,,,,,,,,,,,,,,,,
,,,,,,,,,,,,,,,,,,,,,,,,,,,,,,,,,,,25,,,,,,,,,,,,,,,,,,,,,,,30,,,,,,,,,,,,,,,,,,,,,,,,,,,,,,,,,,,,,,,,,
,,,,,,,,,,,,,,,,,,,,,,,,,,,,,,,,24,,,66,,,,,,,,,,,,,,,,24,,,,,,,,,,,,,,,,,,,,,,,,,,,,,,,,,,,,,,,,,,,,,,,,
,,,,,,,,,,,,,,,,,,,,,,,,,,,,,,,,,,,,,,,,,,,,,,,,,,,,,,,,,,23,,,,,,,,,,,,,,,,,,,,,,,,,,,,,,,,,,,,,,,,,
,,,,,,,,,,,,,,,,,,,,,,,,,,,,,,,,,,,,,,,,,,23,,,,,,,,,,,,,,,,,,,,,,,,,,,,,,,,,,,,,,,,,,,,,,,,,,,,,,,,,
,,,,,,,,,,,,,,,,,,,,,,,,,,,,,,,,25,,,66,,,,,,,,,,,,,,,,25,,,,,,,,,,,,,,,,,,,,,,,,,,,,,,,,,,,,,,,,,,,,,,,,
,,,,,,,,,,,,,,,,,,,,,,,,,,,,,,,,,,,23,,,,,,,,,,,,,,,,,,,,,,,31,,,,,,,,,,,,,,,,,,,,,,,,,,,,,,,,,,,,,,,,,
,,,,,,,,,,,,,,,,,,,,,,,,,,,,,,,,,,,,,,,,,,,,,,,,,,,,,,,,,,24,,,,,,,,,,,,,,,,,,,,,,,,,,,,,,,,,,,,,,,,,
,,,,,,,,,,,,,,,,,,,,,,,,,,,,,,,,,,,,,,,,,,,,,,,,,,,,,,,,,,,,,,,,,,,,,,,,,,,,,,,,,,,,,,,,,,,,,,,,,,,
,,,,,,,,,,,,,,,,,,,,,,,,,,,,,23,,,,,,,,,,,,,23,,,,,,23,,,,,,,,,,23,,,,,,,,,,,,,,,,,,,,,,,,,,,,,,,,,,,,,,,,,
,,,,,,,,,,,,,,,,,,,,,,,,,,,,,24,,,,,,,,,,,,,,,,,,,,,,,,,,,,,,,,,,,,,,,,,,,,,,,,,,,,,,,,,,,,,,,,,,,,,,
,,,,,,,,,,,,,,,,,,,,,,,,,,,,,,,,,,,,,,,,,,,,25,,,,,,,,,,,,,24,,,,,,,,,,,,,,,,,,,,,,,,,,,,,,,,,,,,,,,,,,
,,,,,,,,,,,,,,,,,,,,,,,,,,,,,,,,,,,,,,,,,,,,,,,,,,,,,,,,,29,,,,,,,,,,,,,,,,,,,,,,,,,,,,,,,,,,,,,,,,,,
,,,,,,,,,,,,,,,,,,,,,,,,,,,,,,,,,,,,,,,,,,,,,,24,,,,,,,,,,,,,,,,,,,,,,,,,,,,,,,,,,,,,,,,,,,,,,,,,,,,,
,,,,,,,,,,,,,,,,,,,,,,,,,,,,,,,,,,,,,,,,,,,,,,,,,,,,,,,,23,,,,,,,,,,,,,,,,,,,,,,,,,,,,,,,,,,,,,,,,,,,
,,,,,,,,,,,,,,,,,,,,,,,,,,,,,,,,,,,,,,,,,,,,,,,,,,,,,,,,,,,,,,,,,,,,,,,,,,,,,,,,,,,,,,,,,,,,,,,,,,,
,,,,,,,,,,,,,,,,,,,,,,,,,,,,,,,,,23,,,,,,,,,,,,,,,,,,,,,,,,,,,,,,,,,,,,,,,,,,,,,,,,,,,,,,,,,,,,,,,,,,
,,,,,,,,,,,,,,,,,,,,,,,,,,,,,,,,,,,,,,,,,,,,,,,,,,,,,,24,,,,,,,,,,,,,,,,,,,,,,,,,,,,,,,,,,,,,,,,,,,,,
,,,,,,,,,,,,,,,,,,,,,,,,,,,,,,,,,,,,,,,,,,,,,,,,,,,,,,,,,,,,,,,,,,,,,,,,,,,,,,,,,,,,,,,,,,,,,,,,,,,
,,,,,,,,,,,,,,,,,,,,,,,,,,,,,,,,,,,,,,,,,,,,,,,,,,,,,,,,,,,,,,,,,,,,,,,,,,,,,,,,,,,,,,,,,,,,,,,,,,,
,,,,,,,,,,,,,,,,,,,,,,,,,,,,,,,,,,,,,,,,,,,,,,,,,,,,,,,,,,,,,,,,,,,,,,,,,,,,,,,,,,,,,,,,,,,,,,,,,,,
,,,,,,,,,,,,,,,,,,,,,,,,,,,,,,,,,,,,,,,,,,,,,,,,,,,,,,,,,,,,,,,,,,,,,,,,,,,,,,,,,,,,,,,,,,,,,,,,,,,
,,,,,,,,,,,,,,,,,,,,,,,,,,,,,,,,,,,,,,,,,,,,,,,,,,,,,,,,,,,,,,,,,,,,,,,,,,,,,,,,,,,,,,,,,,,,,,,,,,,
,,,,,,,,,,,,,,,,,,,,,,,,,,,,,,,,,,,,,,,,,,,,,,,,,,,,,,,,,,,,,,,,,,,,,,,,,,,,,,,,,,,,,,,,,,,,,,,,,,,
,,,,,,,,,,,,,,,,,,,,,,,,,,,,,,,,,,,,,,,,,,,,,,,,,,,,,,,,,,,,,,,,,,,,,,,,,,,,,,,,,,,,,,,,,,,,,,,,,,,
,,,,,,,,,,,,,,,,,,,,,,,,,,,,,,,,,,,,,,,,,,,,,,,,,,,,,,,,,,,,,,,,,,,,,,,,,,,,,,,,,,,,,,,,,,,,,,,,,,,
,,,,,,,,,,,,,,,,,,,,,,,,,,,,,,,,,,,,,,,,,,,,,,,,,,,,,,,,,,,,,,,,,,,,,,,,,,,,,,,,,,,,,,,,,,,,,,,,,,,
,,,,,,,,,,,,,,,,,,,,,,,,,,,,,,,,,,,,,,,,,,,,,,,,,,,,,,,,,,,,,,,,,,,,,,,,,,,,,,,,,,,,,,,,,,,,,,,,,,,
,,,,,,,,,,,,,,,,,,,,,,,,,,,,,,,,,,,,,,,,,,,,,,,,,,,,,,,,,,,,,,,,,,,,,,,,,,,,,,,,,,,,,,,,,,,,,,,,,,,
,,,,,,,,,,,,,,,,,,,,,,,,,,,,,,,,,,,,,,,,,,,,,,,,,,,,,,,,,,,,,,,,,,,,,,,,,,,,,,,,,,,,,,,,,,,,,,,,,,,
,,,,,,,,,,,,,,,,,,,,,,,,,,,,,,,,,,,,,,,,,,,,,,,,,,,,,,,,,,,,,,,,,,,,,,,,,,,,,,,,,,,,,,,,,,,,,,,,,,,
,,,,,,,,,,,,,,,,,,,,,,,,,,,,,,,,,,,,,,,,,,,,,,,,,,,,,,,,,,,,,,,,,,,,,,,,,,,,,,,,,,,,,,,,,,,,,,,,,,,
,,,,,,,,,,,,,,,,,,,,,,,,,,,,,,,,,,,,,,,,,,,,,,,,,,,,,,,,,,,,,,,,,,,,,,,,,,,,,,,,,,,,,,,,,,,,,,,,,,,
,,,,,,,,,,,,,,,,,,,,,,,,,,,,,,,,,,,,,,,,,,,,,,,,,,,,,,,,,,,,,,,,,,,,,,,,,,,,,,,,,,,,,,,,,,,,,,,,,,,
,,,,,,,,,,,,,,,,,,,,,,,,,,,,,,,,,,,,,,,,,,,,,,,,,,,,,,,,,,,,,,,,,,,,,,,,,,,,,,,,,,,,,,,,,,,,,,,,,,,
,,,,,,,,,,,,,,,,,,,,,,,,,,,,,,,,,,,,,,,,,,,,,,,,,,,,,,,,,,,,,,,,,,,,,,,,,,,,,,,,,,,,,,,,,,,,,,,,,,,
,,,,,,,,,,,,,,,,,,,,,,,,,,,,,,,,,,,,,,,,,,,,,,,,,,,,,,,,,,,,,,,,,,,,,,,,,,,,,,,,,,,,,,,,,,,,,,,,,,,
,,,,,,,,,,,,,,,,,,,,,,,,,,,,,,,,,,,,,,,,,,,,,,,,,,,,,,,,,,,,,,,,,,,,,,,,,,,,,,,,,,,,,,,,,,,,,,,,,,,
,,,,,,,,,,,,,,,,,,,,,,,,,,,,,,,,,,,,,,,,,,,,,,,,,,,,,,,,,,,,,,,,,,,,,,,,,,,,,,,,,,,,,,,,,,,,,,,,,,,
,,,,,,,,,,,,,,,,,,,,,,,,,,,,,,,,,,,,,,,,,,,,,,,,,,,,,,,,,,,,,,,,,,,,,,,,,,,,,,,,,,,,,,,,,,,,,,,,,,,
,,,,,,,,,,,,,,,,,,,,,,,,,,,,,,,,,,,,,,,,,,,,,,,,,,,,,,,,,,,,,,,,,,,,,,,,,,,,,,,,,,,,,,,,,,,,,,,,,,,
,,,,,,,,,,,,,,,,,,,,,,,,,,,,,,,,,,,,,,,,,,,,,,,,,,,,,,,,,,,,,,,,,,,,,,,,,,,,,,,,,,,,,,,,,,,,,,,,,,,
,,,,,,,,,,,,,,,,,,,,,,,,,,,,,,,,,,,,,,,,,,,,,,,,,,,,,,,,,,,,,,,,,,,,,,,,,,,,,,,,,,,,,,,,,,,,,,,,,,,
,,,,,,,,,,,,,,,,,,,,,,,,,,,,,,,,,,,,,,,,,,,,,,,,,,,,,,,,,,,,,,,,,,,,,,,,,,,,,,,,,,,,,,,,,,,,,,,,,,,
,,,,,,,,,,,,,,,,,,,,,,,,,,,,,,,,,,,,,,,,,,,,,,,,,,,,,,,,,,,,,,,,,,,,,,,,,,,,,,,,,,,,,,,,,,,,,,,,,,,
,,,,,,,,,,,,,,,,,,,,,,,,,,,,,,,,,,,,,,,,,,,,,,,,,,,,,,,,,,,,,,,,,,,,,,,,,,,,,,,,,,,,,,,,,,,,,,,,,,,
,,,,,,,,,,,,,,,,,,,,,,,,,,,,,,,,,,,,,,,,,,,,,,,,,,,,,,,,,,,,,,,,,,,,,,,,,,,,,,,,,,,,,,,,,,,,,,,,,,,
,,,,,,,,,,,,,,,,,,,,,,,,,,,,,,,,,,,,,,,,,,,,,,,,,,,,,,,,,,,,,,,,,,,,,,,,,,,,,,,,,,,,,,,,,,,,,,,,,,,
,,,,,,,,,,,,,,,,,,,,,,,,,,,,,,,,,,,,,,,,,,,30,,,,,,,,,,,,,,,,,,,,,,,,,,,,,,,,,,,,,,,,,,,,,,,,,,,,,,,,
,,,,,,,,,,,,,,,,,,,,,,,,,,,,,,,,,,,,,,,,,,,,,,,,,,,,,,,,,,,,,,,,,,,,,,,,,,,,,,,,,,,,,,,,,,,,,,,,,,,
,,,,,,,,,,,,,,,,,,,,,,,,,,,,,,,,,,,,,,,,,,,,,,,,,,,,,,,,,,,,,,,,,,,,,,,,,,,,,,,,,,,,,,,,,,,,,,,,,,,
,,,,,,,,,,,,,,,,,,,,,,,,,,,,,,,,,,,,,,,,,,,30,,,,,,,,,,,,,,,,,,,,,,,,,,,,,,,,,,,,,,,,,,,,,,,,,,,,,,,,
,,,,,,,,,,,,,,,,,,,,,,,,,,,,,,,,,,,,,,,,,,,,,,,,,,,,,,,,23,,,,,,,,,,,,,,,,,,,,,,,,,,,,,,,,,,,,,,,,,,,
,,,,,,,,,,,,,,,,,,,,,,,,,,,,,,,,,,,,,,,,,,,,,,,,,,,,,,,,,,,,,,,,,,,,,,,,,,,,,,,,,,,,,,,,,,,,,,,,,,,
,,,,,,,,,,,,,,,,,,,,,,,,,,,,,,,,,,,,,,,,,,,,,,,,,,,,,,,,24,,,,,,,,,,,,,,,,,,,,,,,,,,,,,,,,,,,,,,,,,,,
,,,,,,,,,,,,,,,,,,,,,,,,,,,,,,,,,,,,,,,,,,,,,,,,,,,,,,,,,,,,,,,,,,,,,,,,,,,,,,,,,,,,,,,,,,,,,,,,,,,
,,,,,,,,,,,,,,,,,,,,,,,,,,,,,,,,,,,,,,,,,,,,,,,,,,,,,,,,25,,,,,,,,,,,,,,,,,,,,,,,,,,,,,,,,,,,,,,,,,,,
,,,,,,,,,,,,,,,,,,,,,,,,,,,,,,,,,,,,,,,,,,,,,,,,,,,,,,,,,,,,,,,,,,,,,,,,,,,,,,,,,,,,,,,,,,,,,,,,,,,
,,,,,,,,,,,,,,,,,,,,,,,,,,,,,,,,,,,,,,,,,,,,,,,,,,,,,,,,24,,,,,,,,,,,,,,,,,,,,,,,,,,,,,,,,,,,,,,,,,,,
,,,,,,,,,,,,,,,,,,,,,,,,,,,,,,,,,,,,,,,,,,,30,,,,,,,,,,,,,,,,,,,,,,,,,,,,,,,,,,,,,,,,,,,,,,,,,,,,,,,,
,,,,,,,,,,,,,,,,,,,,,,,,,,,,,,,,,,,,,,,,,,,,,,,,,,,,,,,,,,,,,,,,,,,,,,,,,,,,,,,,,,,,,,,,,,,,,,,,,,,
,,,,,,,,,,,,,,,,,,,,,,,,,,,,,,,,,,,,,,,,,,,30,,,,,,,,,,,,,,,,,,,,,,,,,,,,,,,,,,,,,,,,,,,,,,,,,,,,,,,,
,,,,,,,,,,,,,,,,,,,,,,,,,,,,,,,,,,,,,,,,,,,,,,,,,,,,,,,,,,,,,,,,,,,,,,,,,,,,,,,,,,,,,,,,,,,,,,,,,,,
,,,,,,,,,,,,,,,,,,,,,,,,,,,,,,,,,,,,,,,,,,,,,,,,,,,,,,,,,,,,,,,,,,,,,,,,,,,,,,,,,,,,,,,,,,,,,,,,,,,
,,,,,,,,,,,,,,,,,,,,,,,,,,,,,,,,,,,,,,,,,,,,,,,,,,,,,,,,,,,,,,,,,,,,,,,,,,,,,,,,,,,,,,,,,,,,,,,,,,,
,,,,,,,,,,,,,,,,,,,,,,,,,,,,,,,,,,,,,,,,,,,,,,,,,,,,,,,,,,,,,,,,,,,,,,,,,,,,,,,,,,,,,,,,,,,,,,,,,,,
,,,,,,,,,,,,,,,,,,,,,,,,,,,,,,,,,,,,,,,,,,,,,,,,,,,,,,,,,,,,,,,,,,,,,,,,,,,,,,,,,,,,,,,,,,,,,,,,,,,
,,,,,,,,,,,,,,,,,,,,,,,,,,,,,,,,,,,,,,,,,,,,,,,,,,,,,,,,,,,,,,,,,,,,,,,,,,,,,,,,,,,,,,,,,,,,,,,,,,,
,,,,,,,,,,,,,,,,,,,,,,,,,,,,,,,,,,,,,,,,,,,,,,,,,,,,,,,,,,,,,,,,,,,,,,,,,,,,,,,,,,,,,,,,,,,,,,,,,,,
,,,,,,,,,,,,,,,,,,,,,,,,,,,,,,,,,,,,,,,,,,,,,,,,,,,,,,,,,,,,,,,,,,,,,,,,,,,,,,,,,,,,,,,,,,,,,,,,,,,
,,,,,,,,,,,,,,,,,,,,,,,,,,,,,,,,,,,,,,,,,,,,,,,,,,,,,,,,,,,,,,,,,,,,,,,,,,,,,,,,,,,,,,,,,,,,,,,,,,,
,,,,,,,,,,,,,,,,,,,,,,,,,,,,,,,,,,,,,,,,,,,,,,,,,,,,,,,,,,,,,,,,,,,,,,,,,,,,,,,,,,,,,,,,,,,,,,,,,,,
,,,,,,,,,,,,,,,,,,,,,,,,,,,,,,,,,,,,,,,,,,,,,,,,,,,,,,,,,,,,,,,,,,,,,,,,,,,,,,,,,,,,,,,,,,,,,,,,,,,
,,,,,,,,,,,,,,,,,,,,,,,,,,,,,,,,,,,,,,,,,,,,,,,,,,,,,,,,,,,,,,,,,,,,,,,,,,,,,,,,,,,,,,,,,,,,,,,,,,,
,,,,,,,,,,,,,,,,,,,,,,,,,,,,,,,,,,,,,,,,,,,,,,,,,,,,,,,,,,,,,,,,,,,,,,,,,,,,,,,,,,,,,,,,,,,,,,,,,,,
,,,,,,,,,,,,,,,,,,,,,,,,,,,,,,,,,,,,,,,,,,,,,,,,,,,,,,,,,,,,,,,,,,,,,,,,,,,,,,,,,,,,,,,,,,,,,,,,,,,
,,,,,,,,,,,,,,,,,,,,,,,,,,,,,,,,,,,,,,,,,,,,,,,,,,,,,,,,,,,,,,,,,,,,,,,,,,,,,,,,,,,,,,,,,,,,,,,,,,,
,,,,,,,,,,,,,,,,,,,,,,,,,,,,,,,,,,,,,,,,,,,,,,,,,,,,,,,,,,,,,,,,,,,,,,,,,,,,,,,,,,,,,,,,,,,,,,,,,,,
,,,,,,,,,,,,,,,,,,,,,,,,,,,,,,,,,,,,,,,,,,,,,,,,,,,,,,,,,,,,,,,,,,,,,,,,,,,,,,,,,,,,,,,,,,,,,,,,,,,
,,,,,,,,,,,,,,,,,,,,,,,,,,,,,,,,,,,,,,,,,,,,,,,,,,,,,,,,,,,,,,,,,,,,,,,,,,,,,,,,,,,,,,,,,,,,,,,,,,,
,,,,,,,,,,,,,,,,,,,,,,,,,,,,,,,,,,,,,,,,,,,,,,,,,,,,,,,,,,,,,,,,,,,,,,,,,,,,,,,,,,,,,,,,,,,,,,,,,,,
,,,,,,,,,,,,,,,,,,,,,,,,,,,,,,,,,,,,,,,,,,,,,,,,,,,,,,,,,,,,,,,,,,,,,,,,,,,,,,,,,,,,,,,,,,,,,,,,,,,
,,,,,,,,,,,,,,,,,,,,,,,,,,,,,,,,,,,,,,,,,,,,,,,,,,,,,,,,,,,,,,,,,,,,,,,,,,,,,,,,,,,,,,,,,,,,,,,,,,,
,,,,,,,,,,,,,,,,,,,,,,,,,,,,,,,,,,,,,,,,,,,,,,,,,,,,,,,,,,,,,,,,,,,,,,,,,,,,,,,,,,,,,,,,,,,,,,,,,,,
,,,,,,,,,,,,,,,,,,,,,,,,,,,,,,,,,,,,,,,,,,,,,,,,,,,,,,,,,,,,,,,,,,,,,,,,,,,,,,,,,,,,,,,,,,,,,,,,,,,
,,,,,,,,,,,,,,,,,,,,,,,,,,,,,,,,,,,,,,,,,,,,,,,,,,,,,,,,,,,,,,,,,,,,,,,,,,,,,,,,,,,,,,,,,,,,,,,,,,,
,,,,,,,,,,,,,,,,,,,,,,,,,,,,,,,,,,,,,,,,,,,,,,,,,,,,,,,,,,,,,,,,,,,,,,,,,,,,,,,,,,,,,,,,,,,,,,,,,,,
,,,,,,,,,,,,,,,,,,,,,,,,,,,,,,,,,,,,,,,,,,,,,,,,,,,,,,,,,,,,,,,,,,,,,,,,,,,,,,,,,,,,,,,,,,,,,,,,,,,
MoveObject: type=2 stepAdvance=1 stepRecede=1 timeStopStart=0 timeStopEnd=0 posStart=5442;1732 posEnd=5442;1732 posCurrent=5442;1732 step=1 time=0 phase=3750 channel=10 icon=14 
MoveObject: type=2 stepAdvance=1 stepRecede=1 timeStopStart=0 timeStopEnd=0 posStart=5570;1028 posEnd=5570;1028 posCurrent=5570;1028 step=1 time=0 phase=3750 channel=10 icon=14 
MoveObject: type=2 stepAdvance=1 stepRecede=1 timeStopStart=0 timeStopEnd=0 posStart=5186;3652 posEnd=5186;3652 posCurrent=5186;3652 step=1 time=0 phase=3750 channel=10 icon=14 
MoveObject: type=3 stepAdvance=1 stepRecede=1 timeStopStart=0 timeStopEnd=0 posStart=5378;3456 posEnd=5378;3456 posCurrent=5378;3456 step=1 time=0 phase=3750 channel=10 icon=50 
MoveObject: type=26 stepAdvance=1 stepRecede=1 timeStopStart=0 timeStopEnd=0 posStart=6082;2952 posEnd=6082;2952 posCurrent=6082;2952 step=1 time=0 phase=3750 channel=10 icon=138 
MoveObject: type=2 stepAdvance=1 stepRecede=1 timeStopStart=0 timeStopEnd=0 posStart=5378;3652 posEnd=5378;3652 posCurrent=5378;3652 step=1 time=0 phase=3750 channel=10 icon=14 
MoveObject: type=2 stepAdvance=1 stepRecede=1 timeStopStart=0 timeStopEnd=0 posStart=5698;3460 posEnd=5698;3460 posCurrent=5698;3460 step=1 time=0 phase=3750 channel=10 icon=14 
MoveObject: type=49 stepAdvance=1 stepRecede=1 timeStopStart=0 timeStopEnd=0 posStart=1154;1092 posEnd=1154;1092 posCurrent=1154;1092 step=1 time=0 phase=3750 channel=10 icon=210 
MoveObject: type=2 stepAdvance=1 stepRecede=1 timeStopStart=0 timeStopEnd=0 posStart=578;1732 posEnd=578;1732 posCurrent=578;1732 step=1 time=0 phase=3750 channel=10 icon=14 
MoveObject: type=2 stepAdvance=1 stepRecede=1 timeStopStart=0 timeStopEnd=0 posStart=706;1732 posEnd=706;1732 posCurrent=706;1732 step=1 time=0 phase=3750 channel=10 icon=14 
MoveObject: type=2 stepAdvance=1 stepRecede=1 timeStopStart=0 timeStopEnd=0 posStart=834;1732 posEnd=834;1732 posCurrent=834;1732 step=1 time=0 phase=3750 channel=10 icon=14 
MoveObject: type=2 stepAdvance=1 stepRecede=1 timeStopStart=0 timeStopEnd=0 posStart=962;1732 posEnd=962;1732 posCurrent=962;1732 step=1 time=0 phase=3750 channel=10 icon=14 
MoveObject: type=30 stepAdvance=1 stepRecede=1 timeStopStart=0 timeStopEnd=0 posStart=1026;2118 posEnd=1026;2118 posCurrent=1026;2118 step=1 time=0 phase=3750 channel=10 icon=178 
MoveObject: type=30 stepAdvance=1 stepRecede=1 timeStopStart=0 timeStopEnd=0 posStart=514;3398 posEnd=514;3398 posCurrent=514;3398 step=1 time=0 phase=3750 channel=10 icon=178 
MoveObject: type=30 stepAdvance=1 stepRecede=1 timeStopStart=0 timeStopEnd=0 posStart=3650;2566 posEnd=3650;2566 posCurrent=3650;2566 step=1 time=0 phase=3750 channel=10 icon=178 
MoveObject: type=12 stepAdvance=1 stepRecede=1 timeStopStart=0 timeStopEnd=0 posStart=4032;3648 posEnd=4032;3648 posCurrent=4032;3648 step=1 time=0 phase=3750 channel=1 icon=84 
MoveObject: type=12 stepAdvance=1 stepRecede=1 timeStopStart=0 timeStopEnd=0 posStart=3968;3648 posEnd=3968;3648 posCurrent=3968;3648 step=1 time=0 phase=3750 channel=1 icon=84 
MoveObject: type=12 stepAdvance=1 stepRecede=1 timeStopStart=0 timeStopEnd=0 posStart=3904;3648 posEnd=3904;3648 posCurrent=3904;3648 step=1 time=0 phase=3750 channel=1 icon=79 
MoveObject: type=12 stepAdvance=1 stepRecede=1 timeStopStart=0 timeStopEnd=0 posStart=3840;3648 posEnd=3840;3648 posCurrent=3840;3648 step=1 time=0 phase=3750 channel=1 icon=84 
MoveObject: type=12 stepAdvance=1 stepRecede=1 timeStopStart=0 timeStopEnd=0 posStart=3776;3648 posEnd=3776;3648 posCurrent=3776;3648 step=1 time=0 phase=3750 channel=1 icon=79 
MoveObject: type=21 stepAdvance=1 stepRecede=1 timeStopStart=0 timeStopEnd=0 posStart=1026;2308 posEnd=1026;2308 posCurrent=1026;2308 step=1 time=0 phase=3750 channel=10 icon=123 
MoveObject: type=30 stepAdvance=1 stepRecede=1 timeStopStart=0 timeStopEnd=0 posStart=4930;2630 posEnd=4930;2630 posCurrent=4930;2630 step=1 time=0 phase=3750 channel=10 icon=178 
MoveObject: type=6 stepAdvance=1 stepRecede=1 timeStopStart=0 timeStopEnd=0 posStart=2690;1288 posEnd=2690;1288 posCurrent=2690;1288 step=1 time=0 phase=3750 channel=10 icon=22 
MoveObject: type=16 stepAdvance=60 stepRecede=60 timeStopStart=0 timeStopEnd=0 posStart=3904;2432 posEnd=4288;2432 posCurrent=4089;2432 step=2 time=29 phase=3750 channel=10 icon=74 
MoveObject: type=5 stepAdvance=1 stepRecede=1 timeStopStart=0 timeStopEnd=0 posStart=4354;2500 posEnd=4354;2500 posCurrent=4354;2500 step=1 time=0 phase=3750 channel=10 icon=5 
MoveObject: type=5 stepAdvance=1 stepRecede=1 timeStopStart=0 timeStopEnd=0 posStart=4418;2500 posEnd=4418;2500 posCurrent=4418;2500 step=1 time=0 phase=3750 channel=10 icon=5 
MoveObject: type=5 stepAdvance=1 stepRecede=1 timeStopStart=0 timeStopEnd=0 posStart=4098;3652 posEnd=4098;3652 posCurrent=4098;3652 step=1 time=0 phase=3750 channel=10 icon=5 
MoveObject: type=5 stepAdvance=1 stepRecede=1 timeStopStart=0 timeStopEnd=0 posStart=4162;3652 posEnd=4162;3652 posCurrent=4162;3652 step=1 time=0 phase=3750 channel=10 icon=5 
MoveObject: type=5 stepAdvance=1 stepRecede=1 timeStopStart=0 timeStopEnd=0 posStart=4226;3652 posEnd=4226;3652 posCurrent=4226;3652 step=1 time=0 phase=3750 channel=10 icon=5 
MoveObject: type=5 stepAdvance=1 stepRecede=1 timeStopStart=0 timeStopEnd=0 posStart=4290;3652 posEnd=4290;3652 posCurrent=4290;3652 step=1 time=0 phase=3750 channel=10 icon=5 
MoveObject: type=5 stepAdvance=1 stepRecede=1 timeStopStart=0 timeStopEnd=0 posStart=4354;3652 posEnd=4354;3652 posCurrent=4354;3652 step=1 time=0 phase=3750 channel=10 icon=5 
MoveObject: type=5 stepAdvance=1 stepRecede=1 timeStopStart=0 timeStopEnd=0 posStart=4418;3652 posEnd=4418;3652 posCurrent=4418;3652 step=1 time=0 phase=3750 channel=10 icon=5 
MoveObject: type=5 stepAdvance=1 stepRecede=1 timeStopStart=0 timeStopEnd=0 posStart=4482;3652 posEnd=4482;3652 posCurrent=4482;3652 step=1 time=0 phase=3750 channel=10 icon=5 
MoveObject: type=33 stepAdvance=30 stepRecede=30 timeStopStart=23 timeStopEnd=23 posStart=3648;2816 posEnd=3840;2816 posCurrent=3648;2816 step=1 time=10 phase=3750 channel=13 icon=245 
MoveObject: type=33 stepAdvance=30 stepRecede=30 timeStopStart=23 timeStopEnd=23 posStart=4544;2816 posEnd=4736;2816 posCurrent=4544;2816 step=1 time=10 phase=3750 channel=13 icon=245 
MoveObject: type=33 stepAdvance=30 stepRecede=30 timeStopStart=23 timeStopEnd=23 posStart=3008;2752 posEnd=3200;2752 posCurrent=3008;2752 step=1 time=10 phase=3750 channel=13 icon=245 
MoveObject: type=1 stepAdvance=20 stepRecede=20 timeStopStart=20 timeStopEnd=20 posStart=5888;3392 posEnd=5952;3392 posCurrent=5952;3392 step=3 time=12 phase=3750 channel=1 icon=89 
MoveObject: type=6 stepAdvance=1 stepRecede=1 timeStopStart=0 timeStopEnd=0 posStart=3202;3528 posEnd=3202;3528 posCurrent=3202;3528 step=1 time=0 phase=3750 channel=10 icon=22 
MoveObject: type=1 stepAdvance=20 stepRecede=20 timeStopStart=20 timeStopEnd=20 posStart=5888;3136 posEnd=5952;3136 posCurrent=5952;3136 step=3 time=12 phase=3750 channel=1 icon=89 
MoveObject: type=1 stepAdvance=20 stepRecede=20 timeStopStart=20 timeStopEnd=20 posStart=5888;2880 posEnd=5952;2880 posCurrent=5952;2880 step=3 time=12 phase=3750 channel=1 icon=89 
MoveObject: type=6 stepAdvance=1 stepRecede=1 timeStopStart=0 timeStopEnd=0 posStart=3266;3528 posEnd=3266;3528 posCurrent=3266;3528 step=1 time=0 phase=3750 channel=10 icon=22 
MoveObject: type=13 stepAdvance=1 stepRecede=1 timeStopStart=0 timeStopEnd=0 posStart=2562;580 posEnd=2562;580 posCurrent=2562;580 step=1 time=0 phase=3750 channel=10 icon=68 
MoveObject: type=6 stepAdvance=1 stepRecede=1 timeStopStart=0 timeStopEnd=0 posStart=3330;3528 posEnd=3330;3528 posCurrent=3330;3528 step=1 time=0 phase=3750 channel=10 icon=22 
MoveObject: type=33 stepAdvance=20 stepRecede=20 timeStopStart=23 timeStopEnd=23 posStart=1152;2752 posEnd=1280;2752 posCurrent=1280;2752 step=3 time=15 phase=3750 channel=13 icon=247 
MoveObject: type=33 stepAdvance=30 stepRecede=30 timeStopStart=23 timeStopEnd=23 posStart=640;2880 posEnd=832;2880 posCurrent=640;2880 step=1 time=10 phase=3750 channel=13 icon=245 
MoveObject: type=33 stepAdvance=20 stepRecede=20 timeStopStart=23 timeStopEnd=23 posStart=960;3328 posEnd=1088;3328 posCurrent=1088;3328 step=3 time=15 phase=3750 channel=13 icon=247 
MoveObject: type=33 stepAdvance=50 stepRecede=50 timeStopStart=23 timeStopEnd=23 posStart=576;3776 posEnd=896;3776 posCurrent=576;3776 step=1 time=0 phase=3750 channel=13 icon=249 
MoveObject: type=32 stepAdvance=8 stepRecede=8 timeStopStart=25 timeStopEnd=25 posStart=3136;1920 posEnd=3200;1920 posCurrent=3200;1920 step=3 time=5 phase=3750 channel=13 icon=73 
MoveObject: type=32 stepAdvance=24 stepRecede=24 timeStopStart=25 timeStopEnd=25 posStart=4288;2176 posEnd=4480;2176 posCurrent=4472;2176 step=4 time=1 phase=3750 channel=13 icon=67 
MoveObject: type=6 stepAdvance=1 stepRecede=1 timeStopStart=0 timeStopEnd=0 posStart=2946;2760 posEnd=2946;2760 posCurrent=2946;2760 step=1 time=0 phase=3750 channel=10 icon=22 
MoveObject: type=16 stepAdvance=20 stepRecede=20 timeStopStart=0 timeStopEnd=0 posStart=1088;1600 posEnd=1088;1728 posCurrent=1088;1657 step=2 time=9 phase=3750 channel=10 icon=74 
MoveObject: type=16 stepAdvance=20 stepRecede=20 timeStopStart=0 timeStopEnd=0 posStart=1216;1728 posEnd=1216;1600 posCurrent=1216;1671 step=2 time=9 phase=3750 channel=10 icon=74 
MoveObject: type=16 stepAdvance=20 stepRecede=20 timeStopStart=0 timeStopEnd=0 posStart=1344;1600 posEnd=1344;1728 posCurrent=1344;1657 step=2 time=9 phase=3750 channel=10 icon=74 
MoveObject: type=33 stepAdvance=60 stepRecede=60 timeStopStart=23 timeStopEnd=23 posStart=192;3968 posEnd=576;3968 posCurrent=192;3968 step=1 time=10 phase=3750 channel=13 icon=245 
MoveObject: type=6 stepAdvance=1 stepRecede=1 timeStopStart=0 timeStopEnd=0 posStart=706;2888 posEnd=706;2888 posCurrent=706;2888 step=1 time=0 phase=3750 channel=10 icon=22 
MoveObject: type=6 stepAdvance=1 stepRecede=1 timeStopStart=0 timeStopEnd=0 posStart=1410;3144 posEnd=1410;3144 posCurrent=1410;3144 step=1 time=0 phase=3750 channel=10 icon=22 
MoveObject: type=5 stepAdvance=1 stepRecede=1 timeStopStart=0 timeStopEnd=0 posStart=770;3972 posEnd=770;3972 posCurrent=770;3972 step=1 time=0 phase=3750 channel=10 icon=5 
MoveObject: type=30 stepAdvance=1 stepRecede=1 timeStopStart=0 timeStopEnd=0 posStart=1666;3462 posEnd=1666;3462 posCurrent=1666;3462 step=1 time=0 phase=3750 channel=10 icon=178 
