DescFile: posDecor=1800;1900 dimDecor=100;100 world=0 music=9 region=3 blupiPos=2178;2182 blupiDir=2 
Decor: 
156,156,35,35,156,156,156,156,156,35,35,35,37,,,,,,,,,,,,,,,,,,,,,,,,,,,,,,,,,,,36,156,156,35,156,35,156,156,156,35,35,156,35,37,,,,,,,,,,,,,,,,,,,,,,,,,,,,,,,,,,,,,,,
35,156,156,35,156,156,156,35,35,35,156,35,37,,,,,,,,,,,,,,,,,,,,,,,,,,,,,,,,,,,36,156,35,35,35,156,156,35,35,35,156,156,156,37,,,,,,,,,,,,,,,,,,,,,,,,,,,,,,,,,,,,,,,
156,35,156,156,156,35,156,156,156,35,156,35,37,,,,,,,,,,,,,,,,,,,,,,,,,,,,,,,,,,,36,35,35,35,156,156,35,156,35,156,156,35,35,37,,,,,,,,,,,,,,,,,,,,,,,,,,,,,,,,,,,,,,,
156,156,35,35,156,35,156,35,156,156,156,156,37,,,,,,,,,,,,,,,,,,,,,,,,,,,,,,,,,,,36,35,35,35,156,156,156,35,35,35,35,35,156,37,,,,,,,,,,,,,,,,,,,,,,,,,,,,,,,,,,,,,,,
35,35,156,35,156,156,156,35,35,156,156,156,37,,,,,,,,,,,,,,,,,,,,,,,,,151,144,144,144,144,144,144,144,144,144,156,156,156,156,156,156,156,156,156,35,156,156,156,37,,,,,,,,,,,,,,,,,,,,,,,,,,,,,,,,,,,,,,,
156,156,156,35,35,35,156,35,156,35,156,156,37,,,,,,,,,,,,,,,,,,,,,,,,,36,156,156,35,35,156,35,156,35,35,156,35,35,156,156,156,156,35,35,35,156,35,35,37,,,,,,,,,,,,,,,,,,,,,,,,,,,,,,,,,,,,,,,
35,35,156,35,156,156,156,156,156,35,35,35,37,,,,,,,,,,,,,,,,,,,,,,,,,36,35,156,156,156,156,156,35,156,156,35,35,156,156,156,35,156,145,35,156,156,156,156,37,,,,,,,,,,,,,,,,,,,,,,,,,,,,,,,,,,,,,,,
156,35,35,35,35,156,156,35,156,156,35,156,37,,,,,,,,,,,,,,,,,,,,,,,,,36,156,156,35,35,156,156,35,156,156,156,35,35,156,156,156,331,,36,156,35,35,156,37,,,,,,,,,,,,,,,,,,,,,,,,,,,,,,,,,,,,,,,
156,156,35,35,35,35,156,35,35,35,156,35,37,,,,,,,,,,,,,,,,,,,,,,,,,36,35,156,35,35,156,156,156,156,156,35,35,35,156,35,35,35,76,35,35,156,156,35,37,,,,,,,,,,,,,,,,,,,,,,,,,,,,,,,,,,,,,,,
35,156,156,156,35,35,156,35,156,35,35,35,37,,,,,,,,,,,,,,,,,,,,,,,,,36,156,35,156,156,35,35,35,35,156,35,156,156,156,156,35,37,,36,35,35,35,156,37,,,,,,,,,,,,,,,,,,,,,,,,,,,,,,,,,,,,,,,
35,35,156,35,35,35,156,35,35,35,35,35,35,144,144,150,,,,,,,,,,,,,,,,,,,,,,36,156,35,156,35,156,35,156,156,156,156,156,35,156,35,156,37,,36,35,35,156,156,37,,,,,,,,,,,,,,,,,,,,,,,,,,,,,,,,,,,,,,,
35,156,156,156,35,35,156,156,156,156,35,35,156,35,156,37,,,,,,,,,,151,144,144,144,144,144,144,144,144,144,144,144,35,156,35,35,35,35,35,156,35,156,35,156,35,156,35,145,145,76,35,156,35,35,35,37,,,,,,,,,,,,,,,,,,,,,,,,,,,,,,,,,,,,,,,
35,35,156,156,156,35,35,35,156,35,156,156,35,156,35,37,,,,,,,,,151,156,35,156,35,35,35,156,156,35,35,156,156,156,156,156,156,156,35,35,35,35,156,35,156,156,156,156,138,,,36,35,156,156,156,37,,,,,,,,,,,,,,,,,,,,,,,,,,,,,,,,,,,,,,,
35,35,156,156,35,156,35,35,156,35,156,156,35,35,156,37,,,,,,,,,36,35,156,156,156,156,35,156,35,156,156,35,156,35,35,35,35,156,156,156,35,156,156,156,35,156,35,156,138,,151,35,156,156,156,35,37,,,,,,,,,,,,,,,,,,,,,,,,,,,,,,,,,,,,,,,
156,156,35,35,35,35,156,156,156,35,156,156,156,35,35,37,,,,,,,,,36,35,156,156,156,35,156,35,156,156,35,35,35,35,35,35,156,156,35,156,35,35,35,35,156,156,156,35,138,,152,156,156,35,35,35,37,,,,,,,,,,,,,,,,,,,,,,,,,,,,,,,,,,,,,,,
156,156,35,156,35,35,156,35,35,156,156,35,35,35,156,37,,,,,,,,,36,156,156,156,35,35,35,156,156,35,35,35,35,35,156,35,156,35,35,35,156,35,156,156,35,35,35,35,138,,,36,156,156,156,35,37,,,,,,,,,,,,,,,,,,,,,,,,,,,,,,,,,,,,,,,
156,35,156,35,35,156,156,145,145,145,35,35,156,156,35,37,,,,,,,,,36,156,35,35,156,156,156,35,35,35,35,156,35,35,35,156,35,156,156,35,156,35,156,35,35,35,35,156,146,146,76,35,35,35,156,35,37,,,,,,,,,,,,,,,,,,,,,,,,,,,,,,,,,,,,,,,
156,156,35,156,156,145,37,,,,36,35,35,156,156,37,,,,,,,,,36,156,156,156,35,35,35,35,156,156,35,35,156,156,35,156,156,156,35,35,156,156,35,35,35,35,35,154,,,,36,156,156,35,156,37,,,,,,,,,,,,,,,,,,,,,,,,,,,,,,,,,,,,,,,
156,156,35,156,37,,38,,,,36,35,35,156,35,37,,,,,,,,,36,156,35,35,156,35,35,156,35,156,35,35,156,156,145,35,156,35,156,35,156,156,156,35,156,35,37,,,,,36,156,156,156,156,37,,,,,,,,,,,,,,,,,,,,,,,,,,,,,,,,,,,,,,,
156,35,35,156,37,,74,,,,36,35,35,35,35,37,,,,,,,,,36,156,156,156,35,156,35,35,156,156,156,35,156,333,,152,156,156,35,156,156,156,156,35,35,156,37,,,,,36,35,35,156,35,37,,,,,,,,,,,,,,,,,,,,,,,,,,,,,,,,,,,,,,,
156,156,35,35,154,,,,333,,36,35,156,35,35,37,,,,,,,,,36,156,156,156,156,156,156,156,156,35,156,156,37,,,,152,35,156,35,156,156,35,35,35,156,37,,,,,36,35,35,156,156,37,,,,,,,,,,,,,,,,,,,,,,,,,,,,,,,,,,,,,,,
156,156,156,156,155,,,,19,,36,156,35,156,35,37,,,,,,,,,36,156,156,35,35,35,156,156,156,35,35,35,156,150,,,,152,156,35,35,156,156,156,35,35,37,,,,,36,156,35,156,156,37,,,,,,,,,,,,,,,,,,,,,,,,,,,,,,,,,,,,,,,
156,156,156,35,37,,75,,,,36,35,156,35,35,37,,,,,,,,,36,35,35,156,35,35,156,156,156,156,35,156,35,156,150,,,,152,35,35,156,156,156,156,156,37,,,,,36,35,35,156,35,37,,,,,,,,,,,,,,,,,,,,,,,,,,,,,,,,,,,,,,,
35,156,35,35,37,,38,,,,36,156,35,35,35,37,,,,,,,,,36,35,156,156,35,156,156,35,35,156,35,156,156,35,156,185,,,,152,156,156,156,35,156,156,35,155,,,,36,35,156,156,156,37,,,,,,,,,,,,,,,,,,,,,,,,,,,,,,,,,,,,,,,
35,35,156,156,156,144,37,,,,36,35,156,156,35,37,,,,,,,,,36,156,156,35,35,35,156,156,35,156,35,35,156,35,35,185,150,,,,152,35,35,156,156,35,35,156,144,144,76,156,156,35,156,156,37,,,,,,,,,,,,,,,,,,,,,,,,,,,,,,,,,,,,,,,
156,35,156,156,35,35,156,144,144,144,35,156,35,156,156,37,,,,,,,,,36,35,156,35,156,35,156,156,35,156,35,35,35,35,35,185,156,150,,,,152,35,156,156,156,145,145,145,145,76,35,35,35,156,156,37,,,,,,,,,,,,,,,,,,,,,,,,,,,,,,,,,,,,,,,
156,156,35,35,35,156,156,35,156,156,35,156,35,156,35,37,,,,,,,,,36,35,156,156,35,156,156,35,35,35,35,156,35,156,37,,36,156,150,,,,152,156,156,37,,,,,,36,35,35,35,156,37,,,,,,,,,,,,,,,,,,,,,,,,,,,,,,,,,,,,,,,
35,156,35,156,156,156,35,35,156,156,35,35,156,156,35,156,144,144,144,144,144,144,144,144,156,156,35,156,35,35,156,156,35,35,156,156,156,35,37,,36,156,156,150,,,,36,35,156,76,144,144,144,144,35,156,35,156,156,37,,,,,,,,,,,,,,,,,,,,,,,,,,,,,,,,,,,,,,,
35,35,156,35,156,156,156,35,156,156,35,35,35,35,35,35,156,35,35,156,156,35,156,156,156,156,156,35,35,156,35,35,35,156,35,156,35,156,156,144,156,156,156,35,150,,,36,35,37,,36,35,156,156,35,35,35,35,156,37,,,,,,,,,,,,,,,,,,,,,,,,,,,,,,,,,,,,,,,
35,35,35,35,35,35,35,156,35,156,35,156,156,156,35,35,156,35,156,35,35,156,156,156,35,35,35,156,156,156,35,156,156,156,145,145,145,145,145,145,145,145,145,145,145,146,76,156,35,37,,36,35,156,156,156,35,35,156,156,37,,,,,,,,,,,,,,,,,,,,,,,,,,,,,,,,,,,,,,,
156,156,156,35,156,35,35,156,156,35,156,156,35,156,35,35,156,35,35,35,35,156,156,156,35,35,156,156,156,156,156,35,35,37,,,,,,,,,,,,,,36,35,37,,36,35,156,156,156,35,35,35,156,37,,,,,,,,,,,,,,,,,,,,,,,,,,,,,,,,,,,,,,,
156,35,156,35,156,35,35,35,156,156,156,156,35,156,35,35,35,35,156,35,145,145,145,145,145,145,145,145,145,145,145,145,145,154,,151,144,146,146,146,146,146,146,146,146,144,76,35,35,37,,36,35,156,35,156,35,156,156,156,37,,,,,,,,,,,,,,,,,,,,,,,,,,,,,,,,,,,,,,,
145,145,145,145,145,145,145,145,145,145,145,145,145,156,35,35,35,35,156,330,,,,,,,,,,,,,,,,36,37,,,,,,,,,38,,36,156,37,,36,35,156,35,35,35,156,156,35,37,,,,,,,,,,,,,,,,,,,,,,,,,,,,,,,,,,,,,,,
,,,,,,,,,,,,,36,156,156,35,35,156,156,146,146,146,146,146,146,146,146,146,146,146,146,146,146,76,35,37,,,,151,144,144,155,,152,76,156,35,37,,36,35,35,156,35,156,35,156,35,37,,,,,,,,,,,,,,,,,,,,,,,,,,,,,,,,,,,,,,,
,,,,,,,,,,,,,36,156,156,35,156,35,332,,,,,,,,,,,,,,,,36,37,,,151,35,35,35,37,,,,36,145,145,76,156,35,156,156,35,35,35,156,156,37,,,,,,,,,,,,,,,,,,,,,,,,,,,,,,,,,,,,,,,
,,,,,,,,,,,,,36,156,156,35,156,35,35,146,146,146,146,146,146,146,146,146,146,146,146,146,146,76,35,37,,,152,35,156,35,37,,,,38,,,,36,35,35,35,35,156,156,35,156,37,,,,,,,,,,,,,,,,,,,,,,,,,,,,,,,,,,,,,,,
,,,,,,,,,,,,,36,35,156,156,156,156,331,,,,,,,,,,,,,,,,36,37,,,,152,145,145,154,,151,76,145,76,144,76,35,35,35,35,35,35,35,35,35,156,144,150,,,,,,,,,,,,,,,,,,,,,,,,,,,,,,,,,,,,,
,,,,,,,,,,,,,36,156,35,156,156,35,35,144,144,144,144,144,144,144,144,144,144,144,144,144,155,,36,37,,,,,,,,,38,,,,38,,36,156,156,35,35,35,35,35,35,156,35,37,,,,,,,,,,,,,,,,,,,,,,,,,,,,,,,,,,,,,
,,,,,,,,,,,,,36,156,156,156,35,35,35,156,156,35,156,35,35,156,156,156,35,35,156,156,37,,152,145,146,146,146,146,146,146,146,146,145,76,144,144,37,,36,35,156,156,156,156,156,156,156,35,156,37,,,,,,,,,,,,,,,,,,,,,,,,,,,,,,,,,,,,,
,,,,,,,,,,,,,36,156,35,35,156,156,156,35,156,156,156,35,156,156,35,156,156,35,156,35,37,,,,,,,,,,,,,,36,35,37,,36,35,35,156,35,35,35,35,35,35,156,37,,,,,,,,,,,,,,,,,,,,,,,,,,,,,,,,,,,,,
,,,,,,,,,,,,,36,35,156,156,156,35,35,35,156,35,156,156,156,156,35,156,35,156,156,35,35,144,144,144,144,146,146,146,146,146,146,146,146,76,156,35,156,76,145,145,35,156,35,35,156,156,35,35,35,37,,,,,,,,,,,,,,,,,,,,,,,,,,,,,,,,,,,,,
,,,,,,,,,,,,,36,156,156,35,35,35,156,35,35,156,156,156,156,156,35,156,156,35,156,35,156,35,35,156,37,,,,,,,,,,36,156,37,,,,152,156,156,35,35,35,35,35,35,37,,,,,,,,,,,,,,,,,,,,,,,,,,,,,,,,,,,,,
,,,,,,,,,,,,,36,35,35,156,35,35,156,156,156,156,35,35,156,156,35,35,156,35,35,35,156,156,35,35,37,,,,,,,,,,36,156,37,,,,,152,156,35,35,35,35,35,156,37,,,,,,,,,,,,,,,,,,,,,,,,,,,,,,,,,,,,,
,,,,,,,,,,,,,36,35,156,35,35,156,156,35,35,35,156,156,156,35,35,156,156,35,35,35,156,35,35,35,37,,,,,,,,,,36,156,37,,,75,,,152,35,156,35,35,35,35,37,,,,,,,,,,,,,,,,,,,,,,,,,,,,,,,,,,,,,
,,,,,,,,,,,,,36,35,156,35,35,156,156,35,156,156,156,35,156,156,35,156,156,156,156,156,35,35,35,35,37,,,,,,,,,,68,35,37,,,152,155,,,152,35,35,156,156,156,37,,,,,,,,,,,,,,,,,,,,,,,,,,,,,,,,,,,,,
,,,,,,,,,,,,,36,35,156,156,35,35,35,156,156,156,35,156,156,35,156,156,35,156,35,156,156,35,35,35,37,,,,,,,,,,68,35,37,,,,152,155,,,152,35,156,35,35,37,,,,,,,,,,,,,,,,,,,,,,,,,,,,,,,,,,,,,
,,,,,,,,,,,,,152,145,145,145,145,145,145,145,145,145,145,145,145,145,145,156,145,145,156,156,35,35,156,156,37,,,,,,,,,,68,35,37,,,,,36,155,,,68,35,156,35,37,,,,,,,,,,,,,,,,,,,,,,,,,,,,,,,,,,,,,
,,,,,,,,,,,,,,,,,,,,,,,,,,,,39,,,36,156,35,156,156,156,37,,,,,,,,,,68,156,37,,,,,68,156,155,,68,156,156,35,37,,,,,,,,,,,,,,,,,,,,,,,,,,,,,,,,,,,,,
,,,,,,,,,,,,,,,,,,,,,,,,,,,,,,,36,35,156,156,35,35,37,,,,,,,,,,68,156,37,,,,,68,35,154,,68,35,156,156,37,,,,,,,,,,,,,,,,,,,,,,,,,,,,,,,,,,,,,
,,,,,,,,,,,,,,,,,,,,,,,,,,,,,,,36,156,156,35,156,156,37,,,,,,,,,,68,35,37,,,,,36,154,,,68,156,35,35,37,,,,,,,,,,,,,,,,,,,,,,,,,,,,,,,,,,,,,
,,,,,,,,,,,,,,,,,,,,,,,,,,,,,,,36,35,156,156,156,156,37,,,,,,,,,,68,35,37,,,,151,154,,,151,156,156,35,35,37,,,,,,,,,,,,,,,,,,,,,,,,,,,,,,,,,,,,,
,,,,,,,,,,,,,,,,,,,,,,,,,,,,,,,36,35,156,156,35,156,37,,,,,,,,,,68,35,37,,,151,154,,,151,35,156,35,156,156,37,,,,,,,,,,,,,,,,,,,,,,,,,,,,,,,,,,,,,
,,,,,,,,,,,,,,,,,,,,,,,,,,,,,,,36,156,156,156,35,35,154,,,,,151,144,144,144,144,156,156,37,,,74,,,151,35,35,35,35,156,156,37,,,,,,,,,,,,,,,,,,,,,,,,,,,,,,,,,,,,,
,,,,,,,,,,,,,,,,,,,,,,,,,,,,,,,36,35,35,35,35,37,,,,40,,36,156,35,35,156,156,156,37,,,,,151,35,35,35,35,156,35,156,37,,,,,,,,,,,,,,,,,,,,,,,,,,,,,,,,,,,,,
,,,,,,,,,,,,,,,,,,,,,,,,,,,,,,,36,35,156,156,156,37,,,,38,,36,156,35,156,156,156,35,37,,,151,144,156,156,35,35,156,156,35,156,37,,,,,,,,,,,,,,,,,,,,,,,,,,,,,,,,,,,,,
,,,,,,,,,,,,,,,,,,,,,,,,,,,,,,,36,156,156,156,156,37,,,,38,,36,35,35,156,35,156,156,37,,,36,35,35,35,156,35,156,35,35,156,37,,,,,,,,,,,,,,,,,,,,,,,,,,,,,,,,,,,,,
,,,,,,,,,,,,,,,,,,,,,,,,,,,,,,,36,35,156,35,35,37,,,,38,,36,156,35,35,156,35,35,35,332,,36,156,35,35,156,35,156,35,35,156,37,,,,,,,,,,,,,,,,,,,,,,,,,,,,,,,,,,,,,
,,,,,,,,,,,,,,,,,,,,,,,,,,,,,,,36,156,156,156,35,37,,,,39,,36,35,35,156,156,35,35,35,156,144,35,35,35,35,35,35,35,156,35,145,149,,,,,,,,,,,,,,,,,,,,,,,,,,,,,,,,,,,,,
,,,,,,,,,,,,,,,,,,,,,,,,,,,,,,,36,156,156,156,35,35,155,,,,,36,35,156,35,156,35,156,35,35,35,35,35,35,156,35,35,156,156,37,,,,,,,,,,,,,,,,,,,,,,,,,,,,,,,,,,,,,,,
,,,,,,,,,,,,,,,,,,,,,,,,,,,,,,,36,35,35,35,35,35,37,,,,,36,35,156,156,35,156,156,35,156,35,35,156,35,35,35,35,35,156,37,,,,,,,,,,,,,,,,,,,,,,,,,,,,,,,,,,,,,,,
,,,,,,,,,,,,,,,,,,,,,,,,,,,,,,,36,156,156,35,156,156,37,,,,,36,156,156,156,156,35,156,156,156,156,35,156,35,35,156,156,35,35,37,,,,,,,,,,,,,,,,,,,,,,,,,,,,,,,,,,,,,,,
,,,,,,,,,,,,,,,,,,,,,,,,,,,,,,,36,35,35,156,35,156,37,,,,,36,35,35,156,35,35,156,156,156,35,35,156,35,35,35,35,156,35,37,,,,,,,,,,,,,,,,,,,,,,,,,,,,,,,,,,,,,,,
,,,,,,,,,,,,,,,,,,,,,,,,,,,,,,,36,35,35,156,35,35,37,,,,151,35,35,35,156,156,35,156,156,35,156,35,35,156,156,35,156,156,35,37,,,,,,,,,,,,,,,,,,,,,,,,,,,,,,,,,,,,,,,
,,,,,,,,,,,,,,,,,,,,,,,,,,,,,,,36,156,156,35,35,156,185,185,150,,36,156,35,35,35,156,156,35,156,145,145,145,145,145,145,145,145,145,145,149,,,,,,,,,,,,,,,,,,,,,,,,,,,,,,,,,,,,,,,
,,,,,,,,,,,,,,,,,,,,,,,,,,,,,,,36,156,156,35,156,156,185,35,330,,36,35,35,35,156,35,156,156,37,,,,,,,,,,,,,,,,,,,,,,,,,,,,,,,,,,,,,,,,,,,,,,,,,,
,,,,,,,,,,,,,,,,,,,,,,,,,,,,,,,36,156,35,35,156,35,185,35,35,144,35,156,156,35,35,35,35,156,37,,,,,,,,,,,,,,,,,,,,,,,,,,,,,,,,,,,,,,,,,,,,,,,,,,
,,,,,,,,,,,,,,,,,,,,,,,,,,,,,,,36,156,35,156,156,156,185,35,35,35,156,156,35,35,156,156,35,156,37,,,,,,,,,,,,,,,,,,,,,,,,,,,,,,,,,,,,,,,,,,,,,,,,,,
,,,,,,,,,,,,,,,,,,,,,,,,,,,,,,,152,145,145,145,145,35,185,156,145,145,145,145,145,145,145,145,145,145,149,,,,,,,,,,,,,,,,,,,,,,,,,,,,,,,,,,,,,,,,,,,,,,,,,,
,,,,,,,,,,,,,,,,,,,,,,,,,,,,,,,,,,,,214,,214,,,,,,,,,,,,,,,,,,,,,,,,,,,,,,,,,,,,,,,,,,,,,,,,,,,,,,,,,,,,,
,,,,,,,,,,,,,,,,,,,,,,,,,,,,,,,,,,,,214,,214,,,,,,,,,,,,,,,,,,,,,,,,,,,,,,,,,,,,,,,,,,,,,,,,,,,,,,,,,,,,,
,,,,,,,,,,,,,,,,,,,,,,,,,,,,,,,,,,,,214,,214,,,,,,,,,,,,,,,,,,,,,,,,,,,,,,,,,,,,,,,,,,,,,,,,,,,,,,,,,,,,,
,,,,,,,,,,,,,,,,,,,,,,,,,,,,,,,,,,,,214,,214,,,,,,,,,,,,,,,,,,,,,,,,,,,,,,,,,,,,,,,,,,,,,,,,,,,,,,,,,,,,,
,,,,,,,,,,,,,,,,,,,,,,,,,,,,,,,,,,,,214,,214,,,,,,,,,,,,,,,,,,,,,,,,,,,,,,,,,,,,,,,,,,,,,,,,,,,,,,,,,,,,,
,,,,,,,,,,,,,,,,,,,,,,,,,,,,,,,,,,,,214,,214,,,,,,,,,,,,,,,,,,,,,,,,,,,,,,,,,,,,,,,,,,,,,,,,,,,,,,,,,,,,,
,,,,,,,,,,,,,,,,,,,,,,,,,,,,,,,,,,,,214,,214,,,,,,,,,,,,,,,,,,,,,,,,,,,,,,,,,,,,,,,,,,,,,,,,,,,,,,,,,,,,,
,,,,,,,,,,,,,,,,,,,,,,,,,,,,,,,,,,,,214,,214,,,,,,,,,,,,,,,,,,,,,,,,,,,,,,,,,,,,,,,,,,,,,,,,,,,,,,,,,,,,,
,,,,,,,,,,,,,,,,,,,,,,,,,,,,,,,,,,,,214,,214,,,,,,,,,,,,,,,,,,,,,,,,,,,,,,,,,,,,,,,,,,,,,,,,,,,,,,,,,,,,,
,,,,,,,,,,,,,,,,,,,,,,,,,,,,,,,,,,,,214,,214,,,,,,,,,,,,,,,,,,,,,,,,,,,,,,,,,,,,,,,,,,,,,,,,,,,,,,,,,,,,,
,,,,,,,,,,,,,,,,,,,,,,,,,,,,,,,,,,,,214,,214,,,,,,,,,,,,,,,,,,,,,,,,,,,,,,,,,,,,,,,,,,,,,,,,,,,,,,,,,,,,,
,,,,,,,,,,,,,,,,,,,,,,,,,,,,,,,,,,,,214,214,214,,,,,,,,,,,,,,,,,,,,,,,,,,,,,,,,,,,,,,,,,,,,,,,,,,,,,,,,,,,,,
,,,,,,,,,,,,,,,,,,,,,,,,,,,,,,,,,,,,,,,,,,,,,,,,,,,,,,,,,,,,,,,,,,,,,,,,,,,,,,,,,,,,,,,,,,,,,,,,,,,
,,,,,,,,,,,,,,,,,,,,,,,,,,,,,,,,,,,,,,,,,,,,,,,,,,,,,,,,,,,,,,,,,,,,,,,,,,,,,,,,,,,,,,,,,,,,,,,,,,,
,,,,,,,,,,,,,,,,,,,,,,,,,,,,,,,,,,,,,,,,,,,,,,,,,,,,,,,,,,,,,,,,,,,,,,,,,,,,,,,,,,,,,,,,,,,,,,,,,,,
,,,,,,,,,,,,,,,,,,,,,,,,,,,,,,,,,,,,,,,,,,,,,,,,,,,,,,,,,,,,,,,,,,,,,,,,,,,,,,,,,,,,,,,,,,,,,,,,,,,
,,,,,,,,,,,,,,,,,,,,,,,,,,,,,,,,,,,,,,,,,,,,,,,,,,,,,,,,,,,,,,,,,,,,,,,,,,,,,,,,,,,,,,,,,,,,,,,,,,,
,,,,,,,,,,,,,,,,,,,,,,,,,,,,,,,,,,,,,,,,,,,,,,,,,,,,,,,,,,,,,,,,,,,,,,,,,,,,,,,,,,,,,,,,,,,,,,,,,,,
,,,,,,,,,,,,,,,,,,,,,,,,,,,,,,,,,,,,,,,,,,,,,,,,,,,,,,,,,,,,,,,,,,,,,,,,,,,,,,,,,,,,,,,,,,,,,,,,,,,
,,,,,,,,,,,,,,,,,,,,,,,,,,,,,,,,,,,,,,,,,,,,,,,,,,,,,,,,,,,,,,,,,,,,,,,,,,,,,,,,,,,,,,,,,,,,,,,,,,,
,,,,,,,,,,,,,,,,,,,,,,,,,,,,,,,,,,,,,,,,,,,,,,,,,,,,,,,,,,,,,,,,,,,,,,,,,,,,,,,,,,,,,,,,,,,,,,,,,,,
,,,,,,,,,,,,,,,,,,,,,,,,,,,,,,,,,,,,,,,,,,,,,,,,,,,,,,,,,,,,,,,,,,,,,,,,,,,,,,,,,,,,,,,,,,,,,,,,,,,
,,,,,,,,,,,,,,,,,,,,,,,,,,,,,,,,,,,,,,,,,,,,,,,,,,,,,,,,,,,,,,,,,,,,,,,,,,,,,,,,,,,,,,,,,,,,,,,,,,,
,,,,,,,,,,,,,,,,,,,,,,,,,,,,,,,,,,,,,,,,,,,,,,,,,,,,,,,,,,,,,,,,,,,,,,,,,,,,,,,,,,,,,,,,,,,,,,,,,,,
,,,,,,,,,,,,,,,,,,,,,,,,,,,,,,,,,,,,,,,,,,,,,,,,,,,,,,,,,,,,,,,,,,,,,,,,,,,,,,,,,,,,,,,,,,,,,,,,,,,
,,,,,,,,,,,,,,,,,,,,,,,,,,,,,,,,,,,,,,,,,,,,,,,,,,,,,,,,,,,,,,,,,,,,,,,,,,,,,,,,,,,,,,,,,,,,,,,,,,,
,,,,,,,,,,,,,,,,,,,,,,,,,,,,,,,,,,,,,,,,,,,,,,,,,,,,,,,,,,,,,,,,,,,,,,,,,,,,,,,,,,,,,,,,,,,,,,,,,,,
,,,,,,,,,,,,,,,,,,,,,,,,,,,,,,,,,,,,,,,,,,,,,,,,,,,,,,,,,,,,,,,,,,,,,,,,,,,,,,,,,,,,,,,,,,,,,,,,,,,
,,,,,,,,,,,,,,,,,,,,,,,,,,,,,,,,,,,,,,,,,,,,,,,,,,,,,,,,,,,,,,,,,,,,,,,,,,,,,,,,,,,,,,,,,,,,,,,,,,,
,,,,,,,,,,,,,,,,,,,,,,,,,,,,,,,,,,,,,,,,,,,,,,,,,,,,,,,,,,,,,,,,,,,,,,,,,,,,,,,,,,,,,,,,,,,,,,,,,,,
,,,,,,,,,,,,,,,,,,,,,,,,,,,,,,,,,,,,,,,,,,,,,,,,,,,,,,,,,,,,,,,,,,,,,,,,,,,,,,,,,,,,,,,,,,,,,,,,,,,
,,,,,,,,,,,,,,,,,,,,,,,,,,,,,,,,,,,,,,,,,,,,,,,,,,,,,,,,,,,,,,,,,,,,,,,,,,,,,,,,,,,,,,,,,,,,,,,,,,,
BigDecor: 
,,,,,,,,,,,,,,,,,,,,,,,,,,,,,,,,,,,,,,,,,,,,,,,,,,,,,,,,,,,,,,,,,,,,,,,,,,,,,,,,,,,,,,,,,,,,,,,,,,,
,,,,,,,,,,,,,,,,,,,,,,,,,,,,,,,,,,,,,,,,,,,,,,,,,,,,,,,,,,,,,,,,,,,,,,,,,,,,,,,,,,,,,,,,,,,,,,,,,,,
,,,,,,,,,,,,,,,,,,,,,,,,,,,,,,,,,,,,,,,,,,,,,,,,,,,,,,,,,,,,,,,,,,,,,,,,,,,,,,,,,,,,,,,,,,,,,,,,,,,
,,,,,,,,,,,,,,,,,,,,,,,,,,,,,,,,,,,,,,,,,,,,,,,,,,,,,,,,,,,,,,,,,,,,,,,,,,,,,,,,,,,,,,,,,,,,,,,,,,,
,,,,,,,,,,,,,,,,,,,,,,,,,,,,,,,,,,,,,,,,,,,,,,,,,,,,,,,,,,,,,,,,,,,,,,,,,,,,,,,,,,,,,,,,,,,,,,,,,,,
,,,,,,,,,,,,,,,,,,,,,,,,,,,,,,,,,,,,,,,,,,,,,,,,,,,,,,,,,,,,,,,,,,,,,,,,,,,,,,,,,,,,,,,,,,,,,,,,,,,
,,,,,,,,,,,,,,,,,,,,,,,,,,,,,,,,,,,,,,,,,,,,,,,,,,,,,23,,,,,,,,,,,,,,,,,,,,,,,,,,,,,,,,,,,,,,,,,,,,,,
,,,,,,,,,,,,,,,,,,,,,,,,,,,,,,,,,,,,,,,,,,,,,,,,,,,,,25,,,,,,,,,,,,,,,,,,,,,,,,,,,,,,,,,,,,,,,,,,,,,,
,,,,,,,,,,,,,,,,,,,,,,,,,,,,,,,,,,,,,,,,,,,,,,,,,,,,,25,,,,,,,,,,,,,,,,,,,,,,,,,,,,,,,,,,,,,,,,,,,,,,
,,,,,,,,,,,,,,,,,,,,,,,,,,,,,,,,,,,,,,,,,,,,,,,,,,,,,25,,,,,,,,,,,,,,,,,,,,,,,,,,,,,,,,,,,,,,,,,,,,,,
,,,,,,,,,,,,,,,,,,,,,,,,,,,,,,,,,,,,,,,,,,,,,,,,,,,,,23,,,,,,,,,,,,,,,,,,,,,,,,,,,,,,,,,,,,,,,,,,,,,,
,,,,,,,,,,,,,,,,,,,,,,,,,,,,,,,,,,,,,,,,,,,,,,,,,,,,,24,,,,,,,,,,,,,,,,,,,,,,,,,,,,,,,,,,,,,,,,,,,,,,
,,,,,,,,,,,,,,,,,,,,,,,,,,,,,,,,,,,,,,,,,,,,,,,,,,,,,,,,,,,,,,,,,,,,,,,,,,,,,,,,,,,,,,,,,,,,,,,,,,,
,,,,,,,,,,,,,,,,,,,,,,,,,,,,,,,,,,,,,,,,,,,,,,,,,,,,24,,,,,,,,,,,,,,,,,,,,,,,,,,,,,,,,,,,,,,,,,,,,,,,
,,,,,,,,,,,,,,,,,,,,,,,,,,,,,,,,,,,,,,,,,,,,,,,,,,,,,,,,,,,,,,,,,,,,,,,,,,,,,,,,,,,,,,,,,,,,,,,,,,,
,,,,,,,,,,,,,,,,,,,,,,,,,,,,,,,,,,,,,,,,,,,,,,,,,,,,,23,,,,,,,,,,,,,,,,,,,,,,,,,,,,,,,,,,,,,,,,,,,,,,
,,,,,,,,,,,,,,,,,,,,,,,,,,,,,,,,,,,,,,,,,,,,,,,,,,,,,24,,,,,,,,,,,,,,,,,,,,,,,,,,,,,,,,,,,,,,,,,,,,,,
,,,,,,,,24,,,,,,,,,,,,,,,,,,,,,,,,,,,,,,,,,,,,,,,,,,,,,25,,,,,,,,,,,,,,,,,,,,,,,,,,,,,,,,,,,,,,,,,,,,,,
,,,,25,,,,,,,,,,,,,,,,,,,,,,,,,,,,,,,,,,,,,,,,,,,,,,,,,23,,,,,,,,,,,,,,,,,,,,,,,,,,,,,,,,,,,,,,,,,,,,,,
,,,,,,,,23,,,,,,,,,,,,,,,,,,,,,,,,,,,,,,,,,,,,,,,,,,,,,,,,,,,,,,,,,,,,,,,,,,,,,,,,,,,,,,,,,,,,,,,,,,,
,,,,,,24,,,,,,,,,,,,,,,,,,,,,,,,,,,,,,,,,,,,,,,,,,,,,,,25,,,,,,,,,,,,,,,,,,,,,,,,,,,,,,,,,,,,,,,,,,,,,,
,,,,,,,,25,,,,,,,,,,,,,,,,,,,,,,,,,,,,,,,,,,,,,,,,,,,,,25,,,,,,,,,,,,,,,,,,,,,,,,,,,,,,,,,,,,,,,,,,,,,,
,,,,23,,,,,,,,,,,,,,,,,,,,,,,,,,,,,,,,,,,,,,,,,,,,,,,,,24,,,,,,,,,,,,,,,,,,,,,,,,,,,,,,,,,,,,,,,,,,,,,,
,,,,,,,,24,,,,,,,,,,,,,,,,,,,,,,,,,,,,,,,,,,,,,,,,,,,,,25,,,,,,,,,,,,,,,,,,,,,,,,,,,,,,,,,,,,,,,,,,,,,,
,,,,,,,,,,,,,,,,,,,,,,,,,,,,,,,,,,,,,,,,,,,,,,,,,,,,,23,,,,,,,,,,,,,,,,,,,,,,,,,,,,,,,,,,,,,,,,,,,,,,
,,,,,,,,,,,,,,,,,,,,,,,,,,,,,,,,,,,,,,,,,,,,,,,,,,,,,24,,,,,,,,,,,,,,,,,,,,,,,,,,,,,,,,,,,,,,,,,,,,,,
,,,,,,,,,,,,,,,,,,,,,,,,,,,,,,,,,,,,,,25,,,,,,,24,,,,,,,,,,,,,,,,,,,,,,,,,,,,,,,,,,,,,,,,,,,,,,,,,,,,,,
,,,,,,,,,,,,,,,,,,,,,,,,,,,,,,,,,,,,,,,,,,,,,23,,,,24,,,,,,,,,,,,,,,,,,,,,,,,,,,,,,,,,,,,,,,,,,,,,,,,,,
,,,,,,,,,,,,,,,,,,,,,,,,,,,,,,,,,,,,,,,,,,,,,24,,,,23,,,,,,,,,,,,,,,,,,,,,,,,,,,,,,,,,,,,,,,,,,,,,,,,,,
,,,,,,,,,,,,,,,,,,,,,,,,,,,,,,,,,,,,,,,,,,,,,,,,,25,,,,,,,,,,,,,,,,,,,,,,,,,,,,,,,,,,,,,,,,,,,,,,,,,,
,,,,,,,,,,,,,,,,,,,,,,,,,,,,,,,,,,,,,,,,,,,,,,,,,24,,,,,,,,,,,,,,,,,,,,,,,,,,,,,,,,,,,,,,,,,,,,,,,,,,
,,,,,,,,,,,,,,,,,,,,,,,,,,,,,,,,,23,,,,,,,,,,,,23,,,,24,,,,,,,,,,,,,,,,,,,,,,,,,,,,,,,,,,,,,,,,,,,,,,,,,,
,,,,,,,,,,,,,,,,,,,,,,,,,,,,,,,,,23,,,,,,,,,,24,,25,,,,24,,,,,,,,,,,,,,,,,,,,,,,,,,,,,,,,,,,,,,,,,,,,,,,,,,
,,,,,,,,,,,,,,,,,,,,,,,,,,,,,,,,,25,,,,,,,,,,,,23,,,,23,,,,,,,,,,,,,,,,,,,,,,,,,,,,,,,,,,,,,,,,,,,,,,,,,,
,,,,,,,,,,,,,,,,,,,,,,,,,,,,,,,,,24,,,,25,,,,,,,,23,,,,25,,,,,,,,,,,,,,,,,,,,,,,,,,,,,,,,,,,,,,,,,,,,,,,,,,
,,,,,,,,,,,,,,,,,,,,,,,,,,,,,,,,,23,,,,,,,,,,,,,,,,25,,,,,,,,,,,,,,,,,,,,,,,,,,,,,,,,,,,,,,,,,,,,,,,,,,
,,,,,,,,,,,,,,,,,,,,,,,,,,,,,,,,,23,,,,,,,,,,24,,,,,,,,,,,,,,,,,,,,,,,,,,,,,,,,,,,,,,,,,,,,,,,,,,,,,,,,
,,,,,,,,,,,,,,,,,,,,,,,,,,,,,,,,,25,,,,,,,,,,,,,,,,,,,,,,,,,,,,,,,,,,,,,,,,,,,,,,,,,,,,,,,,,,,,,,,,,,
,,,,,,,,,,,,,,,,,,,,,,,,,,,,,,,,,,,,,,,,,,,,,25,,,,23,,,,,,,,,,,,,,,,,,,,,,,,,,,,,,,,,,,,,,,,,,,,,,,,,,
,,,,,,,,,,,,,,,,,,,,,,,,,,,,,,,,,,,,,,,,,,,,,24,,,,24,,,,,,,,,,,,,,,,,,,,,,,,,,,,,,,,,,,,,,,,,,,,,,,,,,
,,,,,,,,,,,,,,,,,,,,,,,,,,,,,,,,,,,,,,,,,,,,,23,,,,,,,,,,,,,,,,,,,,,,,,,,,,,,,,,,,,,,,,,,,,,,,,,,,,,,
,,,,,,,,,,,,,,,,,,,,,,,,,,,,,,,,,,,,,,,,,,,,,,,,,,,,,,,,,,,,,,,,,,,,,,,,,,,,,,,,,,,,,,,,,,,,,,,,,,,
,,,,,,,,,,,,,,,,,,,,,,,,,,,,,,,,,,,,,,,,,,,,,,,,,,,,,,,,,,,,,,,,,,,,,,,,,,,,,,,,,,,,,,,,,,,,,,,,,,,
,,,,,,,,,,,,,,,,,,,,,,,,,,,,,,,,,,,,,,,,,,,,,,,,,,24,,,,,,,,,,,,,,,,,,,,,,,,,,,,,,,,,,,,,,,,,,,,,,,,,
,,,,,,,,,,,,,,,,,,,,,,,,,,,,,,,,,,,,,,,,,,,,,,,,,,,,,,,,,,,,,,,,,,,,,,,,,,,,,,,,,,,,,,,,,,,,,,,,,,,
,,,,,,,,,,,,,,,,,,,,,,,,,,,,,,,,,,,,,,,,,,,,,,,,,,,,,,,,,,,,,,,,,,,,,,,,,,,,,,,,,,,,,,,,,,,,,,,,,,,
,,,,,,,,,,,,,,,,,,,,,,,,,,,,,,,,,,,,,,,,,,,,,,,,,,,,,,,,,,,,,,,,,,,,,,,,,,,,,,,,,,,,,,,,,,,,,,,,,,,
,,,,,,,,,,,,,,,,,,,,,,,,,,,,,,,,,,,,,,,,,,,,,,,,,,,,,,,,,,,,,,,,,,,,,,,,,,,,,,,,,,,,,,,,,,,,,,,,,,,
,,,,,,,,,,,,,,,,,,,,,,,,,,,,,,,,,,,,,,,,,,,,,,,,,,,,,,,,,,,,,,,,,,,,,,,,,,,,,,,,,,,,,,,,,,,,,,,,,,,
,,,,,,,,,,,,,,,,,,,,,,,,,,,,,,,,,,,,,,,,,,,,,,,,,,,,,,,,,,,,,,,,,,,,,,,,,,,,,,,,,,,,,,,,,,,,,,,,,,,
,,,,,,,,,,,,,,,,,,,,,,,,,,,,,,,,,,,,,,,,,,,,,,,,,,,,,,,,,,,,,,,,,,,,,,,,,,,,,,,,,,,,,,,,,,,,,,,,,,,
,,,,,,,,,,,,,,,,,,,,,,,,,,,,,,,,,,,,,,,,,,,,,,,,,,25,,,,,,,,,,,,,,,,,,,,,,,,,,,,,,,,,,,,,,,,,,,,,,,,,
,,,,,,,,,,,,,,,,,,,,,,,,,,,,,,,,,,,,,,,,23,,,,,,,,,,,,,,,,,,,,,,,,,,,,,,,,,,,,,,,,,,,,,,,,,,,,,,,,,,,
,,,,,,,,,,,,,,,,,,,,,,,,,,,,,,,,,,,,,,24,,25,,,,,,,,,,,,,,,,,,,,,,,,,,,,,,,,,,,,,,,,,,,,,,,,,,,,,,,,,,,
,,,,,,,,,,,,,,,,,,,,,,,,,,,,,,,,,,,,,,24,,,,,,,,,,,,24,,,,,,,,,,,,,,,,,,,,,,,,,,,,,,,,,,,,,,,,,,,,,,,,,
,,,,,,,,,,,,,,,,,,,,,,,,,,,,,,,,,,,,,,23,,24,,,,,,,,,,25,,,,,,,,,,,,,,,,,,,,,,,,,,,,,,,,,,,,,,,,,,,,,,,,,
,,,,,,,,,,,,,,,,,,,,,,,,,,,,,,,,,,,,,,25,,,,,,,,,,,,23,,,,,,,,,,,,,,,,,,,,,,,,,,,,,,,,,,,,,,,,,,,,,,,,,
,,,,,,,,,,,,,,,,,,,,,,,,,,,,,,,,,,,,,,,,,,,,,,,,,,,,,,,,,,,,,,,,,,,,,,,,,,,,,,,,,,,,,,,,,,,,,,,,,,,
,,,,,,,,,,,,,,,,,,,,,,,,,,,,,,,,,,,,,,,,23,,,,,,,,,,,,,,,,,,,,,,,,,,,,,,,,,,,,,,,,,,,,,,,,,,,,,,,,,,,
,,,,,,,,,,,,,,,,,,,,,,,,,,,,,,,,,,,,,,,,24,,,,,,,,,,,,,,,,,,,,,,,,,,,,,,,,,,,,,,,,,,,,,,,,,,,,,,,,,,,
,,,,,,,,,,,,,,,,,,,,,,,,,,,,,,,,,,,,,,,,25,,,,,,,,,,,,,,,,,,,,,,,,,,,,,,,,,,,,,,,,,,,,,,,,,,,,,,,,,,,
,,,,,,,,,,,,,,,,,,,,,,,,,,,,,,,,,,,,,,,,,,,,,,,,,,,,,,,,,,,,,,,,,,,,,,,,,,,,,,,,,,,,,,,,,,,,,,,,,,,
,,,,,,,,,,,,,,,,,,,,,,,,,,,,,,,,,,,,,,,23,,,,,,,,,,,,,,,,,,,,,,,,,,,,,,,,,,,,,,,,,,,,,,,,,,,,,,,,,,,,
,,,,,,,,,,,,,,,,,,,,,,,,,,,,,,,,,,,,,,,,,,,,,,,,,,,,,,,,,,,,,,,,,,,,,,,,,,,,,,,,,,,,,,,,,,,,,,,,,,,
,,,,,,,,,,,,,,,,,,,,,,,,,,,,,,,,,,,,,,,,,,,,,,,,,,,,,,,,,,,,,,,,,,,,,,,,,,,,,,,,,,,,,,,,,,,,,,,,,,,
,,,,,,,,,,,,,,,,,,,,,,,,,,,,,,,,,,,,,,,,,,,,,,,,,,,,,,,,,,,,,,,,,,,,,,,,,,,,,,,,,,,,,,,,,,,,,,,,,,,
,,,,,,,,,,,,,,,,,,,,,,,,,,,,,,,,,,,,,,,,,,,,,,,,,,,,,,,,,,,,,,,,,,,,,,,,,,,,,,,,,,,,,,,,,,,,,,,,,,,
,,,,,,,,,,,,,,,,,,,,,,,,,,,,,,,,,,,,,,,,,,,,,,,,,,,,,,,,,,,,,,,,,,,,,,,,,,,,,,,,,,,,,,,,,,,,,,,,,,,
,,,,,,,,,,,,,,,,,,,,,,,,,,,,,,,,,,,,,,,,,,,,,,,,,,,,,,,,,,,,,,,,,,,,,,,,,,,,,,,,,,,,,,,,,,,,,,,,,,,
,,,,,,,,,,,,,,,,,,,,,,,,,,,,,,,,,,,,,,,,,,,,,,,,,,,,,,,,,,,,,,,,,,,,,,,,,,,,,,,,,,,,,,,,,,,,,,,,,,,
,,,,,,,,,,,,,,,,,,,,,,,,,,,,,,,,,,,,,,,,,,,,,,,,,,,,,,,,,,,,,,,,,,,,,,,,,,,,,,,,,,,,,,,,,,,,,,,,,,,
,,,,,,,,,,,,,,,,,,,,,,,,,,,,,,,,,,,,,,,,,,,,,,,,,,,,,,,,,,,,,,,,,,,,,,,,,,,,,,,,,,,,,,,,,,,,,,,,,,,
,,,,,,,,,,,,,,,,,,,,,,,,,,,,,,,,,,,,,,,,,,,,,,,,,,,,,,,,,,,,,,,,,,,,,,,,,,,,,,,,,,,,,,,,,,,,,,,,,,,
,,,,,,,,,,,,,,,,,,,,,,,,,,,,,,,,,,,,,,,,,,,,,,,,,,,,,,,,,,,,,,,,,,,,,,,,,,,,,,,,,,,,,,,,,,,,,,,,,,,
,,,,,,,,,,,,,,,,,,,,,,,,,,,,,,,,,,,,,,,,,,,,,,,,,,,,,,,,,,,,,,,,,,,,,,,,,,,,,,,,,,,,,,,,,,,,,,,,,,,
,,,,,,,,,,,,,,,,,,,,,,,,,,,,,,,,,,,,,,,,,,,,,,,,,,,,,,,,,,,,,,,,,,,,,,,,,,,,,,,,,,,,,,,,,,,,,,,,,,,
,,,,,,,,,,,,,,,,,,,,,,,,,,,,,,,,,,,,,,,,,,,,,,,,,,,,,,,,,,,,,,,,,,,,,,,,,,,,,,,,,,,,,,,,,,,,,,,,,,,
,,,,,,,,,,,,,,,,,,,,,,,,,,,,,,,,,,,,,,,,,,,,,,,,,,,,,,,,,,,,,,,,,,,,,,,,,,,,,,,,,,,,,,,,,,,,,,,,,,,
,,,,,,,,,,,,,,,,,,,,,,,,,,,,,,,,,,,,,,,,,,,,,,,,,,,,,,,,,,,,,,,,,,,,,,,,,,,,,,,,,,,,,,,,,,,,,,,,,,,
,,,,,,,,,,,,,,,,,,,,,,,,,,,,,,,,,,,,,,,,,,,,,,,,,,,,,,,,,,,,,,,,,,,,,,,,,,,,,,,,,,,,,,,,,,,,,,,,,,,
,,,,,,,,,,,,,,,,,,,,,,,,,,,,,,,,,,,,,,,,,,,,,,,,,,,,,,,,,,,,,,,,,,,,,,,,,,,,,,,,,,,,,,,,,,,,,,,,,,,
,,,,,,,,,,,,,,,,,,,,,,,,,,,,,,,,,,,,,,,,,,,,,,,,,,,,,,,,,,,,,,,,,,,,,,,,,,,,,,,,,,,,,,,,,,,,,,,,,,,
,,,,,,,,,,,,,,,,,,,,,,,,,,,,,,,,,,,,,,,,,,,,,,,,,,,,,,,,,,,,,,,,,,,,,,,,,,,,,,,,,,,,,,,,,,,,,,,,,,,
,,,,,,,,,,,,,,,,,,,,,,,,,,,,,,,,,,,,,,,,,,,,,,,,,,,,,,,,,,,,,,,,,,,,,,,,,,,,,,,,,,,,,,,,,,,,,,,,,,,
,,,,,,,,,,,,,,,,,,,,,,,,,,,,,,,,,,,,,,,,,,,,,,,,,,,,,,,,,,,,,,,,,,,,,,,,,,,,,,,,,,,,,,,,,,,,,,,,,,,
,,,,,,,,,,,,,,,,,,,,,,,,,,,,,,,,,,,,,,,,,,,,,,,,,,,,,,,,,,,,,,,,,,,,,,,,,,,,,,,,,,,,,,,,,,,,,,,,,,,
,,,,,,,,,,,,,,,,,,,,,,,,,,,,,,,,,,,,,,,,,,,,,,,,,,,,,,,,,,,,,,,,,,,,,,,,,,,,,,,,,,,,,,,,,,,,,,,,,,,
,,,,,,,,,,,,,,,,,,,,,,,,,,,,,,,,,,,,,,,,,,,,,,,,,,,,,,,,,,,,,,,,,,,,,,,,,,,,,,,,,,,,,,,,,,,,,,,,,,,
,,,,,,,,,,,,,,,,,,,,,,,,,,,,,,,,,,,,,,,,,,,,,,,,,,,,,,,,,,,,,,,,,,,,,,,,,,,,,,,,,,,,,,,,,,,,,,,,,,,
,,,,,,,,,,,,,,,,,,,,,,,,,,,,,,,,,,,,,,,,,,,,,,,,,,,,,,,,,,,,,,,,,,,,,,,,,,,,,,,,,,,,,,,,,,,,,,,,,,,
,,,,,,,,,,,,,,,,,,,,,,,,,,,,,,,,,,,,,,,,,,,,,,,,,,,,,,,,,,,,,,,,,,,,,,,,,,,,,,,,,,,,,,,,,,,,,,,,,,,
,,,,,,,,,,,,,,,,,,,,,,,,,,,,,,,,,,,,,,,,,,,,,,,,,,,,,,,,,,,,,,,,,,,,,,,,,,,,,,,,,,,,,,,,,,,,,,,,,,,
,,,,,,,,,,,,,,,,,,,,,,,,,,,,,,,,,,,,,,,,,,,,,,,,,,,,,,,,,,,,,,,,,,,,,,,,,,,,,,,,,,,,,,,,,,,,,,,,,,,
,,,,,,,,,,,,,,,,,,,,,,,,,,,,,,,,,,,,,,,,,,,,,,,,,,,,,,,,,,,,,,,,,,,,,,,,,,,,,,,,,,,,,,,,,,,,,,,,,,,
,,,,,,,,,,,,,,,,,,,,,,,,,,,,,,,,,,,,,,,,,,,,,,,,,,,,,,,,,,,,,,,,,,,,,,,,,,,,,,,,,,,,,,,,,,,,,,,,,,,
,,,,,,,,,,,,,,,,,,,,,,,,,,,,,,,,,,,,,,,,,,,,,,,,,,,,,,,,,,,,,,,,,,,,,,,,,,,,,,,,,,,,,,,,,,,,,,,,,,,
,,,,,,,,,,,,,,,,,,,,,,,,,,,,,,,,,,,,,,,,,,,,,,,,,,,,,,,,,,,,,,,,,,,,,,,,,,,,,,,,,,,,,,,,,,,,,,,,,,,
,,,,,,,,,,,,,,,,,,,,,,,,,,,,,,,,,,,,,,,,,,,,,,,,,,,,,,,,,,,,,,,,,,,,,,,,,,,,,,,,,,,,,,,,,,,,,,,,,,,
,,,,,,,,,,,,,,,,,,,,,,,,,,,,,,,,,,,,,,,,,,,,,,,,,,,,,,,,,,,,,,,,,,,,,,,,,,,,,,,,,,,,,,,,,,,,,,,,,,,
,,,,,,,,,,,,,,,,,,,,,,,,,,,,,,,,,,,,,,,,,,,,,,,,,,,,,,,,,,,,,,,,,,,,,,,,,,,,,,,,,,,,,,,,,,,,,,,,,,,
MoveObject: type=2 stepAdvance=1 stepRecede=1 timeStopStart=0 timeStopEnd=0 posStart=2114;2500 posEnd=2114;2500 posCurrent=2114;2500 step=1 time=0 phase=382 channel=10 icon=13 
MoveObject: type=2 stepAdvance=1 stepRecede=1 timeStopStart=0 timeStopEnd=0 posStart=2306;2500 posEnd=2306;2500 posCurrent=2306;2500 step=1 time=0 phase=382 channel=10 icon=13 
MoveObject: type=6 stepAdvance=1 stepRecede=1 timeStopStart=0 timeStopEnd=0 posStart=1666;2504 posEnd=1666;2504 posCurrent=1666;2504 step=1 time=0 phase=382 channel=10 icon=28 
MoveObject: type=6 stepAdvance=1 stepRecede=1 timeStopStart=0 timeStopEnd=0 posStart=1730;2504 posEnd=1730;2504 posCurrent=1730;2504 step=1 time=0 phase=382 channel=10 icon=28 
MoveObject: type=1 stepAdvance=50 stepRecede=50 timeStopStart=10 timeStopEnd=10 posStart=2880;3328 posEnd=3200;3328 posCurrent=2880;3328 step=1 time=10 phase=382 channel=1 icon=29 
MoveObject: type=33 stepAdvance=10 stepRecede=10 timeStopStart=23 timeStopEnd=23 posStart=832;3392 posEnd=896;3392 posCurrent=883;3392 step=2 time=8 phase=382 channel=12 icon=238 
MoveObject: type=3 stepAdvance=1 stepRecede=1 timeStopStart=0 timeStopEnd=0 posStart=3074;3200 posEnd=3074;3200 posCurrent=3074;3200 step=1 time=0 phase=382 channel=10 icon=49 
MoveObject: type=3 stepAdvance=1 stepRecede=1 timeStopStart=0 timeStopEnd=0 posStart=3010;3200 posEnd=3010;3200 posCurrent=3010;3200 step=1 time=0 phase=382 channel=10 icon=49 
MoveObject: type=2 stepAdvance=1 stepRecede=1 timeStopStart=0 timeStopEnd=0 posStart=2946;3396 posEnd=2946;3396 posCurrent=2946;3396 step=1 time=0 phase=382 channel=10 icon=13 
MoveObject: type=2 stepAdvance=1 stepRecede=1 timeStopStart=0 timeStopEnd=0 posStart=3138;3396 posEnd=3138;3396 posCurrent=3138;3396 step=1 time=0 phase=382 channel=10 icon=13 
MoveObject: type=7 stepAdvance=1 stepRecede=1 timeStopStart=0 timeStopEnd=0 posStart=2178;2180 posEnd=2178;2180 posCurrent=2178;2180 step=1 time=0 phase=382 channel=10 icon=36 
MoveObject: type=1 stepAdvance=36 stepRecede=36 timeStopStart=3 timeStopEnd=3 posStart=2048;2880 posEnd=2048;2496 posCurrent=2048;2592 step=4 time=9 phase=382 channel=1 icon=153 
MoveObject: type=1 stepAdvance=36 stepRecede=36 timeStopStart=3 timeStopEnd=3 posStart=2368;2880 posEnd=2368;2496 posCurrent=2368;2592 step=4 time=9 phase=382 channel=1 icon=153 
MoveObject: type=5 stepAdvance=1 stepRecede=1 timeStopStart=0 timeStopEnd=0 posStart=2050;1348 posEnd=2050;1348 posCurrent=2050;1348 step=1 time=0 phase=382 channel=10 icon=5 
MoveObject: type=5 stepAdvance=1 stepRecede=1 timeStopStart=0 timeStopEnd=0 posStart=2050;1412 posEnd=2050;1412 posCurrent=2050;1412 step=1 time=0 phase=382 channel=10 icon=5 
MoveObject: type=5 stepAdvance=1 stepRecede=1 timeStopStart=0 timeStopEnd=0 posStart=2242;2436 posEnd=2242;2436 posCurrent=2242;2436 step=1 time=0 phase=382 channel=10 icon=5 
MoveObject: type=5 stepAdvance=1 stepRecede=1 timeStopStart=0 timeStopEnd=0 posStart=2178;2436 posEnd=2178;2436 posCurrent=2178;2436 step=1 time=0 phase=382 channel=10 icon=5 
MoveObject: type=5 stepAdvance=1 stepRecede=1 timeStopStart=0 timeStopEnd=0 posStart=2050;1476 posEnd=2050;1476 posCurrent=2050;1476 step=1 time=0 phase=382 channel=10 icon=5 
MoveObject: type=5 stepAdvance=1 stepRecede=1 timeStopStart=0 timeStopEnd=0 posStart=2050;1540 posEnd=2050;1540 posCurrent=2050;1540 step=1 time=0 phase=382 channel=10 icon=5 
MoveObject: type=1 stepAdvance=72 stepRecede=72 timeStopStart=3 timeStopEnd=3 posStart=1920;2240 posEnd=1920;3008 posCurrent=1920;2986 step=2 time=70 phase=382 channel=1 icon=153 
MoveObject: type=1 stepAdvance=72 stepRecede=72 timeStopStart=3 timeStopEnd=3 posStart=2496;2240 posEnd=2496;3008 posCurrent=2496;2986 step=2 time=70 phase=382 channel=1 icon=153 
MoveObject: type=1 stepAdvance=48 stepRecede=48 timeStopStart=3 timeStopEnd=3 posStart=2688;2944 posEnd=3200;2688 posCurrent=3126;2725 step=4 time=7 phase=382 channel=1 icon=75 
MoveObject: type=1 stepAdvance=48 stepRecede=48 timeStopStart=3 timeStopEnd=3 posStart=2752;2944 posEnd=3264;2688 posCurrent=3190;2725 step=4 time=7 phase=382 channel=1 icon=74 
MoveObject: type=4 stepAdvance=180 stepRecede=180 timeStopStart=20 timeStopEnd=20 posStart=3456;2624 posEnd=3840;2624 posCurrent=3501;2624 step=4 time=159 phase=382 channel=10 icon=65 
MoveObject: type=32 stepAdvance=24 stepRecede=24 timeStopStart=25 timeStopEnd=25 posStart=1472;3392 posEnd=1280;3328 posCurrent=1280;3328 step=3 time=25 phase=382 channel=12 icon=274 
MoveObject: type=4 stepAdvance=120 stepRecede=120 timeStopStart=20 timeStopEnd=20 posStart=3648;2496 posEnd=3392;2496 posCurrent=3484;2496 step=2 time=77 phase=382 channel=10 icon=66 
MoveObject: type=5 stepAdvance=1 stepRecede=1 timeStopStart=0 timeStopEnd=0 posStart=2178;1540 posEnd=2178;1540 posCurrent=2178;1540 step=1 time=0 phase=382 channel=10 icon=5 
MoveObject: type=5 stepAdvance=1 stepRecede=1 timeStopStart=0 timeStopEnd=0 posStart=2178;1476 posEnd=2178;1476 posCurrent=2178;1476 step=1 time=0 phase=382 channel=10 icon=5 
MoveObject: type=5 stepAdvance=1 stepRecede=1 timeStopStart=0 timeStopEnd=0 posStart=2178;1412 posEnd=2178;1412 posCurrent=2178;1412 step=1 time=0 phase=382 channel=10 icon=5 
MoveObject: type=5 stepAdvance=1 stepRecede=1 timeStopStart=0 timeStopEnd=0 posStart=2178;1348 posEnd=2178;1348 posCurrent=2178;1348 step=1 time=0 phase=382 channel=10 icon=5 
MoveObject: type=5 stepAdvance=1 stepRecede=1 timeStopStart=0 timeStopEnd=0 posStart=1154;324 posEnd=1154;324 posCurrent=1154;324 step=1 time=0 phase=382 channel=10 icon=5 
MoveObject: type=5 stepAdvance=1 stepRecede=1 timeStopStart=0 timeStopEnd=0 posStart=2306;1348 posEnd=2306;1348 posCurrent=2306;1348 step=1 time=0 phase=382 channel=10 icon=5 
MoveObject: type=5 stepAdvance=1 stepRecede=1 timeStopStart=0 timeStopEnd=0 posStart=2306;1412 posEnd=2306;1412 posCurrent=2306;1412 step=1 time=0 phase=382 channel=10 icon=5 
MoveObject: type=5 stepAdvance=1 stepRecede=1 timeStopStart=0 timeStopEnd=0 posStart=2306;1476 posEnd=2306;1476 posCurrent=2306;1476 step=1 time=0 phase=382 channel=10 icon=5 
MoveObject: type=5 stepAdvance=1 stepRecede=1 timeStopStart=0 timeStopEnd=0 posStart=2306;1540 posEnd=2306;1540 posCurrent=2306;1540 step=1 time=0 phase=382 channel=10 icon=5 
MoveObject: type=32 stepAdvance=16 stepRecede=16 timeStopStart=25 timeStopEnd=25 posStart=1216;3264 posEnd=1088;3328 posCurrent=1120;3312 step=2 time=12 phase=382 channel=13 icon=66 
MoveObject: type=6 stepAdvance=1 stepRecede=1 timeStopStart=0 timeStopEnd=0 posStart=4930;2376 posEnd=4930;2376 posCurrent=4930;2376 step=1 time=0 phase=382 channel=10 icon=28 
MoveObject: type=6 stepAdvance=1 stepRecede=1 timeStopStart=0 timeStopEnd=0 posStart=4866;2376 posEnd=4866;2376 posCurrent=4866;2376 step=1 time=0 phase=382 channel=10 icon=28 
MoveObject: type=6 stepAdvance=1 stepRecede=1 timeStopStart=0 timeStopEnd=0 posStart=4802;2376 posEnd=4802;2376 posCurrent=4802;2376 step=1 time=0 phase=382 channel=10 icon=28 
MoveObject: type=6 stepAdvance=1 stepRecede=1 timeStopStart=0 timeStopEnd=0 posStart=2882;3592 posEnd=2882;3592 posCurrent=2882;3592 step=1 time=0 phase=382 channel=10 icon=28 
MoveObject: type=6 stepAdvance=1 stepRecede=1 timeStopStart=0 timeStopEnd=0 posStart=3202;3592 posEnd=3202;3592 posCurrent=3202;3592 step=1 time=0 phase=382 channel=10 icon=28 
MoveObject: type=5 stepAdvance=1 stepRecede=1 timeStopStart=0 timeStopEnd=0 posStart=1474;324 posEnd=1474;324 posCurrent=1474;324 step=1 time=0 phase=382 channel=10 icon=5 
MoveObject: type=4 stepAdvance=60 stepRecede=60 timeStopStart=20 timeStopEnd=20 posStart=1088;576 posEnd=1216;576 posCurrent=1158;576 step=2 time=33 phase=382 channel=10 icon=58 
MoveObject: type=4 stepAdvance=60 stepRecede=60 timeStopStart=20 timeStopEnd=20 posStart=1408;576 posEnd=1536;576 posCurrent=1478;576 step=2 time=33 phase=382 channel=10 icon=58 
