DescFile: posDecor=500;1200 dimDecor=100;100 world=0 music=6 region=29 blupiPos=898;1478 blupiDir=2 
Decor: 
,,,,,,,,,,,,,,,,,,,,,,,,,,,,,,,,,,,,,,,,,,,,,,,,,,,,,,,,,,,,,,,,,,,,,,,,,,,,,,,,,,,,,,,,,,,,,,,,,,,
,,,,,,,,,,,,,,,,,,,,,,,,,,,,,,,,,,,,,,,,,,,,,,,,,,,,,,,,,,,,,,,,,,,,,,,,,,,,,,,,,,,,,,,,,,,,,,,,,,,
,,,,,,,,,,,,,,,,,,,,,,,,,,,,,,,,,,,,,,,,,,,,,,,,,,,,,,,,,,,,,,,,,,,,,,,,,,,,,,,,,,,,,,,,,,,,,,,,,,,
,,,,,,,,,78,78,78,78,78,78,78,78,78,78,78,78,78,78,78,78,78,78,78,78,78,,,,,,,,,,,,,,,,,,,,,,,,,,,,,,,,,,,,,,,,,,,,,,,,,,,,,,,,,,,,,,,,,,,,,,
,,,,,,,,,78,78,78,78,78,78,78,78,78,78,78,78,78,78,78,78,78,78,78,78,78,,,,,,,,,,,,,,,,,,,,,,,,,,,,,,,,,,,,,,,,,,,,,,,,,,,,,,,,,,,,,,,,,,,,,,
,,,,,,,,,78,78,78,78,78,78,78,78,78,78,78,78,78,78,78,78,78,78,78,78,78,,,,,,,,,,,,,,,,,,,,,,,,,,,,,,,,,,,,,,,,,,,,,,,,,,,,,,,,,,,,,,,,,,,,,,
,,,,,,,,78,78,78,78,78,78,78,78,78,78,78,78,78,78,78,78,78,78,78,78,78,78,,,,,,,,,,,,,,,,,,,,,,,,,,,,,,,,,,,,,,,,,,,,,,,,,,,,,,,,,,,,,,,,,,,,,,
,,,,,,,,,78,78,78,78,78,78,78,78,78,78,78,78,78,78,78,78,78,78,78,78,78,,,,,,,,,,,,,,,,,,,,,,,,,,,,,,,,,,,,,,,,,,,,,,,,,,,,,,,,,,,,,,,,,,,,,,
,,,,,,,,,78,78,78,78,78,78,78,78,78,78,78,78,78,78,78,78,78,78,78,78,78,,,,,,,,,,,,,,,,,,,,,,,,,,,,,,,,,,,,,,,,,,,,,,,,,,,,,,,,,,,,,,,,,,,,,,
,,,,,,,,,78,78,78,78,78,78,78,78,78,78,78,78,78,78,78,78,78,78,78,78,78,,,,,,,,,,,,,,,,,,,,,,,,,,,,,,,,,,,,,,,,,,,,,,,,,,,,,,,,,,,,,,,,,,,,,,
,,,,,,,,,78,78,78,78,78,78,78,78,78,78,78,78,78,78,78,78,78,78,78,78,78,,,,,,,,,,,,,,,,,,,,,,,,,,,,,,,,,,,,,,,,,,,,,,,,,,,,,,,,,,,,,,,,,,,,,,
,,,,,,,,,78,78,78,78,78,78,78,78,78,78,78,78,78,78,78,78,78,78,78,78,78,,,,,,,,,,,,,,,,,,,,,,,,,,,,,,,,,,,,,,,,,,,,,,,,,,,,,,,,,,,,,,,,,,,,,,
,,,,,,,,,78,78,78,78,78,78,78,87,63,63,63,78,63,63,63,78,78,78,78,78,78,,,,,,,,,,,,,,,,,,,,,,,,,,,,,,,,,,,,,,,,,,,,,,,,,,,,,,,,,,,,,,,,,,,,,,
,,,,,,,,,78,78,78,78,78,63,63,,,,,88,,64,,78,78,78,78,78,78,78,78,78,78,78,78,78,78,,,,,,,,,,,,,,,,,,,,,,,,,,,,,,,,,,,,,,,,,,,,,,,,,,,,,,,,,,,,,,
,,,,,,,,,78,78,78,78,78,,,,,,,,,79,201,78,78,78,78,78,78,78,78,78,78,78,78,78,78,,,,,,,,,,,,,,,,,,,,,,,,,,,,,,,,,,,,,,,,,,,,,,,,,,,,,,,,,,,,,,
,,,,,,,,,78,78,78,78,78,,,,,,,89,,63,,78,78,78,78,78,78,78,78,78,78,78,78,78,78,,,,,,,,,,,,,,,,,,,,,,,,,,,,,,,,,,,,,,,,,,,,,,,,,,,,,,,,,,,,,,
,,,,,,,,,78,78,78,78,78,,,90,64,64,64,78,64,64,64,78,78,78,78,78,78,78,78,78,78,78,78,78,78,,,,,,,,,,,,,,,,,,,,,,,,,,,,,,,,,,,,,,,,,,,,,,,,,,,,,,,,,,,,,,
,,,,,,,,,78,78,78,78,78,,,78,78,78,78,78,78,78,78,78,78,78,78,78,78,78,78,78,78,78,78,78,78,,,,,,,,,,,,,,,,,,,,,,,,,,,,,,,,,,,,,,,,,,,,,,,,,,,,,,,,,,,,,,
,,,,,,,,,78,78,78,78,78,,,78,78,78,78,78,78,78,78,78,78,78,78,78,78,78,78,78,78,78,78,78,78,,,,,,,,,,,,,,,,,,,,,,,,,,,,,,,,,,,,,,,,,,,,,,,,,,,,,,,,,,,,,,
,,,,,,,,,78,78,78,78,78,,,78,78,78,78,78,78,78,78,78,78,78,78,78,78,78,78,78,78,78,78,78,78,,,,,,,,,,,,,,,,,,,,,,,,,,,,,,,,,,,,,,,,,,,,,,,,,,,,,,,,,,,,,,
,,,,,,,,,78,78,78,78,78,201,201,78,63,201,64,63,64,63,64,63,64,63,64,63,201,63,78,78,78,78,78,78,78,,,,,,,,,,,,,,,,,,,,,,,,,,,,,,,,,,,,,,,,,,,,,,,,,,,,,,,,,,,,,,
,,,,,,,,,78,78,78,78,78,78,422,78,201,78,78,78,78,78,78,78,78,78,78,78,78,201,78,78,78,78,78,78,78,,,,,,,,,,,,,,,,,,,,,,,,,,,,,,,,,,,,,,,,,,,,,,,,,,,,,,,,,,,,,,
,,,,,,,,,78,78,78,78,78,78,64,201,64,78,78,78,78,78,78,78,78,78,78,78,78,,78,78,78,78,78,78,78,,,,,,,,,,,,,,,,,,,,,,,,,,,,,,,,,,,,,,,,,,,,,,,,,,,,,,,,,,,,,,
,,,,,,,,,78,78,78,78,78,78,78,78,78,78,78,78,78,78,78,78,78,78,78,78,78,,78,78,78,78,78,78,78,,,,,,,,,,,,,,,,,,,,,,,,,,,,,,,,,,,,,,,,,,,,,,,,,,,,,,,,,,,,,,
,,,,,,,,,78,78,78,78,78,78,78,78,78,78,78,78,78,78,78,78,78,78,78,78,78,,78,78,78,78,78,78,78,,,,,,,,,,,,,,,,,,,,,,,,,,,,,,,,,,,,,,,,,,,,,,,,,,,,,,,,,,,,,,
,,,,,,,,,78,78,78,78,78,78,78,78,78,78,78,78,78,78,78,78,78,78,78,78,78,,78,78,78,78,78,78,78,,,,,,,,,,,,,,,,,,,,,,,,,,,,,,,,,,,,,,,,,,,,,,,,,,,,,,,,,,,,,,
,,,,,,,,,78,78,78,78,78,78,78,78,78,78,78,78,78,78,78,78,78,78,78,78,78,201,78,78,78,78,78,78,78,,,,,,,,,,,,,,,,,,,,,,,,,,,,,,,,,,,,,,,,,,,,,,,,,,,,,,,,,,,,,,
,,,,,,,,,78,78,78,78,78,78,78,78,63,63,63,201,63,63,63,78,63,63,63,63,63,,78,78,78,78,78,78,78,,,,,,,,,,,,,,,,,,,,,,,,,,,,,,,,,,,,,,,,,,,,,,,,,,,,,,,,,,,,,,
,,,,,,,,,78,78,78,78,78,78,78,78,,,,78,,,,201,,,,,84,200,78,78,78,78,78,78,78,,,,,,,,,,,,,,,,,,,,,,,,,,,,,,,,,,,,,,,,,,,,,,,,,,,,,,,,,,,,,,
,,,,,,,,,78,78,78,78,78,78,78,78,,,,78,,,,201,,,,,84,200,78,78,78,78,78,78,78,,,,,,,,,,,,,,,,,,,,,,,,,,,,,,,,,,,,,,,,,,,,,,,,,,,,,,,,,,,,,,
,,,,,,,,,78,78,78,78,78,78,78,78,,,64,201,64,64,64,78,64,64,64,64,64,64,78,78,78,78,78,78,78,,,,,,,,,,,,,,,,,,,,,,,,,,,,,,,,,,,,,,,,,,,,,,,,,,,,,,,,,,,,,,
,,,,,,,,,78,78,78,78,78,78,78,78,201,201,78,78,78,78,78,78,78,78,78,78,78,78,78,78,78,78,78,78,78,,,,,,,,,,,,,,,,,,,,,,,,,,,,,,,,,,,,,,,,,,,,,,,,,,,,,,,,,,,,,,
,,,,,,,,,78,78,78,78,78,78,78,78,64,64,64,63,64,63,64,63,64,63,64,63,64,63,78,78,78,78,78,78,78,,,,,,,,,,,,,,,,,,,,,,,,,,,,,,,,,,,,,,,,,,,,,,,,,,,,,,,,,,,,,,
,,,,,,,,,78,78,78,78,78,78,78,78,78,78,78,78,78,78,78,78,78,78,78,78,78,201,78,78,78,78,78,78,78,,,,,,,,,,,,,,,,,,,,,,,,,,,,,,,,,,,,,,,,,,,,,,,,,,,,,,,,,,,,,,
,,,,,,,,,78,78,78,78,78,78,78,78,63,63,63,63,63,63,201,63,63,63,63,63,63,,78,78,78,78,78,78,78,,,,,,,,,,,,,,,,,,,,,,,,,,,,,,,,,,,,,,,,,,,,,,,,,,,,,,,,,,,,,,
,,,,,,,,,78,78,78,78,78,78,78,78,,,,,,,201,,,,,,84,200,78,78,78,78,78,78,78,,,,,,,,,,,,,,,,,,,,,,,,,,,,,,,,,,,,,,,,,,,,,,,,,,,,,,,,,,,,,,
,,,,,,,,,78,78,78,78,78,78,78,78,,,,,,,201,,,,,,84,200,78,78,78,78,78,78,78,,,,,,,,,,,,,,,,,,,,,,,,,,,,,,,,,,,,,,,,,,,,,,,,,,,,,,,,,,,,,,
,,,,,,,,,78,78,78,78,78,78,78,78,,,64,64,64,64,201,64,64,64,64,64,64,64,78,78,78,78,78,78,78,,,,,,,,,,,,,,,,,,,,,,,,,,,,,,,,,,,,,,,,,,,,,,,,,,,,,,,,,,,,,,
,,,,,,,,,78,78,78,78,78,78,78,78,201,201,78,78,78,78,78,78,78,78,78,78,78,78,78,78,78,78,78,78,78,,,,,,,,,,,,,,,,,,,,,,,,,,,,,,,,,,,,,,,,,,,,,,,,,,,,,,,,,,,,,,
,,,,,,,,,78,78,78,78,78,78,78,78,,,78,78,78,78,78,78,78,78,78,78,78,78,78,78,78,78,78,78,78,,,,,,,,,,,,,,,,,,,,,,,,,,,,,,,,,,,,,,,,,,,,,,,,,,,,,,,,,,,,,,
,,,,,,,,,78,78,78,78,78,78,78,78,,,78,78,78,78,78,78,78,78,78,78,78,78,78,78,78,78,78,78,78,,,,,,,,,,,,,,,,,,,,,,,,,,,,,,,,,,,,,,,,,,,,,,,,,,,,,,,,,,,,,,
,,,,,,,,,78,78,78,78,78,78,78,78,,,78,78,78,78,78,78,78,78,78,78,78,78,78,78,78,78,78,78,78,,,,,,,,,,,,,,,,,,,,,,,,,,,,,,,,,,,,,,,,,,,,,,,,,,,,,,,,,,,,,,
,,,,,,,,,78,78,78,78,78,78,78,78,,,78,78,78,78,78,78,78,78,78,78,78,78,78,78,78,78,78,78,78,,,,,,,,,,,,,,,,,,,,,,,,,,,,,,,,,,,,,,,,,,,,,,,,,,,,,,,,,,,,,,
,,,,,,,,,78,78,78,78,78,78,78,78,64,,78,78,78,78,78,78,78,78,78,78,78,78,78,78,78,78,78,78,78,,,,,,,,,,,,,,,,,,,,,,,,,,,,,,,,,,,,,,,,,,,,,,,,,,,,,,,,,,,,,,
,,,,,,,,,78,78,78,78,78,78,78,78,78,200,78,78,78,78,78,78,,,,,,,,,,,,,,,,,,,,,,,,,,,,,,,,,,,,,,,,,,,,,,,,,,,,,,,,,,,,,,,,,,,,,,,,,,,
,,,,,,,,,78,78,78,78,78,78,78,63,63,,78,78,78,78,78,78,,,,,,,,,,,,,,,,,,,,,,,,,,,,,,,,,,,,,,,,,,,,,,,,,,,,,,,,,,,,,,,,,,,,,,,,,,,
,,,,,,,,,78,78,78,78,78,78,78,,,,78,78,78,78,78,78,,,,,,,,,,,,,,,,,,,,,,,,,,,,,,,,,,,,,,,,,,,,,,,,,,,,,,,,,,,,,,,,,,,,,,,,,,,
,,,,,,,,,78,78,78,78,78,78,78,,,,84,78,78,78,78,78,,,,,,,,,,,,,,,,,,,,,,,,,,,,,,,,,,,,,,,,,,,,,,,,,,,,,,,,,,,,,,,,,,,,,,,,,,,
,,,,,,,,,78,78,78,78,78,78,78,,,,78,78,78,78,78,78,,,,,,,,,,,,,,,,,,,,,,,,,,,,,,,,,,,,,,,,,,,,,,,,,,,,,,,,,,,,,,,,,,,,,,,,,,,
,,,,,,,,,78,78,78,78,78,78,78,,,,84,78,78,78,78,78,,,,,,,,,,,,,,,,,,,,,,,,,,,,,,,,,,,,,,,,,,,,,,,,,,,,,,,,,,,,,,,,,,,,,,,,,,,
,,,,,,,,,78,78,78,78,78,78,78,,,,78,78,78,78,78,78,,,,,,,,,,,,,,,,,,,,,,,,,,,,,,,,,,,,,,,,,,,,,,,,,,,,,,,,,,,,,,,,,,,,,,,,,,,
,,,,,,,,,78,78,78,78,78,78,78,,,,78,78,78,78,78,78,78,78,78,78,78,78,78,78,78,78,78,78,78,78,78,78,78,78,78,,,,,,,,,,,,,,,,,,,,,,,,,,,,,,,,,,,,,,,,,,,,,,,,,,,,,,,,
,,,,,,,,,78,78,78,78,78,78,78,,,,84,78,78,78,78,78,78,78,78,78,78,78,78,78,78,78,78,78,78,78,78,78,78,78,78,,,,,,,,,,,,,,,,,,,,,,,,,,,,,,,,,,,,,,,,,,,,,,,,,,,,,,,,
,,,,,,,,,78,78,78,78,78,84,78,,,,78,78,78,78,78,78,78,78,78,78,78,78,78,78,78,78,78,78,78,78,78,78,78,78,78,,,,,,,,,,,,,,,,,,,,,,,,,,,,,,,,,,,,,,,,,,,,,,,,,,,,,,,,
,,,,,,,,,78,78,78,78,78,84,78,,,,84,78,78,78,78,78,78,78,78,78,78,78,78,78,78,78,78,78,78,78,78,78,78,78,78,,,,,,,,,,,,,,,,,,,,,,,,,,,,,,,,,,,,,,,,,,,,,,,,,,,,,,,,
,,,,,,,,,78,78,78,78,78,84,78,,,,78,78,78,78,78,78,78,78,78,78,78,78,78,78,78,63,78,78,78,78,78,78,78,78,78,,,,,,,,,,,,,,,,,,,,,,,,,,,,,,,,,,,,,,,,,,,,,,,,,,,,,,,,
,,,,,,,,,78,78,78,78,78,84,78,64,64,,78,78,78,78,78,78,78,78,78,78,78,63,63,63,63,,78,78,78,78,78,78,78,78,78,,,,,,,,,,,,,,,,,,,,,,,,,,,,,,,,,,,,,,,,,,,,,,,,,,,,,,,,
,,,,,,,,,78,78,78,78,78,78,78,78,78,,78,78,78,63,78,78,78,63,78,78,63,,,,90,64,63,63,63,78,78,78,78,78,78,,,,,,,,,,,,,,,,,,,,,,,,,,,,,,,,,,,,,,,,,,,,,,,,,,,,,,,,
,,,,,,,,,78,78,78,78,78,78,78,78,78,424,78,63,63,,78,63,63,,78,63,,,89,64,78,78,,,,78,78,78,78,78,78,,,,,,,,,,,,,,,,,,,,,,,,,,,,,,,,,,,,,,,,,,,,,,,,,,,,,,,,
,,,,,,,,,78,78,78,78,78,78,78,78,78,,88,,89,,87,,89,,88,,90,,78,78,78,63,,,,78,78,78,78,78,78,,,,,,,,,,,,,,,,,,,,,,,,,,,,,,,,,,,,,,,,,,,,,,,,,,,,,,,,
,,,,,,,,,78,78,78,78,78,78,78,78,78,64,64,,78,64,64,,78,64,64,,78,64,78,78,78,304,305,305,305,81,78,78,78,78,78,,,,,,,,,,,,,,,,,,,,,,,,,,,,,,,,,,,,,,,,,,,,,,,,,,,,,,,,
,,,,,,,,,78,78,78,78,78,78,78,78,78,78,78,64,78,78,78,64,78,78,78,64,78,78,78,78,78,,,,,78,78,78,78,78,78,,,,,,,,,,,,,,,,,,,,,,,,,,,,,,,,,,,,,,,,,,,,,,,,,,,,,,,,
,,,,,,,,,78,78,78,78,78,78,78,78,78,78,78,78,78,78,78,78,78,78,78,78,78,78,78,78,78,,,,,78,78,78,78,78,78,,,,,,,,,,,,,,,,,,,,,,,,,,,,,,,,,,,,,,,,,,,,,,,,,,,,,,,,
,,,,,,,,,78,78,78,78,78,78,78,78,78,78,78,78,78,78,78,78,78,78,78,78,78,78,78,78,78,,,,,78,78,78,78,78,78,,,,,,,,,,,,,,,,,,,,,,,,,,,,,,,,,,,,,,,,,,,,,,,,,,,,,,,,
,,,,,,,,,78,78,78,78,78,78,78,78,78,78,78,78,78,78,78,78,87,63,63,63,78,78,78,78,78,,,,,78,78,78,78,78,78,,,,,,,,,,,,,,,,,,,,,,,,,,,,,,,,,,,,,,,,,,,,,,,,,,,,,,,,
,,,,,,,,,78,78,78,78,78,78,78,78,78,78,78,78,78,78,63,63,,,,64,63,78,78,78,78,304,305,305,305,81,78,78,78,78,78,,,,,,,,,,,,,,,,,,,,,,,,,,,,,,,,,,,,,,,,,,,,,,,,,,,,,,,,
,,,,,,,,,78,78,78,78,78,78,78,78,78,78,78,78,78,78,,,,,,79,201,201,78,78,78,,,,,78,78,78,78,78,78,,,,,,,,,,,,,,,,,,,,,,,,,,,,,,,,,,,,,,,,,,,,,,,,,,,,,,,,
,,,,,,,,,78,78,78,78,78,78,78,78,78,78,78,78,78,78,,,,,,63,,,63,78,78,,,,,78,78,78,78,78,78,,,,,,,,,,,,,,,,,,,,,,,,,,,,,,,,,,,,,,,,,,,,,,,,,,,,,,,,
,,,,,,,,,,,,,78,78,78,78,78,78,78,78,78,78,201,201,81,81,81,64,64,,,68,78,,,,,78,78,78,78,78,78,,,,,,,,,,,,,,,,,,,,,,,,,,,,,,,,,,,,,,,,,,,,,,,,,,,,,,,,
,,,,,,,,,,,,,78,78,78,78,78,78,78,78,78,78,201,201,78,78,78,78,78,,,68,78,,,,,78,78,78,78,78,78,,,,,,,,,,,,,,,,,,,,,,,,,,,,,,,,,,,,,,,,,,,,,,,,,,,,,,,,
,,,,,,,,,,,,,78,78,78,78,78,78,78,78,78,78,,,68,78,78,78,78,201,201,82,78,304,305,305,305,81,78,78,78,78,78,78,78,78,78,,,,,,,,,,,,,,,,,,,,,,,,,,,,,,,,,,,,,,,,,,,,,,,,,,,,
,,,,,,,,,,,,,78,78,78,78,78,78,78,78,78,78,,,68,78,78,78,78,,,68,78,,,,,78,78,78,78,78,78,78,78,78,78,,,,,,,,,,,,,,,,,,,,,,,,,,,,,,,,,,,,,,,,,,,,,,,,,,,,
,,,,,,,,,,,,,78,78,78,78,78,78,78,78,78,78,201,201,82,78,78,78,78,,,68,78,,,,,78,78,78,78,78,78,78,78,78,78,,,,,,,,,,,,,,,,,,,,,,,,,,,,,,,,,,,,,,,,,,,,,,,,,,,,
,,,,,,,,,,,,,78,78,78,78,78,78,78,78,78,78,201,201,82,78,78,78,78,201,201,78,78,,,,,78,78,78,78,78,78,78,78,78,78,,,,,,,,,,,,,,,,,,,,,,,,,,,,,,,,,,,,,,,,,,,,,,,,,,,,
,,,,,,,,,,,,,78,78,78,78,78,78,78,78,78,78,,,68,78,78,78,78,,,63,78,,,,,63,78,78,78,78,78,78,78,78,78,,,,,,,,,,,,,,,,,,,,,,,,,,,,,,,,,,,,,,,,,,,,,,,,,,,,
,,,,,,,,,,,,,78,78,78,78,78,78,78,78,78,78,,,68,78,78,78,78,,,,78,,,,90,,63,78,78,78,78,78,78,78,78,,,,,,,,,,,,,,,,,,,,,,,,,,,,,,,,,,,,,,,,,,,,,,,,,,,,
,,,,,,,,,,,,,78,78,78,78,78,78,78,78,78,78,201,201,78,78,78,78,78,,,,80,201,201,201,78,201,201,201,78,78,78,78,78,78,78,,,,,,,,,,,,,,,,,,,,,,,,,,,,,,,,,,,,,,,,,,,,,,,,,,,,
,,,,,,,,,,,,,78,78,78,78,78,78,78,78,63,63,,,78,78,78,78,78,,,,63,,64,78,78,,,,78,78,78,78,78,78,78,,,,,,,,,,,,,,,,,,,,,,,,,,,,,,,,,,,,,,,,,,,,,,,,,,,,
,,,,,,,,,,,,,78,78,78,78,78,78,78,78,,,,,78,78,78,78,78,,,,,64,78,78,78,,,,78,78,78,78,78,78,78,,,,,,,,,,,,,,,,,,,,,,,,,,,,,,,,,,,,,,,,,,,,,,,,,,,,
,,,,,,,,,,,,,78,78,78,78,78,78,78,78,,,,,78,78,78,78,78,,,,,78,78,78,78,,,,78,78,78,78,78,78,78,,,,,,,,,,,,,,,,,,,,,,,,,,,,,,,,,,,,,,,,,,,,,,,,,,,,
,,,,,,,,,,,,,78,78,78,78,78,78,78,78,,,,,78,78,78,78,78,,,,64,78,78,78,78,,,,78,78,78,78,78,78,78,,,,,,,,,,,,,,,,,,,,,,,,,,,,,,,,,,,,,,,,,,,,,,,,,,,,
,,,,,,,,,,,,,78,78,78,78,78,78,78,78,,,,,78,78,78,78,78,64,64,64,78,78,78,78,78,89,64,64,78,78,78,78,78,78,78,,,,,,,,,,,,,,,,,,,,,,,,,,,,,,,,,,,,,,,,,,,,,,,,,,,,
,,,,,,,,,,,,,78,78,78,78,78,78,78,78,,,,,78,78,78,78,78,78,78,78,78,78,78,78,78,78,78,78,78,78,78,78,78,78,78,,,,,,,,,,,,,,,,,,,,,,,,,,,,,,,,,,,,,,,,,,,,,,,,,,,,
,,,,,,,,,,,,,78,78,78,78,78,78,78,78,64,64,64,,78,78,78,78,78,78,78,78,78,78,78,78,78,78,201,78,78,78,78,78,78,78,78,,,,,,,,,,,,,,,,,,,,,,,,,,,,,,,,,,,,,,,,,,,,,,,,,,,,
,,,,,,,,,,,,,78,78,78,78,78,78,78,78,78,78,78,427,78,78,78,78,78,78,78,78,78,78,78,78,78,78,,92,78,78,78,78,78,78,78,,,,,,,,,,,,,,,,,,,,,,,,,,,,,,,,,,,,,,,,,,,,,,,,,,,,
,,,,,,,,,,,,,78,78,78,78,78,78,78,78,78,63,63,,201,63,63,63,63,63,63,63,63,63,63,63,63,201,,92,78,78,78,78,78,78,78,,,,,,,,,,,,,,,,,,,,,,,,,,,,,,,,,,,,,,,,,,,,,,,,,,,,
,,,,,,,,,,,,,78,78,78,78,78,78,78,78,78,,,,201,64,64,64,64,64,64,64,64,64,64,64,64,201,,92,78,78,78,78,78,78,78,,,,,,,,,,,,,,,,,,,,,,,,,,,,,,,,,,,,,,,,,,,,,,,,,,,,
,,,,,,,,,,,,,78,78,78,78,78,78,78,78,78,78,78,78,78,78,78,78,78,78,78,78,78,78,78,78,78,78,,92,78,78,78,78,78,78,78,,,,,,,,,,,,,,,,,,,,,,,,,,,,,,,,,,,,,,,,,,,,,,,,,,,,
,,,,,,,,,,,,,78,78,78,78,78,78,78,78,78,78,78,78,78,78,78,78,78,78,78,78,78,78,78,78,78,78,201,78,78,78,78,78,78,78,78,,,,,,,,,,,,,,,,,,,,,,,,,,,,,,,,,,,,,,,,,,,,,,,,,,,,
,,,,,,,,,,,,,78,78,78,78,78,78,78,78,78,78,78,78,78,78,78,78,78,78,78,78,78,78,78,78,78,78,,78,78,78,78,78,78,78,78,,,,,,,,,,,,,,,,,,,,,,,,,,,,,,,,,,,,,,,,,,,,,,,,,,,,
,,,,,,,,,,,,,78,78,78,78,78,78,78,78,78,78,78,78,78,78,78,78,78,78,78,78,78,78,78,78,78,78,,78,78,78,78,78,78,78,78,,,,,,,,,,,,,,,,,,,,,,,,,,,,,,,,,,,,,,,,,,,,,,,,,,,,
,,,,,,,,,,,,,78,78,78,78,78,78,78,78,78,78,78,78,78,78,78,78,78,78,78,78,78,78,78,78,78,78,201,78,78,78,78,78,78,78,78,,,,,,,,,,,,,,,,,,,,,,,,,,,,,,,,,,,,,,,,,,,,,,,,,,,,
,,,,,,,,,,,,,78,78,78,78,78,78,78,78,78,78,78,78,78,78,78,78,78,78,78,78,78,78,78,78,78,63,,63,78,78,78,78,78,78,78,,,,,,,,,,,,,,,,,,,,,,,,,,,,,,,,,,,,,,,,,,,,,,,,,,,,
,,,,,,,,,,,,,78,78,78,78,78,78,78,78,78,78,78,78,78,78,78,78,78,78,78,78,78,78,78,78,78,,,201,78,78,78,78,78,78,78,,,,,,,,,,,,,,,,,,,,,,,,,,,,,,,,,,,,,,,,,,,,,,,,,,,,
,,,,,,,,,,,,,78,78,78,78,78,78,78,78,78,78,78,78,78,78,78,78,78,78,78,78,78,78,78,78,78,64,64,64,78,78,78,78,78,78,78,,,,,,,,,,,,,,,,,,,,,,,,,,,,,,,,,,,,,,,,,,,,,,,,,,,,
,,,,,,,,,,,,,78,78,78,78,78,78,78,78,78,78,78,78,78,78,78,78,78,78,78,78,78,78,78,78,78,78,78,78,78,78,78,78,78,78,78,,,,,,,,,,,,,,,,,,,,,,,,,,,,,,,,,,,,,,,,,,,,,,,,,,,,
,,,,,,,,,,,,,,,,,,,,,,,,,,,78,78,78,78,78,78,78,78,78,78,78,78,78,78,78,78,78,78,78,78,78,,,,,,,,,,,,,,,,,,,,,,,,,,,,,,,,,,,,,,,,,,,,,,,,,,,,
,,,,,,,,,,,,,,,,,,,,,,,,,,,78,78,78,78,78,78,78,78,78,78,78,78,78,78,78,78,78,78,78,78,78,,,,,,,,,,,,,,,,,,,,,,,,,,,,,,,,,,,,,,,,,,,,,,,,,,,,
,,,,,,,,,,,,,,,,,,,,,,,,,,,78,78,78,78,78,78,78,78,78,78,78,78,78,78,78,78,78,78,78,78,78,,,,,,,,,,,,,,,,,,,,,,,,,,,,,,,,,,,,,,,,,,,,,,,,,,,,
,,,,,,,,,,,,,,,,,,,,,,,,,,,78,78,78,78,78,78,78,78,78,78,78,78,78,78,78,78,78,78,78,78,78,,,,,,,,,,,,,,,,,,,,,,,,,,,,,,,,,,,,,,,,,,,,,,,,,,,,
BigDecor: 
,,,,,,,,,,,,,,,,,,,,,,,,,,,,,,,,,,,,,,,,,,,,,,,,,,,,,,,,,,,,,,,,,,,,,,,,,,,,,,,,,,,,,,,,,,,,,,,,,,,
,,,,,,,,,,,,,,,,,,,,,,,,,,,,,,,,,,,,,,,,,,,,,,,,,,,,,,,,,,,,,,,,,,,,,,,,,,,,,,,,,,,,,,,,,,,,,,,,,,,
,,,,,,,,,,,,,,,,,,,,,,,,,,,,,,,,,,,,,,,,,,,,,,,,,,,,,,,,,,,,,,,,,,,,,,,,,,,,,,,,,,,,,,,,,,,,,,,,,,,
,,,,,,,,,,,,,,,,,,,,,,,,,,,,,,,,,,,,,,,,,,,,,,,,,,,,,,,,,,,,,,,,,,,,,,,,,,,,,,,,,,,,,,,,,,,,,,,,,,,
,,,,,,,,,,,,,,,,,,,,,,,,,,,,,,,,,,,,,,,,,,,,,,,,,,,,,,,,,,,,,,,,,,,,,,,,,,,,,,,,,,,,,,,,,,,,,,,,,,,
,,,,,,,,,,,,,,,,,,,,,,,,,,,,,,,,,,,,,,,,,,,,,,,,,,,,,,,,,,,,,,,,,,,,,,,,,,,,,,,,,,,,,,,,,,,,,,,,,,,
,,,,,,,,,,,,,,,,,,,,,,,,,,,,,,,,,,,,,,,,,,,,,,,,,,,,,,,,,,,,,,,,,,,,,,,,,,,,,,,,,,,,,,,,,,,,,,,,,,,
,,,,,,,,,,,,,,,,,,,,,,,,,,,,,,,,,,,,,,,,,,,,,,,,,,,,,,,,,,,,,,,,,,,,,,,,,,,,,,,,,,,,,,,,,,,,,,,,,,,
,,,,,,,,,,,,,,,,,,,,,,,,,,,,,,,,,,,,,,,,,,,,,,,,,,,,,,,,,,,,,,,,,,,,,,,,,,,,,,,,,,,,,,,,,,,,,,,,,,,
,,,,,,,,,,,,,,,,,,,,,,,,,,,,,,,,,,,,,,,,,,,,,,,,,,,,,,,,,,,,,,,,,,,,,,,,,,,,,,,,,,,,,,,,,,,,,,,,,,,
,,,,,,,,,,,,,,,,,,,,,,,,,,,,,,,,,,,,,,,,,,,,,,,,,,,,,,,,,,,,,,,,,,,,,,,,,,,,,,,,,,,,,,,,,,,,,,,,,,,
,,,,,,,,,,,,,,,,,,,,,,,,,,,,,,,,,,,,,,,,,,,,,,,,,,,,,,,,,,,,,,,,,,,,,,,,,,,,,,,,,,,,,,,,,,,,,,,,,,,
,,,,,,,,,,,,,,,,,,,,,,,,,,,,,,,,,,,,,,,,,,,,,,,,,,,,,,,,,,,,,,,,,,,,,,,,,,,,,,,,,,,,,,,,,,,,,,,,,,,
,,,,,,,,,,,,,,,,,,,,,,,,,,,,,,,,,,,,,,,,,,,,,,,,,,,,,,,,,,,,,,,,,,,,,,,,,,,,,,,,,,,,,,,,,,,,,,,,,,,
,,,,,,,,,,,,,,,,,,,,,,,,,,,,,,,,,,,,,,,,,,,,,,,,,,,,,,,,,,,,,,,,,,,,,,,,,,,,,,,,,,,,,,,,,,,,,,,,,,,
,,,,,,,,,,,,,,,,,,,,,,,,,,,,,,,,,,,,,,,,,,,,,,,,,,,,,,,,,,,,,,,,,,,,,,,,,,,,,,,,,,,,,,,,,,,,,,,,,,,
,,,,,,,,,,,,,,,,,,,,,,,,,,,,,,,,,,,,,,,,,,,,,,,,,,,,,,,,,,,,,,,,,,,,,,,,,,,,,,,,,,,,,,,,,,,,,,,,,,,
,,,,,,,,,,,,,,,,,,,,,,,,,,,,,,,,,,,,,,,,,,,,,,,,,,,,,,,,,,,,,,,,,,,,,,,,,,,,,,,,,,,,,,,,,,,,,,,,,,,
,,,,,,,,,,,,,,,,,,,,,,,,,,,,,,,,,,,,,,,,,,,,,,,,,,,,,,,,,,,,,,,,,,,,,,,,,,,,,,,,,,,,,,,,,,,,,,,,,,,
,,,,,,,,,,,,,,,,,,,,,,,,,,,,,,,,,,,,,,,,,,,,,,,,,,,,,,,,,,,,,,,,,,,,,,,,,,,,,,,,,,,,,,,,,,,,,,,,,,,
,,,,,,,,,,,,,,,,,,,,,,,,,,,,,,,,,,,,,,,,,,,,,,,,,,,,,,,,,,,,,,,,,,,,,,,,,,,,,,,,,,,,,,,,,,,,,,,,,,,
,,,,,,,,,,,,,,,,,,,,,,,,,,,,,,,,,,,,,,,,,,,,,,,,,,,,,,,,,,,,,,,,,,,,,,,,,,,,,,,,,,,,,,,,,,,,,,,,,,,
,,,,,,,,,,,,,,,,,,,,,,,,,,,,,,,,,,,,,,,,,,,,,,,,,,,,,,,,,,,,,,,,,,,,,,,,,,,,,,,,,,,,,,,,,,,,,,,,,,,
,,,,,,,,,,,,,,,,,,,,,,,,,,,,,,,,,,,,,,,,,,,,,,,,,,,,,,,,,,,,,,,,,,,,,,,,,,,,,,,,,,,,,,,,,,,,,,,,,,,
,,,,,,,,,,,,,,,,,,,,,,,,,,,,,,,,,,,,,,,,,,,,,,,,,,,,,,,,,,,,,,,,,,,,,,,,,,,,,,,,,,,,,,,,,,,,,,,,,,,
,,,,,,,,,,,,,,,,,,,,,,,,,,,,,,,,,,,,,,,,,,,,,,,,,,,,,,,,,,,,,,,,,,,,,,,,,,,,,,,,,,,,,,,,,,,,,,,,,,,
,,,,,,,,,,,,,,,,,,,,,,,,,,,,,,,,,,,,,,,,,,,,,,,,,,,,,,,,,,,,,,,,,,,,,,,,,,,,,,,,,,,,,,,,,,,,,,,,,,,
,,,,,,,,,,,,,,,,,,,,,,,,,,,,,,,,,,,,,,,,,,,,,,,,,,,,,,,,,,,,,,,,,,,,,,,,,,,,,,,,,,,,,,,,,,,,,,,,,,,
,,,,,,,,,,,,,,,,,,,,,,,,,,,,,,,,,,,,,,,,,,,,,,,,,,,,,,,,,,,,,,,,,,,,,,,,,,,,,,,,,,,,,,,,,,,,,,,,,,,
,,,,,,,,,,,,,,,,,,,,,,,,,,,,,,,,,,,,,,,,,,,,,,,,,,,,,,,,,,,,,,,,,,,,,,,,,,,,,,,,,,,,,,,,,,,,,,,,,,,
,,,,,,,,,,,,,,,,,,,,,,,,,,,,,,,,,,,,,,,,,,,,,,,,,,,,,,,,,,,,,,,,,,,,,,,,,,,,,,,,,,,,,,,,,,,,,,,,,,,
,,,,,,,,,,,,,,,,,,,,,,,,,,,,,,,,,,,,,,,,,,,,,,,,,,,,,,,,,,,,,,,,,,,,,,,,,,,,,,,,,,,,,,,,,,,,,,,,,,,
,,,,,,,,,,,,,,,,,,,,,,,,,,,,,,,,,,,,,,,,,,,,,,,,,,,,,,,,,,,,,,,,,,,,,,,,,,,,,,,,,,,,,,,,,,,,,,,,,,,
,,,,,,,,,,,,,,,,,,,,,,,,,,,,,,,,,,,,,,,,,,,,,,,,,,,,,,,,,,,,,,,,,,,,,,,,,,,,,,,,,,,,,,,,,,,,,,,,,,,
,,,,,,,,,,,,,,,,,,,,,,,,,,,,,,,,,,,,,,,,,,,,,,,,,,,,,,,,,,,,,,,,,,,,,,,,,,,,,,,,,,,,,,,,,,,,,,,,,,,
,,,,,,,,,,,,,,,,,,,,,,,,,,,,,,,,,,,,,,,,,,,,,,,,,,,,,,,,,,,,,,,,,,,,,,,,,,,,,,,,,,,,,,,,,,,,,,,,,,,
,,,,,,,,,,,,,,,,,,,,,,,,,,,,,,,,,,,,,,,,,,,,,,,,,,,,,,,,,,,,,,,,,,,,,,,,,,,,,,,,,,,,,,,,,,,,,,,,,,,
,,,,,,,,,,,,,,,,,,,,,,,,,,,,,,,,,,,,,,,,,,,,,,,,,,,,,,,,,,,,,,,,,,,,,,,,,,,,,,,,,,,,,,,,,,,,,,,,,,,
,,,,,,,,,,,,,,,,,,,,,,,,,,,,,,,,,,,,,,,,,,,,,,,,,,,,,,,,,,,,,,,,,,,,,,,,,,,,,,,,,,,,,,,,,,,,,,,,,,,
,,,,,,,,,,,,,,,,,,,,,,,,,,,,,,,,,,,,,,,,,,,,,,,,,,,,,,,,,,,,,,,,,,,,,,,,,,,,,,,,,,,,,,,,,,,,,,,,,,,
,,,,,,,,,,,,,,,,,,,,,,,,,,,,,,,,,,,,,,,,,,,,,,,,,,,,,,,,,,,,,,,,,,,,,,,,,,,,,,,,,,,,,,,,,,,,,,,,,,,
,,,,,,,,,,,,,,,,,,,,,,,,,,,,,,,,,,,,,,,,,,,,,,,,,,,,,,,,,,,,,,,,,,,,,,,,,,,,,,,,,,,,,,,,,,,,,,,,,,,
,,,,,,,,,,,,,,,,,,,,,,,,,,,,,,,,,,,,,,,,,,,,,,,,,,,,,,,,,,,,,,,,,,,,,,,,,,,,,,,,,,,,,,,,,,,,,,,,,,,
,,,,,,,,,,,,,,,,,,,,,,,,,,,,,,,,,,,,,,,,,,,,,,,,,,,,,,,,,,,,,,,,,,,,,,,,,,,,,,,,,,,,,,,,,,,,,,,,,,,
,,,,,,,,,,,,,,,,,,,,,,,,,,,,,,,,,,,,,,,,,,,,,,,,,,,,,,,,,,,,,,,,,,,,,,,,,,,,,,,,,,,,,,,,,,,,,,,,,,,
,,,,,,,,,,,,,,,,,,,,,,,,,,,,,,,,,,,,,,,,,,,,,,,,,,,,,,,,,,,,,,,,,,,,,,,,,,,,,,,,,,,,,,,,,,,,,,,,,,,
,,,,,,,,,,,,,,,,,,,,,,,,,,,,,,,,,,,,,,,,,,,,,,,,,,,,,,,,,,,,,,,,,,,,,,,,,,,,,,,,,,,,,,,,,,,,,,,,,,,
,,,,,,,,,,,,,,,,,,,,,,,,,,,,,,,,,,,,,,,,,,,,,,,,,,,,,,,,,,,,,,,,,,,,,,,,,,,,,,,,,,,,,,,,,,,,,,,,,,,
,,,,,,,,,,,,,,,,,,,,,,,,,,,,,,,,,,,,,,,,,,,,,,,,,,,,,,,,,,,,,,,,,,,,,,,,,,,,,,,,,,,,,,,,,,,,,,,,,,,
,,,,,,,,,,,,,,,,,,,,,,,,,,,,,,,,,,,,,,,,,,,,,,,,,,,,,,,,,,,,,,,,,,,,,,,,,,,,,,,,,,,,,,,,,,,,,,,,,,,
,,,,,,,,,,,,,,,,,,,,,,,,,,,,,,,,,,,,,,,,,,,,,,,,,,,,,,,,,,,,,,,,,,,,,,,,,,,,,,,,,,,,,,,,,,,,,,,,,,,
,,,,,,,,,,,,,,,,,,,,,,,,,,,,,,,,,,,,,,,,,,,,,,,,,,,,,,,,,,,,,,,,,,,,,,,,,,,,,,,,,,,,,,,,,,,,,,,,,,,
,,,,,,,,,,,,,,,,,,,,,,,,,,,,,,,,,,,,,,,,,,,,,,,,,,,,,,,,,,,,,,,,,,,,,,,,,,,,,,,,,,,,,,,,,,,,,,,,,,,
,,,,,,,,,,,,,,,,,,,,,,,,,,,,,,,,,,,,,,,,,,,,,,,,,,,,,,,,,,,,,,,,,,,,,,,,,,,,,,,,,,,,,,,,,,,,,,,,,,,
,,,,,,,,,,,,,,,,,,,,,,,,,,,,,,,,,,,,,,,,,,,,,,,,,,,,,,,,,,,,,,,,,,,,,,,,,,,,,,,,,,,,,,,,,,,,,,,,,,,
,,,,,,,,,,,,,,,,,,,,,,,,,,,,,,,,,,,,,,,,,,,,,,,,,,,,,,,,,,,,,,,,,,,,,,,,,,,,,,,,,,,,,,,,,,,,,,,,,,,
,,,,,,,,,,,,,,,,,,,,,,,,,,,,,,,,,,,,,,,,,,,,,,,,,,,,,,,,,,,,,,,,,,,,,,,,,,,,,,,,,,,,,,,,,,,,,,,,,,,
,,,,,,,,,,,,,,,,,,,,,,,,,,,,,,,,,,,,,,,,,,,,,,,,,,,,,,,,,,,,,,,,,,,,,,,,,,,,,,,,,,,,,,,,,,,,,,,,,,,
,,,,,,,,,,,,,,,,,,,,,,,,,,,,,,,,,,,,,,,,,,,,,,,,,,,,,,,,,,,,,,,,,,,,,,,,,,,,,,,,,,,,,,,,,,,,,,,,,,,
,,,,,,,,,,,,,,,,,,,,,,,,,,,,,,,,,,,,,,,,,,,,,,,,,,,,,,,,,,,,,,,,,,,,,,,,,,,,,,,,,,,,,,,,,,,,,,,,,,,
,,,,,,,,,,,,,,,,,,,,,,,,,,,,,,,,,,,,,,,,,,,,,,,,,,,,,,,,,,,,,,,,,,,,,,,,,,,,,,,,,,,,,,,,,,,,,,,,,,,
,,,,,,,,,,,,,,,,,,,,,,,,,,,,,,,,,,,,,,,,,,,,,,,,,,,,,,,,,,,,,,,,,,,,,,,,,,,,,,,,,,,,,,,,,,,,,,,,,,,
,,,,,,,,,,,,,,,,,,,,,,,,,,,,,,,,,,,,,,,,,,,,,,,,,,,,,,,,,,,,,,,,,,,,,,,,,,,,,,,,,,,,,,,,,,,,,,,,,,,
,,,,,,,,,,,,,,,,,,,,,,,,,,,,,,,,,,,,,,,,,,,,,,,,,,,,,,,,,,,,,,,,,,,,,,,,,,,,,,,,,,,,,,,,,,,,,,,,,,,
,,,,,,,,,,,,,,,,,,,,,,,,,,,,,,,,,,,,,,,,,,,,,,,,,,,,,,,,,,,,,,,,,,,,,,,,,,,,,,,,,,,,,,,,,,,,,,,,,,,
,,,,,,,,,,,,,,,,,,,,,,,,,,,,,,,,,,,,,,,,,,,,,,,,,,,,,,,,,,,,,,,,,,,,,,,,,,,,,,,,,,,,,,,,,,,,,,,,,,,
,,,,,,,,,,,,,,,,,,,,,,,,,,,,,,,,,,,,,,,,,,,,,,,,,,,,,,,,,,,,,,,,,,,,,,,,,,,,,,,,,,,,,,,,,,,,,,,,,,,
,,,,,,,,,,,,,,,,,,,,,,,,,,,,,,,,,,,,,,,,,,,,,,,,,,,,,,,,,,,,,,,,,,,,,,,,,,,,,,,,,,,,,,,,,,,,,,,,,,,
,,,,,,,,,,,,,,,,,,,,,,,,,,,,,,,,,,,,,,,,,,,,,,,,,,,,,,,,,,,,,,,,,,,,,,,,,,,,,,,,,,,,,,,,,,,,,,,,,,,
,,,,,,,,,,,,,,,,,,,,,,,,,,,,,,,,,,,,,,,,,,,,,,,,,,,,,,,,,,,,,,,,,,,,,,,,,,,,,,,,,,,,,,,,,,,,,,,,,,,
,,,,,,,,,,,,,,,,,,,,,,,,,,,,,,,,,,,,,,,,,,,,,,,,,,,,,,,,,,,,,,,,,,,,,,,,,,,,,,,,,,,,,,,,,,,,,,,,,,,
,,,,,,,,,,,,,,,,,,,,,,,,,,,,,,,,,,,,,,,,,,,,,,,,,,,,,,,,,,,,,,,,,,,,,,,,,,,,,,,,,,,,,,,,,,,,,,,,,,,
,,,,,,,,,,,,,,,,,,,,,,,,,,,,,,,,,,,,,,,,,,,,,,,,,,,,,,,,,,,,,,,,,,,,,,,,,,,,,,,,,,,,,,,,,,,,,,,,,,,
,,,,,,,,,,,,,,,,,,,,,,,,,,,,,,,,,,,,,,,,,,,,,,,,,,,,,,,,,,,,,,,,,,,,,,,,,,,,,,,,,,,,,,,,,,,,,,,,,,,
,,,,,,,,,,,,,,,,,,,,,,,,,,,,,,,,,,,,,,,,,,,,,,,,,,,,,,,,,,,,,,,,,,,,,,,,,,,,,,,,,,,,,,,,,,,,,,,,,,,
,,,,,,,,,,,,,,,,,,,,,,,,,,,,,,,,,,,,,,,,,,,,,,,,,,,,,,,,,,,,,,,,,,,,,,,,,,,,,,,,,,,,,,,,,,,,,,,,,,,
,,,,,,,,,,,,,,,,,,,,,,,,,,,,,,,,,,,,,,,,,,,,,,,,,,,,,,,,,,,,,,,,,,,,,,,,,,,,,,,,,,,,,,,,,,,,,,,,,,,
,,,,,,,,,,,,,,,,,,,,,,,,,,,,,,,,,,,,,,,,,,,,,,,,,,,,,,,,,,,,,,,,,,,,,,,,,,,,,,,,,,,,,,,,,,,,,,,,,,,
,,,,,,,,,,,,,,,,,,,,,,,,,,,,,,,,,,,,,,,,,,,,,,,,,,,,,,,,,,,,,,,,,,,,,,,,,,,,,,,,,,,,,,,,,,,,,,,,,,,
,,,,,,,,,,,,,,,,,,,,,,,,,,,,,,,,,,,,,,,,,,,,,,,,,,,,,,,,,,,,,,,,,,,,,,,,,,,,,,,,,,,,,,,,,,,,,,,,,,,
,,,,,,,,,,,,,,,,,,,,,,,,,,,,,,,,,,,,,,,,,,,,,,,,,,,,,,,,,,,,,,,,,,,,,,,,,,,,,,,,,,,,,,,,,,,,,,,,,,,
,,,,,,,,,,,,,,,,,,,,,,,,,,,,,,,,,,,,,,,,,,,,,,,,,,,,,,,,,,,,,,,,,,,,,,,,,,,,,,,,,,,,,,,,,,,,,,,,,,,
,,,,,,,,,,,,,,,,,,,,,,,,,,,,,,,,,,,,,,,,,,,,,,,,,,,,,,,,,,,,,,,,,,,,,,,,,,,,,,,,,,,,,,,,,,,,,,,,,,,
,,,,,,,,,,,,,,,,,,,,,,,,,,,,,,,,,,,,,,,,,,,,,,,,,,,,,,,,,,,,,,,,,,,,,,,,,,,,,,,,,,,,,,,,,,,,,,,,,,,
,,,,,,,,,,,,,,,,,,,,,,,,,,,,,,,,,,,,,,,,,,,,,,,,,,,,,,,,,,,,,,,,,,,,,,,,,,,,,,,,,,,,,,,,,,,,,,,,,,,
,,,,,,,,,,,,,,,,,,,,,,,,,,,,,,,,,,,,,,,,,,,,,,,,,,,,,,,,,,,,,,,,,,,,,,,,,,,,,,,,,,,,,,,,,,,,,,,,,,,
,,,,,,,,,,,,,,,,,,,,,,,,,,,,,,,,,,,,,,,,,,,,,,,,,,,,,,,,,,,,,,,,,,,,,,,,,,,,,,,,,,,,,,,,,,,,,,,,,,,
,,,,,,,,,,,,,,,,,,,,,,,,,,,,,,,,,,,,,,,,,,,,,,,,,,,,,,,,,,,,,,,,,,,,,,,,,,,,,,,,,,,,,,,,,,,,,,,,,,,
,,,,,,,,,,,,,,,,,,,,,,,,,,,,,,,,,,,,,,,,,,,,,,,,,,,,,,,,,,,,,,,,,,,,,,,,,,,,,,,,,,,,,,,,,,,,,,,,,,,
,,,,,,,,,,,,,,,,,,,,,,,,,,,,,,,,,,,,,,,,,,,,,,,,,,,,,,,,,,,,,,,,,,,,,,,,,,,,,,,,,,,,,,,,,,,,,,,,,,,
,,,,,,,,,,,,,,,,,,,,,,,,,,,,,,,,,,,,,,,,,,,,,,,,,,,,,,,,,,,,,,,,,,,,,,,,,,,,,,,,,,,,,,,,,,,,,,,,,,,
,,,,,,,,,,,,,,,,,,,,,,,,,,,,,,,,,,,,,,,,,,,,,,,,,,,,,,,,,,,,,,,,,,,,,,,,,,,,,,,,,,,,,,,,,,,,,,,,,,,
,,,,,,,,,,,,,,,,,,,,,,,,,,,,,,,,,,,,,,,,,,,,,,,,,,,,,,,,,,,,,,,,,,,,,,,,,,,,,,,,,,,,,,,,,,,,,,,,,,,
,,,,,,,,,,,,,,,,,,,,,,,,,,,,,,,,,,,,,,,,,,,,,,,,,,,,,,,,,,,,,,,,,,,,,,,,,,,,,,,,,,,,,,,,,,,,,,,,,,,
,,,,,,,,,,,,,,,,,,,,,,,,,,,,,,,,,,,,,,,,,,,,,,,,,,,,,,,,,,,,,,,,,,,,,,,,,,,,,,,,,,,,,,,,,,,,,,,,,,,
,,,,,,,,,,,,,,,,,,,,,,,,,,,,,,,,,,,,,,,,,,,,,,,,,,,,,,,,,,,,,,,,,,,,,,,,,,,,,,,,,,,,,,,,,,,,,,,,,,,
,,,,,,,,,,,,,,,,,,,,,,,,,,,,,,,,,,,,,,,,,,,,,,,,,,,,,,,,,,,,,,,,,,,,,,,,,,,,,,,,,,,,,,,,,,,,,,,,,,,
,,,,,,,,,,,,,,,,,,,,,,,,,,,,,,,,,,,,,,,,,,,,,,,,,,,,,,,,,,,,,,,,,,,,,,,,,,,,,,,,,,,,,,,,,,,,,,,,,,,
,,,,,,,,,,,,,,,,,,,,,,,,,,,,,,,,,,,,,,,,,,,,,,,,,,,,,,,,,,,,,,,,,,,,,,,,,,,,,,,,,,,,,,,,,,,,,,,,,,,
,,,,,,,,,,,,,,,,,,,,,,,,,,,,,,,,,,,,,,,,,,,,,,,,,,,,,,,,,,,,,,,,,,,,,,,,,,,,,,,,,,,,,,,,,,,,,,,,,,,
MoveObject: type=3 stepAdvance=1 stepRecede=1 timeStopStart=0 timeStopEnd=0 posStart=834;896 posEnd=834;896 posCurrent=834;896 step=1 time=0 phase=3685 channel=10 icon=54 
MoveObject: type=3 stepAdvance=1 stepRecede=1 timeStopStart=0 timeStopEnd=0 posStart=898;896 posEnd=898;896 posCurrent=898;896 step=1 time=0 phase=3685 channel=10 icon=54 
MoveObject: type=3 stepAdvance=1 stepRecede=1 timeStopStart=0 timeStopEnd=0 posStart=962;896 posEnd=962;896 posCurrent=962;896 step=1 time=0 phase=3685 channel=10 icon=54 
MoveObject: type=3 stepAdvance=1 stepRecede=1 timeStopStart=0 timeStopEnd=0 posStart=1026;896 posEnd=1026;896 posCurrent=1026;896 step=1 time=0 phase=3685 channel=10 icon=54 
MoveObject: type=2 stepAdvance=1 stepRecede=1 timeStopStart=0 timeStopEnd=0 posStart=1154;964 posEnd=1154;964 posCurrent=1154;964 step=1 time=0 phase=3685 channel=10 icon=18 
MoveObject: type=16 stepAdvance=30 stepRecede=30 timeStopStart=0 timeStopEnd=0 posStart=5440;1408 posEnd=5440;1600 posCurrent=5440;1575 step=4 time=4 phase=3685 channel=10 icon=72 
MoveObject: type=3 stepAdvance=1 stepRecede=1 timeStopStart=0 timeStopEnd=0 posStart=1730;1600 posEnd=1730;1600 posCurrent=1730;1600 step=1 time=0 phase=3685 channel=10 icon=54 
MoveObject: type=3 stepAdvance=1 stepRecede=1 timeStopStart=0 timeStopEnd=0 posStart=1730;1088 posEnd=1730;1088 posCurrent=1730;1088 step=1 time=0 phase=3685 channel=10 icon=54 
MoveObject: type=3 stepAdvance=1 stepRecede=1 timeStopStart=0 timeStopEnd=0 posStart=1922;1600 posEnd=1922;1600 posCurrent=1922;1600 step=1 time=0 phase=3685 channel=10 icon=54 
MoveObject: type=3 stepAdvance=1 stepRecede=1 timeStopStart=0 timeStopEnd=0 posStart=1794;1088 posEnd=1794;1088 posCurrent=1794;1088 step=1 time=0 phase=3685 channel=10 icon=54 
MoveObject: type=3 stepAdvance=1 stepRecede=1 timeStopStart=0 timeStopEnd=0 posStart=1858;1088 posEnd=1858;1088 posCurrent=1858;1088 step=1 time=0 phase=3685 channel=10 icon=54 
MoveObject: type=3 stepAdvance=1 stepRecede=1 timeStopStart=0 timeStopEnd=0 posStart=2050;1088 posEnd=2050;1088 posCurrent=2050;1088 step=1 time=0 phase=3685 channel=10 icon=54 
MoveObject: type=3 stepAdvance=1 stepRecede=1 timeStopStart=0 timeStopEnd=0 posStart=1794;1344 posEnd=1794;1344 posCurrent=1794;1344 step=1 time=0 phase=3685 channel=10 icon=54 
MoveObject: type=3 stepAdvance=1 stepRecede=1 timeStopStart=0 timeStopEnd=0 posStart=1858;1344 posEnd=1858;1344 posCurrent=1858;1344 step=1 time=0 phase=3685 channel=10 icon=54 
MoveObject: type=3 stepAdvance=1 stepRecede=1 timeStopStart=0 timeStopEnd=0 posStart=2178;1088 posEnd=2178;1088 posCurrent=2178;1088 step=1 time=0 phase=3685 channel=10 icon=54 
MoveObject: type=3 stepAdvance=1 stepRecede=1 timeStopStart=0 timeStopEnd=0 posStart=2242;1088 posEnd=2242;1088 posCurrent=2242;1088 step=1 time=0 phase=3685 channel=10 icon=54 
MoveObject: type=3 stepAdvance=1 stepRecede=1 timeStopStart=0 timeStopEnd=0 posStart=2306;1088 posEnd=2306;1088 posCurrent=2306;1088 step=1 time=0 phase=3685 channel=10 icon=54 
MoveObject: type=3 stepAdvance=1 stepRecede=1 timeStopStart=0 timeStopEnd=0 posStart=2370;1088 posEnd=2370;1088 posCurrent=2370;1088 step=1 time=0 phase=3685 channel=10 icon=54 
MoveObject: type=2 stepAdvance=1 stepRecede=1 timeStopStart=0 timeStopEnd=0 posStart=2562;1156 posEnd=2562;1156 posCurrent=2562;1156 step=1 time=0 phase=3685 channel=10 icon=18 
MoveObject: type=2 stepAdvance=1 stepRecede=1 timeStopStart=0 timeStopEnd=0 posStart=3010;1156 posEnd=3010;1156 posCurrent=3010;1156 step=1 time=0 phase=3685 channel=10 icon=18 
MoveObject: type=2 stepAdvance=1 stepRecede=1 timeStopStart=0 timeStopEnd=0 posStart=3138;1156 posEnd=3138;1156 posCurrent=3138;1156 step=1 time=0 phase=3685 channel=10 icon=18 
MoveObject: type=2 stepAdvance=1 stepRecede=1 timeStopStart=0 timeStopEnd=0 posStart=3330;1156 posEnd=3330;1156 posCurrent=3330;1156 step=1 time=0 phase=3685 channel=10 icon=18 
MoveObject: type=2 stepAdvance=1 stepRecede=1 timeStopStart=0 timeStopEnd=0 posStart=3458;1156 posEnd=3458;1156 posCurrent=3458;1156 step=1 time=0 phase=3685 channel=10 icon=18 
MoveObject: type=2 stepAdvance=1 stepRecede=1 timeStopStart=0 timeStopEnd=0 posStart=3906;1540 posEnd=3906;1540 posCurrent=3906;1540 step=1 time=0 phase=3685 channel=10 icon=18 
MoveObject: type=2 stepAdvance=1 stepRecede=1 timeStopStart=0 timeStopEnd=0 posStart=3650;1412 posEnd=3650;1412 posCurrent=3650;1412 step=1 time=0 phase=3685 channel=10 icon=18 
MoveObject: type=2 stepAdvance=1 stepRecede=1 timeStopStart=0 timeStopEnd=0 posStart=3906;1284 posEnd=3906;1284 posCurrent=3906;1284 step=1 time=0 phase=3685 channel=10 icon=18 
MoveObject: type=2 stepAdvance=1 stepRecede=1 timeStopStart=0 timeStopEnd=0 posStart=3906;1796 posEnd=3906;1796 posCurrent=3906;1796 step=1 time=0 phase=3685 channel=10 icon=18 
MoveObject: type=2 stepAdvance=1 stepRecede=1 timeStopStart=0 timeStopEnd=0 posStart=3842;1924 posEnd=3842;1924 posCurrent=3842;1924 step=1 time=0 phase=3685 channel=10 icon=18 
MoveObject: type=2 stepAdvance=1 stepRecede=1 timeStopStart=0 timeStopEnd=0 posStart=3522;2180 posEnd=3522;2180 posCurrent=3522;2180 step=1 time=0 phase=3685 channel=10 icon=18 
MoveObject: type=2 stepAdvance=1 stepRecede=1 timeStopStart=0 timeStopEnd=0 posStart=3714;2052 posEnd=3714;2052 posCurrent=3714;2052 step=1 time=0 phase=3685 channel=10 icon=18 
MoveObject: type=2 stepAdvance=1 stepRecede=1 timeStopStart=0 timeStopEnd=0 posStart=3970;2372 posEnd=3970;2372 posCurrent=3970;2372 step=1 time=0 phase=3685 channel=10 icon=18 
MoveObject: type=2 stepAdvance=1 stepRecede=1 timeStopStart=0 timeStopEnd=0 posStart=4354;2372 posEnd=4354;2372 posCurrent=4354;2372 step=1 time=0 phase=3685 channel=10 icon=18 
MoveObject: type=1 stepAdvance=40 stepRecede=40 timeStopStart=20 timeStopEnd=20 posStart=4288;1728 posEnd=4288;1600 posCurrent=4288;1619 step=4 time=6 phase=3685 channel=1 icon=89 
MoveObject: type=5 stepAdvance=1 stepRecede=1 timeStopStart=0 timeStopEnd=0 posStart=5186;2052 posEnd=5186;2052 posCurrent=5186;2052 step=1 time=0 phase=3685 channel=10 icon=4 
MoveObject: type=5 stepAdvance=1 stepRecede=1 timeStopStart=0 timeStopEnd=0 posStart=4226;1732 posEnd=4226;1732 posCurrent=4226;1732 step=1 time=0 phase=3685 channel=10 icon=4 
MoveObject: type=5 stepAdvance=1 stepRecede=1 timeStopStart=0 timeStopEnd=0 posStart=3650;1668 posEnd=3650;1668 posCurrent=3650;1668 step=1 time=0 phase=3685 channel=10 icon=4 
MoveObject: type=44 stepAdvance=12 stepRecede=12 timeStopStart=4 timeStopEnd=4 posStart=832;1152 posEnd=960;1152 posCurrent=917;1152 step=2 time=8 phase=3685 channel=10 icon=201 
MoveObject: type=44 stepAdvance=18 stepRecede=18 timeStopStart=4 timeStopEnd=4 posStart=1728;1728 posEnd=1920;1728 posCurrent=1835;1728 step=4 time=8 phase=3685 channel=10 icon=197 
MoveObject: type=16 stepAdvance=30 stepRecede=30 timeStopStart=0 timeStopEnd=0 posStart=2176;1536 posEnd=2368;1536 posCurrent=2343;1536 step=4 time=4 phase=3685 channel=10 icon=72 
MoveObject: type=16 stepAdvance=30 stepRecede=30 timeStopStart=0 timeStopEnd=0 posStart=2368;1408 posEnd=2176;1408 posCurrent=2201;1408 step=4 time=4 phase=3685 channel=10 icon=72 
MoveObject: type=44 stepAdvance=18 stepRecede=18 timeStopStart=4 timeStopEnd=4 posStart=2176;1728 posEnd=2368;1728 posCurrent=2283;1728 step=4 time=8 phase=3685 channel=10 icon=197 
MoveObject: type=40 stepAdvance=1 stepRecede=1 timeStopStart=0 timeStopEnd=0 posStart=2818;1160 posEnd=2818;1160 posCurrent=2818;1160 step=1 time=0 phase=3685 channel=10 icon=187 
MoveObject: type=40 stepAdvance=1 stepRecede=1 timeStopStart=0 timeStopEnd=0 posStart=3650;1160 posEnd=3650;1160 posCurrent=3650;1160 step=1 time=0 phase=3685 channel=10 icon=187 
MoveObject: type=46 stepAdvance=1 stepRecede=1 timeStopStart=0 timeStopEnd=0 posStart=4930;2564 posEnd=4930;2564 posCurrent=4930;2564 step=1 time=0 phase=3685 channel=10 icon=208 
MoveObject: type=46 stepAdvance=1 stepRecede=1 timeStopStart=0 timeStopEnd=0 posStart=4994;2564 posEnd=4994;2564 posCurrent=4994;2564 step=1 time=0 phase=3685 channel=10 icon=208 
MoveObject: type=46 stepAdvance=1 stepRecede=1 timeStopStart=0 timeStopEnd=0 posStart=5058;2564 posEnd=5058;2564 posCurrent=5058;2564 step=1 time=0 phase=3685 channel=10 icon=208 
MoveObject: type=46 stepAdvance=1 stepRecede=1 timeStopStart=0 timeStopEnd=0 posStart=5122;2564 posEnd=5122;2564 posCurrent=5122;2564 step=1 time=0 phase=3685 channel=10 icon=208 
MoveObject: type=7 stepAdvance=1 stepRecede=1 timeStopStart=0 timeStopEnd=0 posStart=5954;2500 posEnd=5954;2500 posCurrent=5954;2500 step=1 time=0 phase=3685 channel=10 icon=33 
MoveObject: type=5 stepAdvance=1 stepRecede=1 timeStopStart=0 timeStopEnd=0 posStart=3074;1156 posEnd=3074;1156 posCurrent=3074;1156 step=1 time=0 phase=3685 channel=10 icon=4 
MoveObject: type=5 stepAdvance=1 stepRecede=1 timeStopStart=0 timeStopEnd=0 posStart=3394;1156 posEnd=3394;1156 posCurrent=3394;1156 step=1 time=0 phase=3685 channel=10 icon=4 
MoveObject: type=6 stepAdvance=1 stepRecede=1 timeStopStart=0 timeStopEnd=0 posStart=1858;1224 posEnd=1858;1224 posCurrent=1858;1224 step=1 time=0 phase=3685 channel=10 icon=22 
MoveObject: type=6 stepAdvance=1 stepRecede=1 timeStopStart=0 timeStopEnd=0 posStart=1794;1224 posEnd=1794;1224 posCurrent=1794;1224 step=1 time=0 phase=3685 channel=10 icon=22 
MoveObject: type=5 stepAdvance=1 stepRecede=1 timeStopStart=0 timeStopEnd=0 posStart=770;1220 posEnd=770;1220 posCurrent=770;1220 step=1 time=0 phase=3685 channel=10 icon=4 
MoveObject: type=5 stepAdvance=1 stepRecede=1 timeStopStart=0 timeStopEnd=0 posStart=1026;1220 posEnd=1026;1220 posCurrent=1026;1220 step=1 time=0 phase=3685 channel=10 icon=4 
MoveObject: type=46 stepAdvance=1 stepRecede=1 timeStopStart=0 timeStopEnd=0 posStart=5122;1540 posEnd=5122;1540 posCurrent=5122;1540 step=1 time=0 phase=3685 channel=10 icon=208 
MoveObject: type=46 stepAdvance=1 stepRecede=1 timeStopStart=0 timeStopEnd=0 posStart=5186;1540 posEnd=5186;1540 posCurrent=5186;1540 step=1 time=0 phase=3685 channel=10 icon=208 
MoveObject: type=46 stepAdvance=1 stepRecede=1 timeStopStart=0 timeStopEnd=0 posStart=5250;1540 posEnd=5250;1540 posCurrent=5250;1540 step=1 time=0 phase=3685 channel=10 icon=208 
MoveObject: type=46 stepAdvance=1 stepRecede=1 timeStopStart=0 timeStopEnd=0 posStart=5058;1540 posEnd=5058;1540 posCurrent=5058;1540 step=1 time=0 phase=3685 channel=10 icon=208 
MoveObject: type=46 stepAdvance=1 stepRecede=1 timeStopStart=0 timeStopEnd=0 posStart=4994;1540 posEnd=4994;1540 posCurrent=4994;1540 step=1 time=0 phase=3685 channel=10 icon=208 
MoveObject: type=6 stepAdvance=1 stepRecede=1 timeStopStart=0 timeStopEnd=0 posStart=5314;2504 posEnd=5314;2504 posCurrent=5314;2504 step=1 time=0 phase=3685 channel=10 icon=22 
MoveObject: type=3 stepAdvance=1 stepRecede=1 timeStopStart=0 timeStopEnd=0 posStart=2434;1088 posEnd=2434;1088 posCurrent=2434;1088 step=1 time=0 phase=3685 channel=10 icon=54 
MoveObject: type=46 stepAdvance=1 stepRecede=1 timeStopStart=0 timeStopEnd=0 posStart=5186;2564 posEnd=5186;2564 posCurrent=5186;2564 step=1 time=0 phase=3685 channel=10 icon=208 
