DescFile: posDecor=0;850 dimDecor=100;100 world=0 music=7 region=26 blupiPos=66;1158 blupiDir=2 
Decor: 
,,,,,,,,,,,4,4,4,4,4,4,4,4,4,4,4,4,4,4,,,,,,,,,,,,,,,,,,,,,,,,,,,,,,,,,,,,,,,,,,,,,,,,,,,,,,,,,,,,,,,,,,,,,,,,,,,
,,,,,,,,,,,4,4,4,4,4,4,,,4,4,4,4,4,4,,,,,,,,,,,,,,,,,,,,,,,,,,,,,,,,,,,,,,,,,,,,,,,,,,,,,,,,,,,,,,,,,,,,,,,,,,,
,,,,,,,,,,,4,4,4,4,4,4,4,,4,4,4,4,4,4,,,,,,,,,,,,,,,,,,,,,,,,,,,,,,,,,,,,,,,,,,,,,,,,,,,,,,,,,,,,,,,,,,,,,,,,,,,
,,,,,,,,,,,4,4,4,4,4,4,4,52,4,4,4,4,4,4,,,,,,,,,,,,,,,,,,,,,,,,,,,,,,,,,,,,,,,,,,,,,,,,,,,,,,,,,,,,,,,,,,,,,,,,,,,
,,,,,,,,,,,4,4,4,4,4,4,25,,68,4,4,4,4,4,,,,,,,,,,,,,,,,,,,,,,,,,,,,,,,,,,,,,,,,,,,,,,,,,,,,,,,,,,,,,,,,,,,,,,,,,,,
,,,,,,,,,,,4,4,4,4,4,4,4,52,4,4,4,4,4,4,,,,,,,,,,,,,,,,,,,,,,,,,,,,,,,,,,,,,,,,,,,,,,,,,,,,,,,,,,,,,,,,,,,,,,,,,,,
,,,,,,,,,,,4,4,4,4,4,4,4,,4,4,4,4,4,4,,,,,,,,,,,,,,,,,,,,,,,,,,,,,,,,,,,,,,,,,,,,,,,,,,,,,,,,,,,,,,,,,,,,,,,,,,,
,,,,,,,,,,,4,4,4,4,4,4,4,52,4,4,4,4,4,4,4,4,,,,,,,,,,,,,,,,,,,,,,,,,,,,,,,,,,,,,,,,,,,,,,,,,,,,,,,,,,,,,,,,,,,,,,,,,
,,,,,,,,,,,4,4,4,4,4,4,25,,68,4,4,4,4,4,4,4,,,,,,,,,,,,,,,,,,,,,,,,,,,,,,,,,,,,,,,,,,,,,,,,,,,,,,,,,,,,,,,,,,,,,,,,,
,,,,,,,,,,,4,4,4,4,4,4,4,,68,4,4,4,4,4,4,4,,,,,,,,,,,,,,,,,,,,,,,,,,,,,,,,,,,,,,,,,,,,,,,,,,,,,,,,,,,,,,,,,,,,,,,,,
,,,,,,,,,,,4,4,4,4,4,4,25,,68,4,4,4,4,4,4,4,,,,,,,,,,,,,,,,,,,,,,,,,,,,,,,,,,,,,,,,,,,,,,,,,,,,,,,,,,,,,,,,,,,,,,,,,
,,,,,,,,,,,4,4,4,4,4,4,4,52,4,4,4,4,4,4,4,4,,,,,,,,,,,,,,,,,,,,,,,,,,,,,,,,,,,,,,,,,,,,,,,,,,,,,,,,,,,,,,,,,,,,,,,,,
,,,,,,,,,,,4,4,4,4,4,4,4,,54,,4,4,4,4,4,4,,,,,,,,,,,,,,,,,,,,,,,,,,,,,,,,,,,,,,,,,,,,,,,,,,,,,,,,,,,,,,,,,,,,,,,,,
,,,,,,,,,,,4,4,4,4,4,4,4,5,4,52,4,4,4,4,4,4,,,,,,,,,,,,,,,,,,,,,,,,,,,,,,,,,,,,,,,,,,,,,,,,,,,,,,,,,,,,,,,,,,,,,,,,,
,,,,,,,,,,,4,4,4,4,4,4,4,5,138,,4,4,4,4,4,4,,,,,,,,,,,,,,,,,,,,,,,,,,,,,,,,,,,,,,,,,,,,,,,,,,,,,,,,,,,,,,,,,,,,,,,,,
,,,,,,,,,,,4,4,4,4,4,4,4,5,138,,68,4,4,4,4,4,,,,,,,,,,,,,,,,,,,,,,,,,,,,,,,,,,,,,,,,,,,,,,,,,,,,,,,,,,,,,,,,,,,,,,,,,
,,,,,,,,,,,4,4,4,4,4,4,4,25,202,,68,4,4,4,4,4,,,,,,,,,,,,,,,,,,,,,,,,,,,,,,,,,,,,,,,,,,,,,,,,,,,,,,,,,,,,,,,,,,,,,,,,,
,,,,,,,,,,,4,4,4,4,4,4,4,5,138,,68,4,4,4,4,4,,,,,,,,,,,,,,,,,,,,,,,,,,,,,,,,,,,,,,,,,,,,,,,,,,,,,,,,,,,,,,,,,,,,,,,,,
,,,,,,,,,,,4,4,4,4,4,4,4,5,138,,4,4,4,4,4,4,,,,,,,,,,,,,,,,,,,,,,,,,,,,,,,,,,,,,,,,,,,,,,,,,,,,,,,,,,,,,,,,,,,,,,,,,
,,,,,,,,,,,4,4,4,4,4,4,304,305,305,305,4,4,4,4,4,4,4,4,,,,,,,,,,,,,,,,,,,,,,,,,,,,,,,,,,,,,,,,,,,,,,,,,,,,,,,,,,,,,,,,,,,,,,,
,,,,,,,,,,,4,4,4,4,4,4,4,5,138,,4,4,4,4,4,4,4,4,,,,,,,,,,,,,,,,,,,,,,,,,,,,,,,,,,,,,,,,,,,,,,,,,,,,,,,,,,,,,,,,,,,,,,,
,,,,,,,,,,,4,4,4,4,4,4,4,5,138,,68,4,4,4,4,4,4,4,,,,,,,,,,,,,,,,,,,,,,,,,,,,,,,,,,,,,,,,,,,,,,,,,,,,,,,,,,,,,,,,,,,,,,,
,,,,,,,,,,,4,4,4,4,4,4,4,25,202,,68,4,4,4,4,4,4,4,,,,,,,,,,,,,,,,,,,,,,,,,,,,,,,,,,,,,,,,,,,,,,,,,,,,,,,,,,,,,,,,,,,,,,,
,,,,,,,,,,,4,4,4,4,4,4,4,25,202,,68,4,4,4,4,4,4,4,,,,,,,,,,,,,,,,,,,,,,,,,,,,,,,,,,,,,,,,,,,,,,,,,,,,,,,,,,,,,,,,,,,,,,,
,,,,,,,,,,,4,4,4,4,4,4,4,5,138,,68,4,4,4,4,4,4,4,,,,,,,,,,,,,,,,,,,,,,,,,,,,,,,,,,,,,,,,,,,,,,,,,,,,,,,,,,,,,,,,,,,,,,,
,,,,,,,,,,,4,4,4,4,4,4,5,5,138,,4,4,4,4,4,4,4,4,,,,,,,,,,,,,,,,,,,,,,,,,,,,,,,,,,,,,,,,,,,,,,,,,,,,,,,,,,,,,,,,,,,,,,,
,,,,,,,,,,,4,4,4,4,4,4,5,5,4,52,4,4,4,4,4,4,4,4,,,,,4,7,10,1,14,12,2,9,7,10,12,7,12,6,12,12,14,11,7,2,13,13,4,14,10,11,4,6,1,,,,,,,,,,,,,,,,,,,,,,,,,,,,,,,,,,,,,,
,,,,,,6,9,5,6,4,4,4,4,4,4,4,5,138,53,,4,4,4,4,4,4,4,4,,,,,10,11,12,6,8,1,10,6,2,11,7,4,10,7,13,1,11,6,1,6,10,13,8,5,1,12,11,8,12,,,,,,,,,,,,,,,,,,,,,,,,,,,,,,,,,,,,,,
,,,,,,5,12,13,6,5,4,4,4,4,4,4,5,138,,,,68,4,4,4,4,4,4,,,,,4,14,6,1,13,10,5,9,2,1,13,14,7,7,11,9,10,14,13,10,10,10,14,5,12,12,14,12,4,,,,,,,,,,,,,,,,,,,,,,,,,,,,,,,,,,,,,,
,,,,,,13,4,2,14,4,4,4,4,4,4,4,5,138,,,,68,4,4,4,4,4,4,,,,,12,13,1,1,2,5,8,11,7,11,4,4,8,11,5,2,1,10,9,5,10,10,8,14,6,8,11,12,10,,,,,,,,,,,,,,,,,,,,,,,,,,,,,,,,,,,,,,
,,,,,,12,6,4,13,4,4,4,4,4,4,4,25,202,,,,68,4,4,4,4,4,4,,,,,9,4,7,9,10,1,11,10,2,10,8,1,13,1,1,5,2,5,13,12,13,8,13,1,13,13,8,7,2,,,,,,,,,,,,,,,,,,,,,,,,,,,,,,,,,,,,,,
,,,,,,5,6,5,11,4,4,4,4,4,4,4,5,138,,,,68,4,4,4,4,4,4,,,,,11,14,12,9,2,14,1,5,10,12,9,10,7,7,5,10,12,8,5,5,11,13,9,10,5,2,9,6,14,,,,,,,,,,,,,,,,,,,,,,,,,,,,,,,,,,,,,,
,,,,,,1,4,8,14,4,4,4,4,4,4,4,5,138,,,,68,4,4,4,4,4,4,,,,,8,13,5,4,7,8,9,7,11,6,8,9,14,8,10,1,4,8,8,14,2,10,4,2,7,11,5,12,10,,,,,,,,,,,,,,,,,,,,,,,,,,,,,,,,,,,,,,
,,,,,,10,5,11,6,4,4,4,4,4,4,4,5,138,54,,4,4,4,4,4,4,4,4,,,,,11,4,5,8,9,6,5,1,10,8,14,9,11,10,11,5,4,13,12,6,1,13,10,12,10,8,10,5,11,,,,,,,,,,,,,,,,,,,,,,,,,,,,,,,,,,,,,,
,,,,,,4,4,10,6,4,4,4,4,138,202,,5,5,4,52,4,4,4,4,4,4,4,4,,,,,8,2,5,6,4,6,13,13,9,9,9,9,4,2,8,12,10,10,6,14,10,7,13,7,11,10,14,10,13,,,,,,,,,,,,,,,,,,,,,,,,,,,,,,,,,,,,,,
,,,,,,8,10,4,4,4,5,6,8,138,10,,202,,57,,4,4,4,4,4,4,4,4,,,,,7,9,4,4,4,5,1,14,9,10,11,6,13,13,12,4,4,13,6,11,6,12,2,13,5,11,2,9,5,,,,,,,,,,,,,,,,,,,,,,,,,,,,,,,,,,,,,,
,,,,,,9,10,9,13,4,10,11,138,202,202,,202,,,,3,4,4,4,4,4,4,4,,,,,5,4,4,10,4,4,8,13,10,7,11,10,10,2,2,4,13,10,5,12,10,6,2,4,11,10,11,10,12,,,,,,,,,,,,,,,,,,,,,,,,,,,,,,,,,,,,,,
,,,,,,12,14,11,7,5,4,10,138,202,202,,202,,,,4,4,4,5,1,2,6,12,13,10,9,11,6,4,1,9,4,4,4,5,11,9,12,7,11,2,4,4,4,7,12,5,10,10,1,5,10,9,6,7,12,,,,,,,,,,,,,,,,,,,,,,,,,,,,,,,,,,,,,,
,,,,,,10,7,7,1,9,11,10,138,2,4,15,202,,,,4,4,4,7,12,2,9,9,13,8,4,4,11,14,13,13,5,6,4,1,10,9,13,4,4,8,10,14,4,4,4,1,8,1,2,13,5,6,10,8,7,,,,,,,,,,,,,,,,,,,,,,,,,,,,,,,,,,,,,,
,,,,,,5,9,4,14,12,7,12,138,,10,4,10,55,,,4,4,4,14,1,8,13,2,12,10,6,4,4,9,2,4,12,11,11,11,2,2,14,4,9,7,5,2,4,4,8,12,1,4,7,8,4,11,9,10,2,,,,,,,,,,,,,,,,,,,,,,,,,,,,,,,,,,,,,,
,,,,,12,9,10,14,8,13,13,1,138,,4,12,8,16,,,4,4,4,13,12,12,2,8,4,4,4,4,9,9,7,6,5,8,10,11,13,1,12,4,5,7,9,11,12,11,10,9,4,9,2,4,4,14,7,9,11,,,,,,,,,,,,,,,,,,,,,,,,,,,,,,,,,,,,,,
,,,,,4,5,14,4,10,2,5,4,4,50,5,9,4,10,15,,4,4,4,4,8,1,4,4,4,4,14,1,6,12,8,4,13,10,8,4,5,5,10,13,5,10,14,2,2,7,4,2,4,11,2,12,2,11,10,14,12,,,,,,,,,,,,,,,,,,,,,,,,,,,,,,,,,,,,,,
,,,,,2,13,5,11,14,10,304,305,305,305,4,7,12,10,5,52,4,4,4,9,12,4,7,4,4,4,10,7,7,14,4,1,14,5,11,5,11,14,5,12,6,11,5,2,2,7,11,8,11,5,1,11,8,5,6,9,10,,,,,,,,,,,,,,,,,,,,,,,,,,,,,,,,,,,,,,
,,,,,1,14,2,14,12,8,5,12,11,,202,202,202,68,2,,4,4,4,4,8,7,2,11,4,5,2,,,,,12,12,2,12,6,7,13,9,7,6,12,6,7,11,4,10,2,14,2,10,5,1,10,6,13,13,,,,,,,,,,,,,,,,,,,,,,,,,,,,,,,,,,,,,,
,,,,,7,6,12,9,12,14,8,1,10,10,10,10,138,68,5,,,,4,8,6,11,7,8,8,6,12,304,305,305,305,10,6,10,17,,92,4,13,10,2,4,2,6,8,7,7,9,1,2,5,14,4,4,14,10,13,,,,,,,,,,,,,,,,,,,,,,,,,,,,,,,,,,,,,,
,,,,,4,11,13,5,4,11,11,6,7,9,10,10,138,68,10,8,13,52,4,10,5,7,9,4,7,5,6,,,,,18,,53,,,92,91,91,91,91,91,91,91,91,11,10,2,2,8,14,4,2,10,10,10,5,,,,,,,,,,,,,,,,,,,,,,,,,,,,,,,,,,,,,,
,,,,,13,4,4,4,10,4,7,4,5,7,10,10,138,10,4,4,4,52,4,11,9,4,14,13,7,4,4,,,,,,,,,,92,10,2,10,1,10,7,5,91,12,8,11,13,5,13,6,8,4,2,13,8,,,,,,,,,,,,,,,,,,,,,,,,,,,,,,,,,,,,,,
,,,,,6,13,10,2,6,10,9,4,8,7,10,10,138,57,,,,,92,6,11,13,6,10,2,11,17,,,202,,,,,,,10,10,10,2,7,5,4,8,91,5,11,12,8,14,14,7,13,12,6,10,2,,,,,,,,,,,,,,,,,,,,,,,,,,,,,,,,,,,,,,
,,,,,14,4,4,4,4,7,13,4,13,6,10,10,138,,,,,,92,7,4,12,14,4,7,11,,,,10,15,,54,,58,,14,2,14,7,7,4,,92,91,7,4,9,10,4,5,1,4,13,5,10,13,,,,,,,,,,,,,,,,,,,,,,,,,,,,,,,,,,,,,,
,,,,,10,10,11,4,14,10,5,13,10,2,10,3,138,,,,,,92,7,4,4,6,4,11,11,59,,,10,2,11,2,5,11,2,13,11,14,14,13,8,52,1,4,1,5,4,7,2,4,13,1,2,10,1,10,,,,,,,,,,,,,,,,,,,,,,,,,,,,,,,,,,,,,,
,,,,,2,13,1,4,8,4,11,52,10,10,10,10,138,,,,,,92,4,7,14,12,8,8,11,,,,10,129,,11,4,4,55,,,,,,,,,8,14,9,11,5,1,10,14,13,10,4,8,8,,,,,,,,,,,,,,,,,,,,,,,,,,,,,,,,,,,,,,
,,,,,9,14,9,4,12,8,11,,202,202,202,202,202,,,,,,92,9,11,5,8,12,10,4,15,,,202,114,,9,4,9,52,11,6,4,8,1,2,4,10,6,7,14,14,10,11,5,13,4,6,2,12,10,,,,,,,,,,,,,,,,,,,,,,,,,,,,,,,,,,,,,,
,,,,,1,10,4,4,1,9,10,52,10,10,10,10,138,,,,,,92,8,10,4,14,6,5,5,8,,,202,114,,2,9,9,,57,,49,,10,10,4,4,11,8,11,5,10,8,5,12,10,14,4,14,4,,,,,,,,,,,,,,,,,,,,,,,,,,,,,,,,,,,,,,
,,,,,8,11,4,11,1,2,5,6,5,2,10,10,138,,,,,,92,2,9,12,14,11,12,7,5,,,202,114,,7,7,14,,,,4,50,4,10,11,6,1,6,12,4,4,4,10,8,2,11,10,4,12,,,,,,,,,,,,,,,,,,,,,,,,,,,,,,,,,,,,,,
,,,,,5,9,4,4,12,8,12,9,4,2,10,10,138,,,,,,92,14,5,2,5,8,4,13,14,4,2,9,114,,4,5,2,,,,,,,,5,8,6,11,11,4,4,10,9,12,14,13,11,7,11,,,,,,,,,,,,,,,,,,,,,,,,,,,,,,,,,,,,,,
,,,,,7,7,4,6,6,11,1,10,5,1,10,10,28,,,,,,92,13,13,9,12,9,13,5,8,1,4,138,114,,12,14,9,,202,,,,,,,8,10,2,14,4,4,4,4,9,4,13,2,9,6,,,,,,,,,,,,,,,,,,,,,,,,,,,,,,,,,,,,,,
,,,,,13,10,8,4,1,8,4,10,13,1,5,10,10,,,,,,92,12,10,1,2,14,4,11,9,1,9,138,114,,9,11,12,10,138,,,,,,,1,7,4,4,5,2,2,1,6,13,5,6,14,9,,,,,,,,,,,,,,,,,,,,,,,,,,,,,,,,,,,,,,
,,,,,10,6,13,11,4,11,12,11,9,12,12,10,10,,,,,,92,8,5,10,14,2,7,12,13,13,12,138,114,,8,5,6,,202,,,,,,,10,9,4,4,4,4,7,7,1,4,12,14,6,6,,,,,,,,,,,,,,,,,,,,,,,,,,,,,,,,,,,,,,
,,,,,12,10,7,1,11,1,8,11,7,10,11,4,6,52,16,,,13,1,10,7,11,9,11,4,12,8,14,2,138,114,,10,7,1,10,138,,,,,,,92,11,13,6,4,4,4,12,9,11,5,11,14,2,,,,,,,,,,,,,,,,,,,,,,,,,,,,,,,,,,,,,,
,,,,,14,7,2,6,10,5,11,5,11,10,12,4,10,55,1,27,27,1,4,2,,202,,10,,202,,14,11,8,114,,8,11,11,,202,,,,,,,92,13,11,13,4,4,14,8,7,9,2,6,1,14,,,,,,,,,,,,,,,,,,,,,,,,,,,,,,,,,,,,,,
,,,,,,,,,,,2,8,8,11,6,5,12,56,9,6,12,6,9,,,10,,202,,10,50,14,18,,114,,92,91,13,,,,60,10,10,10,52,10,5,4,4,4,1,1,8,9,8,1,5,13,13,,,,,,,,,,,,,,,,,,,,,,,,,,,,,,,,,,,,,,
,,,,,,,,,,,2,1,9,4,12,14,1,52,4,7,11,17,,60,10,10,1,4,10,17,56,11,,,114,,92,91,4,,202,,,,,,,92,13,8,7,2,10,6,4,9,13,5,11,2,5,,,,,,,,,,,,,,,,,,,,,,,,,,,,,,,,,,,,,,
,,,,,,,,,,,6,11,8,10,9,8,4,,202,202,5,,,,,,,,,,,,,,114,,92,91,6,10,138,,,,,,,92,7,4,4,4,4,10,4,11,11,8,6,4,13,,,,,,,,,,,,,,,,,,,,,,,,,,,,,,,,,,,,,,
,,,,,,,,,,,4,6,13,8,12,5,11,10,7,138,9,,56,9,16,,,13,9,,56,10,,,114,,92,91,1,,202,,,,,,,92,11,4,10,4,8,6,4,13,2,5,14,6,7,,,,,,,,,,,,,,,,,,,,,,,,,,,,,,,,,,,,,,
,,,,,,,,,,,5,1,11,9,12,10,6,12,8,138,5,,,92,8,15,,10,10,,,10,15,,114,,92,91,8,10,138,,,,,,,92,6,4,13,2,13,13,7,5,1,2,7,9,4,,,,,,,,,,,,,,,,,,,,,,,,,,,,,,,,,,,,,,
,,,,,,,,,,,4,7,12,12,4,6,14,4,13,138,14,13,4,92,14,6,4,7,12,50,50,10,5,10,2,12,10,91,14,,202,,,,,,,92,8,4,5,11,11,11,7,8,3,13,1,13,10,,,,,,,,,,,,,,,,,,,,,,,,,,,,,,,,,,,,,,
,,,,,,,,,,,12,10,8,8,8,10,2,14,11,138,202,202,202,92,4,10,10,304,305,305,305,13,11,8,4,12,2,91,4,,,,,,,,,92,4,8,1,10,9,2,4,2,12,3,7,5,13,,,,,,,,,,,,,,,,,,,,,,,,,,,,,,,,,,,,,,
,,,,,,,,,,,13,11,8,8,6,13,2,5,13,6,5,4,9,10,4,10,8,7,8,16,,92,91,91,91,91,91,91,4,,,,,,,,,92,10,13,11,13,2,10,7,9,6,1,4,4,4,,,,,,,,,,,,,,,,,,,,,,,,,,,,,,,,,,,,,,
,,,,,,,,,,,14,14,10,13,13,7,10,11,9,13,4,10,1,11,14,10,12,1,6,1,2,14,14,1,4,12,9,4,2,,,,16,,,,,92,4,2,5,1,11,10,5,11,2,7,4,4,8,,,,,,,,,,,,,,,,,,,,,,,,,,,,,,,,,,,,,,
,,,,,,,,,,,11,7,8,1,10,6,7,7,12,2,13,12,12,13,1,6,5,8,7,12,13,9,4,9,9,6,5,13,10,,,,10,10,27,27,10,10,10,7,10,14,1,5,5,5,7,6,11,10,1,,,,,,,,,,,,,,,,,,,,,,,,,,,,,,,,,,,,,,
,,,,,,,,,,,,,12,5,7,13,5,4,9,14,1,10,4,13,11,9,12,8,4,13,12,4,4,13,11,9,1,7,10,,,,10,4,10,10,4,9,6,13,14,6,2,14,6,9,7,5,14,1,11,,,,,,,,,,,,,,,,,,,,,,,,,,,,,,,,,,,,,,
,,,,,,,,,,,,,5,4,10,11,12,5,13,4,6,6,14,1,10,13,14,6,12,12,6,7,13,13,8,12,13,2,8,55,,,7,6,13,13,1,7,1,5,11,7,10,11,8,5,3,14,4,7,9,,,,,,,,,,,,,,,,,,,,,,,,,,,,,,,,,,,,,,
,,,,,,,,,,,,,4,4,4,4,4,4,4,4,4,4,4,8,13,5,9,4,1,4,2,12,9,7,6,7,10,10,304,305,305,305,5,1,2,13,9,12,11,10,10,1,2,11,4,1,5,11,5,7,10,,,,,,,,,,,,,,,,,,,,,,,,,,,,,,,,,,,,,,
,,,,,,,,,,,,,4,4,4,4,4,4,4,4,4,4,4,4,14,14,10,1,11,2,4,8,8,12,12,12,9,6,10,55,,,11,6,14,12,8,11,11,9,14,5,10,10,11,11,11,13,3,13,9,,,,,,,,,,,,,,,,,,,,,,,,,,,,,,,,,,,,,,
,,,,,,,,,,,,,,,,,,,,,,,,7,7,14,5,11,9,12,1,13,12,9,1,9,4,14,10,,,,5,1,4,13,2,1,12,5,6,1,12,9,3,6,2,11,5,9,7,,,,,,,,,,,,,,,,,,,,,,,,,,,,,,,,,,,,,,
,,,,,,,,,,,,,,,,,,,,,,,,,,,,,,,,,,,,,,,25,54,,54,25,,,,,,,,,,,,10,6,10,,,,,,,,,,,,,,,,,,,,,,,,,,,,,,,,,,,,,,,,,,
,,,,,,,,,,,,,,,,,,,,,,,,,,,,,,,,,,,,,,11,11,11,50,11,11,11,,,,,,,,,,,10,3,10,,,,,,,,,,,,,,,,,,,,,,,,,,,,,,,,,,,,,,,,,,
,,,,,,,,,,,,,,,,,,,,,,,,,,,,,,,,,,,,,,11,,57,,57,,11,,,,,,,,,,,10,13,10,,,,,,,,,,,,,,,,,,,,,,,,,,,,,,,,,,,,,,,,,,
,,,,,,,,,,,,,,,,,,,,,,,,,,,,,,,,,,,,,56,11,59,,,,60,11,55,,,,,,,,,,10,6,10,,,,,,,,,,,,,,,,,,,,,,,,,,,,,,,,,,,,,,,,,,
,,,,,,,,,,,,,,,,,,,,,,,,,,,,,,,,,,,,,,11,,,,,,11,,,,,,,,,,,10,9,10,,,,,,,,,,,,,,,,,,,,,,,,,,,,,,,,,,,,,,,,,,
,,,,,,,,,,,,,,,,,,,,,,,,,,,,,,,,,,,,,56,11,59,,,,60,11,55,,,,,,,,,,10,14,10,,,,,,,,,,,,,,,,,,,,,,,,,,,,,,,,,,,,,,,,,,
,,,,,,,,,,,,,,,,,,,,,,,,,,,,,,,,,,,,,,11,,58,,58,,11,,,,,,,,,,,10,12,10,,,,,,,,,,,,,,,,,,,,,,,,,,,,,,,,,,,,,,,,,,
,,,,,,,,,,,,,,,,,,,,,,,,,,,,,,,,,,,,,,11,11,11,27,11,11,11,,,,,,,,,,,10,3,10,,,,,,,,,,,,,,,,,,,,,,,,,,,,,,,,,,,,,,,,,,
,,,,,,,,,,,,,,,,,,,,,,,,,,,,,,,,,,,,,,,25,53,,53,25,,,,,,,,,,,,10,1,10,,,,,,,,,,,,,,,,,,,,,,,,,,,,,,,,,,,,,,,,,,
,,,,,,,,,,,,,,,,,,,,,,,,,,,,,,12,8,6,14,7,10,13,8,2,11,,,,4,5,11,12,14,13,7,11,4,14,4,13,1,2,5,7,1,13,14,4,,,,,,,,,,,,,,,,,,,,,,,,,,,,,,,,,,,,,
,,,,,,,,,,,,,,,,,,,,,,,,,,,,,,2,4,12,5,4,4,1,4,1,5,,,,14,10,4,4,4,7,4,9,13,7,12,9,1,13,12,5,13,14,10,6,,,,,,,,,,,,,,,,,,,,,,,,,,,,,,,,,,,,,
,,,,,,,,,,,,,,,,,,,,,,,,,,,,,,14,4,4,14,6,8,10,1,10,4,,,,8,8,10,6,12,8,10,8,4,5,4,8,4,6,6,4,12,9,7,9,,,,,,,,,,,,,,,,,,,,,,,,,,,,,,,,,,,,,
,,,,,,,,,,,,,,,,,,,,,,,,,,,,,,10,12,1,12,12,10,1,11,5,4,,,,1,6,7,4,4,4,4,4,10,2,4,12,2,13,8,5,12,2,6,8,,,,,,,,,,,,,,,,,,,,,,,,,,,,,,,,,,,,,
,,,,,,,,,,,,,,,,,,,,,,,,,,,,,,2,8,6,9,2,9,12,4,7,1,1,13,10,9,4,1,4,4,12,6,4,4,12,5,6,6,9,12,12,14,10,2,8,,,,,,,,,,,,,,,,,,,,,,,,,,,,,,,,,,,,,
,,,,,,,,,,,,,,,,,,,,,,,,,,,,,,5,13,12,9,11,12,9,1,12,11,14,1,9,10,7,9,11,4,4,12,10,4,8,4,5,9,9,12,9,10,12,4,8,,,,,,,,,,,,,,,,,,,,,,,,,,,,,,,,,,,,,
,,,,,,,,,,,,,,,,,,,,,,,,,,,,,,4,14,7,12,11,5,14,14,10,4,12,6,7,4,2,7,12,9,8,6,11,7,4,4,6,6,10,4,7,4,8,14,6,,,,,,,,,,,,,,,,,,,,,,,,,,,,,,,,,,,,,
,,,,,,,,,,,,,,,,,,,,,,,,,,,,,,8,1,6,13,14,12,4,6,12,13,8,9,1,6,4,4,8,8,4,1,1,5,13,4,1,9,5,4,2,2,6,4,12,,,,,,,,,,,,,,,,,,,,,,,,,,,,,,,,,,,,,
,,,,,,,,,,,,,,,,,,,,,,,,,,,,,,4,6,8,9,1,7,4,6,13,6,14,2,10,11,2,5,7,4,4,4,1,12,13,12,9,4,1,3,2,8,12,1,11,,,,,,,,,,,,,,,,,,,,,,,,,,,,,,,,,,,,,
,,,,,,,,,,,,,,,,,,,,,,,,,,,,,,9,6,2,8,9,9,8,11,2,12,10,1,7,6,2,2,4,4,8,13,12,4,6,8,9,8,12,14,12,7,8,13,8,,,,,,,,,,,,,,,,,,,,,,,,,,,,,,,,,,,,,
,,,,,,,,,,,,,,,,,,,,,,,,,,,,,,13,8,9,8,13,2,1,13,12,13,10,7,11,12,12,6,4,1,2,,,,,,,,,,,,,,,,,,,,,,,,,,,,,,,,,,,,,,,,,,,,,,,,,,,
,,,,,,,,,,,,,,,,,,,,,,,,,,,,,,7,2,6,8,10,9,8,3,10,7,3,5,5,6,5,4,2,14,11,,,,,,,,,,,,,,,,,,,,,,,,,,,,,,,,,,,,,,,,,,,,,,,,,,,
,,,,,,,,,,,,,,,,,,,,,,,,,,,,,,,,,,,,,,,,,,,,,,,,,,,,,,,,,,,,,,,,,,,,,,,,,,,,,,,,,,,,,,,,,,,,,,,,,,,
,,,,,,,,,,,,,,,,,,,,,,,,,,,,,,,,,,,,,,,,,,,,,,,,,,,,,,,,,,,,,,,,,,,,,,,,,,,,,,,,,,,,,,,,,,,,,,,,,,,
,,,,,,,,,,,,,,,,,,,,,,,,,,,,,,,,,,,,,,,,,,,,,,,,,,,,,,,,,,,,,,,,,,,,,,,,,,,,,,,,,,,,,,,,,,,,,,,,,,,
,,,,,,,,,,,,,,,,,,,,,,,,,,,,,,,,,,,,,,,,,,,,,,,,,,,,,,,,,,,,,,,,,,,,,,,,,,,,,,,,,,,,,,,,,,,,,,,,,,,
BigDecor: 
,,,,,,,,,,,,,,,,,,,,,,,,,,,,,,,,,,,,,,,,,,,,,,,,,,,,,,,,,,,,,,,,,,,,,,,,,,,,,,,,,,,,,,,,,,,,,,,,,,,
,,,,,,,,,,,,,,,,,,,,,,,,,,,,,,,,,,,,,,,,,,,,,,,,,,,,,,,,,,,,,,,,,,,,,,,,,,,,,,,,,,,,,,,,,,,,,,,,,,,
,,,,,,,,,,,,,,,,,,,,,,,,,,,,,,,,,,,,,,,,,,,,,,,,,,,,,,,,,,,,,,,,,,,,,,,,,,,,,,,,,,,,,,,,,,,,,,,,,,,
,,,,,,,,,,,,,,,,,,,,,,,,,,,,,,,,,,,,,,,,,,,,,,,,,,,,,,,,,,,,,,,,,,,,,,,,,,,,,,,,,,,,,,,,,,,,,,,,,,,
,,,,,,,,,,,,,,,,,,,,,,,,,,,,,,,,,,,,,,,,,,,,,,,,,,,,,,,,,,,,,,,,,,,,,,,,,,,,,,,,,,,,,,,,,,,,,,,,,,,
,,,,,,,,,,,,,,,,,,,,,,,,,,,,,,,,,,,,,,,,,,,,,,,,,,,,,,,,,,,,,,,,,,,,,,,,,,,,,,,,,,,,,,,,,,,,,,,,,,,
,,,,,,,,,,,,,,,,,,,,,,,,,,,,,,,,,,,,,,,,,,,,,,,,,,,,,,,,,,,,,,,,,,,,,,,,,,,,,,,,,,,,,,,,,,,,,,,,,,,
,,,,,,,,,,,,,,,,,,,,,,,,,,,,,,,,,,,,,,,,,,,,,,,,,,,,,,,,,,,,,,,,,,,,,,,,,,,,,,,,,,,,,,,,,,,,,,,,,,,
,,,,,,,,,,,,,,,,,,,,,,,,,,,,,,,,,,,,,,,,,,,,,,,,,,,,,,,,,,,,,,,,,,,,,,,,,,,,,,,,,,,,,,,,,,,,,,,,,,,
,,,,,,,,,,,,,,,,,,,,,,,,,,,,,,,,,,,,,,,,,,,,,,,,,,,,,,,,,,,,,,,,,,,,,,,,,,,,,,,,,,,,,,,,,,,,,,,,,,,
,,,,,,,,,,,,,,,,,,,,,,,,,,,,,,,,,,,,,,,,,,,,,,,,,,,,,,,,,,,,,,,,,,,,,,,,,,,,,,,,,,,,,,,,,,,,,,,,,,,
,,,,,,,,,,,,,,,,,,,,,,,,,,,,,,,,,,,,,,,,,,,,,,,,,,,,,,,,,,,,,,,,,,,,,,,,,,,,,,,,,,,,,,,,,,,,,,,,,,,
,,,,,,,,,,,,,,,,,,,,,,,,,,,,,,,,,,,,,,,,,,,,,,,,,,,,,,,,,,,,,,,,,,,,,,,,,,,,,,,,,,,,,,,,,,,,,,,,,,,
,,,,,,,,,,,,,,,,,,,,,,,,,,,,,,,,,,,,,,,,,,,,,,,,,,,,,,,,,,,,,,,,,,,,,,,,,,,,,,,,,,,,,,,,,,,,,,,,,,,
,,,,,,,,,,,,,,,,,,,,,,,,,,,,,,,,,,,,,,,,,,,,,,,,,,,,,,,,,,,,,,,,,,,,,,,,,,,,,,,,,,,,,,,,,,,,,,,,,,,
,,,,,,,,,,,,,,,,,,,,,,,,,,,,,,,,,,,,,,,,,,,,,,,,,,,,,,,,,,,,,,,,,,,,,,,,,,,,,,,,,,,,,,,,,,,,,,,,,,,
,,,,,,,,,,,,,,,,,,,,,,,,,,,,,,,,,,,,,,,,,,,,,,,,,,,,,,,,,,,,,,,,,,,,,,,,,,,,,,,,,,,,,,,,,,,,,,,,,,,
,,,,,,,,,,,,,,,,,,,,,,,,,,,,,,,,,,,,,,,,,,,,,,,,,,,,,,,,,,,,,,,,,,,,,,,,,,,,,,,,,,,,,,,,,,,,,,,,,,,
,,,,,,,,,,,,,,,,,,,,,,,,,,,,,,,,,,,,,,,,,,,,,,,,,,,,,,,,,,,,,,,,,,,,,,,,,,,,,,,,,,,,,,,,,,,,,,,,,,,
,,,,,,,,,,,,,,,,,,,,,,,,,,,,,,,,,,,,,,,,,,,,,,,,,,,,,,,,,,,,,,,,,,,,,,,,,,,,,,,,,,,,,,,,,,,,,,,,,,,
,,,,,,,,,,,,,,,,,,,,,,,,,,,,,,,,,,,,,,,,,,,,,,,,,,,,,,,,,,,,,,,,,,,,,,,,,,,,,,,,,,,,,,,,,,,,,,,,,,,
,,,,,,,,,,,,,,,,,,,,,,,,,,,,,,,,,,,,,,,,,,,,,,,,,,,,,,,,,,,,,,,,,,,,,,,,,,,,,,,,,,,,,,,,,,,,,,,,,,,
,,,,,,,,,,,,,,,,,,,,,,,,,,,,,,,,,,,,,,,,,,,,,,,,,,,,,,,,,,,,,,,,,,,,,,,,,,,,,,,,,,,,,,,,,,,,,,,,,,,
,,,,,,,,,,,,,,,,,,,,,,,,,,,,,,,,,,,,,,,,,,,,,,,,,,,,,,,,,,,,,,,,,,,,,,,,,,,,,,,,,,,,,,,,,,,,,,,,,,,
,,,,,,,,,,,,,,,,,,,,,,,,,,,,,,,,,,,,,,,,,,,,,,,,,,,,,,,,,,,,,,,,,,,,,,,,,,,,,,,,,,,,,,,,,,,,,,,,,,,
,,,,,,,,,,,,,,,,,,,,,,,,,,,,,,,,,,,,,,,,,,,,,,,,,,,,,,,,,,,,,,,,,,,,,,,,,,,,,,,,,,,,,,,,,,,,,,,,,,,
,,,,,,,,,,,,,,,,,,,,,,,,,,,,,,,,,,,,,,,,,,,,,,,,,,,,,,,,,,,,,,,,,,,,,,,,,,,,,,,,,,,,,,,,,,,,,,,,,,,
,,,,,,,,,,,,,,,,,,,,,,,,,,,,,,,,,,,,,,,,,,,,,,,,,,,,,,,,,,,,,,,,,,,,,,,,,,,,,,,,,,,,,,,,,,,,,,,,,,,
,,,,,,,,,,,,,,,,,,,,,,,,,,,,,,,,,,,,,,,,,,,,,,,,,,,,,,,,,,,,,,,,,,,,,,,,,,,,,,,,,,,,,,,,,,,,,,,,,,,
,,,,,,,,,,,,,,,,,,,,,,,,,,,,,,,,,,,,,,,,,,,,,,,,,,,,,,,,,,,,,,,,,,,,,,,,,,,,,,,,,,,,,,,,,,,,,,,,,,,
,,,,,,,,,,,,,,,,,,,,,,,,,,,,,,,,,,,,,,,,,,,,,,,,,,,,,,,,,,,,,,,,,,,,,,,,,,,,,,,,,,,,,,,,,,,,,,,,,,,
,,,,,,,,,,,,,,,,,,,,,,,,,,,,,,,,,,,,,,,,,,,,,,,,,,,,,,,,,,,,,,,,,,,,,,,,,,,,,,,,,,,,,,,,,,,,,,,,,,,
,,,,,,,,,,,,,,,,,,,,,,,,,,,,,,,,,,,,,,,,,,,,,,,,,,,,,,,,,,,,,,,,,,,,,,,,,,,,,,,,,,,,,,,,,,,,,,,,,,,
,,,,,,,,,,,,,,,,,,,,,,,,,,,,,,,,,,,,,,,,,,,,,,,,,,,,,,,,,,,,,,,,,,,,,,,,,,,,,,,,,,,,,,,,,,,,,,,,,,,
,,,,,,,,,,,,,,,,,,,,,,,,,,,,,,,,,,,,,,,,,,,,,,,,,,,,,,,,,,,,,,,,,,,,,,,,,,,,,,,,,,,,,,,,,,,,,,,,,,,
,,,,,,,,,,,,,,,,,,,,,,,,,,,,,,,,,,,,,,,,,,,,,,,,,,,,,,,,,,,,,,,,,,,,,,,,,,,,,,,,,,,,,,,,,,,,,,,,,,,
,,,,,,,,,,,,,,,,,,,,,,,,,,,,,,,,,,,,,,,,,,,,,,,,,,,,,,,,,,,,,,,,,,,,,,,,,,,,,,,,,,,,,,,,,,,,,,,,,,,
,,,,,,,,,,,,,,,,,,,,,,,,,,,,,,,,,,,,,,,,,,,,,,,,,,,,,,,,,,,,,,,,,,,,,,,,,,,,,,,,,,,,,,,,,,,,,,,,,,,
,,,,,,,,,,,,,,,,,,,,,,,,,,,,,,,,,,,,,,,,,,,,,,,,,,,,,,,,,,,,,,,,,,,,,,,,,,,,,,,,,,,,,,,,,,,,,,,,,,,
,,,,,,,,,,,,,,,,,,,,,,,,,,,,,,,,,,,,,,,,,,,,,,,,,,,,,,,,,,,,,,,,,,,,,,,,,,,,,,,,,,,,,,,,,,,,,,,,,,,
,,,,,,,,,,,,,,,,,,,,,,,,,,,,,,,,,,,,,,,,,,,,,,,,,,,,,,,,,,,,,,,,,,,,,,,,,,,,,,,,,,,,,,,,,,,,,,,,,,,
,,,,,,,,,,,,,,,,,,,,,,,,,,,,,,,,,,,,,,,,,,,,,,,,,,,,,,,,,,,,,,,,,,,,,,,,,,,,,,,,,,,,,,,,,,,,,,,,,,,
,,,,,,,,,,,,,,,,,,,,,,,,,,,,,,,,,,,,,,,,,,,,,,,,,,,,,,,,,,,,,,,,,,,,,,,,,,,,,,,,,,,,,,,,,,,,,,,,,,,
,,,,,,,,,,,,,,,,,,,,,,,,,,,,,,,,,,,,,,,,,,,,,,,,,,,,,,,,,,,,,,,,,,,,,,,,,,,,,,,,,,,,,,,,,,,,,,,,,,,
,,,,,,,,,,,,,,,,,,,,,,,,,,,,,,,,,,,,,,,,,,,,,,,,,,,,,,,,,,,,,,,,,,,,,,,,,,,,,,,,,,,,,,,,,,,,,,,,,,,
,,,,,,,,,,,,,,,,,,,,,,,,,,,,,,,,,,,,,,,,,,,,,,,,,,,,,,,,,,,,,,,,,,,,,,,,,,,,,,,,,,,,,,,,,,,,,,,,,,,
,,,,,,,,,,,,,,,,,,,,,,,,,,,,,,,,,,,,,,,,,,,,,,,,,,,,,,,,,,,,,,,,,,,,,,,,,,,,,,,,,,,,,,,,,,,,,,,,,,,
,,,,,,,,,,,,,,,,,,,,,,,,,,,,,,,,,,,,,,,,,,,,,,,,,,,,,,,,,,,,,,,,,,,,,,,,,,,,,,,,,,,,,,,,,,,,,,,,,,,
,,,,,,,,,,,,,,,,,,,,,,,,,,,,,,,,,,,,,,,,,,,,,,,,,,,,,,,,,,,,,,,,,,,,,,,,,,,,,,,,,,,,,,,,,,,,,,,,,,,
,,,,,,,,,,,,,,,,,,,,,,,,,,,,,,,,,,,,,,,,,,,,,,,,,,,,,,,,,,,,,,,,,,,,,,,,,,,,,,,,,,,,,,,,,,,,,,,,,,,
,,,,,,,,,,,,,,,,,,,,,,,,,,,,,,,,,,,,,,,,,,,,,,,,,,,,,,,,,,,,,,,,,,,,,,,,,,,,,,,,,,,,,,,,,,,,,,,,,,,
,,,,,,,,,,,,,,,,,,,,,,,,,,,,,,,,,,,,,,,,,,,,,,,,,,,,,,,,,,,,,,,,,,,,,,,,,,,,,,,,,,,,,,,,,,,,,,,,,,,
,,,,,,,,,,,,,,,,,,,,,,,,,,,,,,,,,,,,,,,,,,,,,,,,,,,,,,,,,,,,,,,,,,,,,,,,,,,,,,,,,,,,,,,,,,,,,,,,,,,
,,,,,,,,,,,,,,,,,,,,,,,,,,,,,,,,,,,,,,,,,,,,,,,,,,,,,,,,,,,,,,,,,,,,,,,,,,,,,,,,,,,,,,,,,,,,,,,,,,,
,,,,,,,,,,,,,,,,,,,,,,,,,,,,,,,,,,,,,,,,,,,,,,,,,,,,,,,,,,,,,,,,,,,,,,,,,,,,,,,,,,,,,,,,,,,,,,,,,,,
,,,,,,,,,,,,,,,,,,,,,,,,,,,,,,,,,,,,,,,,,,,,,,,,,,,,,,,,,,,,,,,,,,,,,,,,,,,,,,,,,,,,,,,,,,,,,,,,,,,
,,,,,,,,,,,,,,,,,,,,,,,,,,,,,,,,,,,,,,,,,,,,,,,,,,,,,,,,,,,,,,,,,,,,,,,,,,,,,,,,,,,,,,,,,,,,,,,,,,,
,,,,,,,,,,,,,,,,,,,,,,,,,,,,,,,,,,,,,,,,,,,,,,,,,,,,,,,,,,,,,,,,,,,,,,,,,,,,,,,,,,,,,,,,,,,,,,,,,,,
,,,,,,,,,,,,,,,,,,,,,,,,,,,,,,,,,,,,,,,,,,,,,,,,,,,,,,,,,,,,,,,,,,,,,,,,,,,,,,,,,,,,,,,,,,,,,,,,,,,
,,,,,,,,,,,,,,,,,,,,,,,,,,,,,,,,,,,,,,,,,,,,,,,,,,,,,,,,,,,,,,,,,,,,,,,,,,,,,,,,,,,,,,,,,,,,,,,,,,,
,,,,,,,,,,,,,,,,,,,,,,,,,,,,,,,,,,,,,,,,,,,,,,,,,,,,,,,,,,,,,,,,,,,,,,,,,,,,,,,,,,,,,,,,,,,,,,,,,,,
,,,,,,,,,,,,,,,,,,,,,,,,,,,,,,,,,,,,,,,,,,,,,,,,,,,,,,,,,,,,,,,,,,,,,,,,,,,,,,,,,,,,,,,,,,,,,,,,,,,
,,,,,,,,,,,,,,,,,,,,,,,,,,,,,,,,,,,,,,,,,,,,,,,,,,,,,,,,,,,,,,,,,,,,,,,,,,,,,,,,,,,,,,,,,,,,,,,,,,,
,,,,,,,,,,,,,,,,,,,,,,,,,,,,,,,,,,,,,,,,,,,,,,,,,,,,,,,,,,,,,,,,,,,,,,,,,,,,,,,,,,,,,,,,,,,,,,,,,,,
,,,,,,,,,,,,,,,,,,,,,,,,,,,,,,,,,,,,,,,,,,,,,,,,,,,,,,,,,,,,,,,,,,,,,,,,,,,,,,,,,,,,,,,,,,,,,,,,,,,
,,,,,,,,,,,,,,,,,,,,,,,,,,,,,,,,,,,,,,,,,,,,,,,,,,,,,,,,,,,,,,,,,,,,,,,,,,,,,,,,,,,,,,,,,,,,,,,,,,,
,,,,,,,,,,,,,,,,,,,,,,,,,,,,,,,,,,,,,,,,,,,,,,,,,,,,,,,,,,,,,,,,,,,,,,,,,,,,,,,,,,,,,,,,,,,,,,,,,,,
,,,,,,,,,,,,,,,,,,,,,,,,,,,,,,,,,,,,,,,,,,,,,,,,,,,,,,,,,,,,,,,,,,,,,,,,,,,,,,,,,,,,,,,,,,,,,,,,,,,
,,,,,,,,,,,,,,,,,,,,,,,,,,,,,,,,,,,,,,,,,,,,,,,,,,,,,,,,,,,,,,,,,,,,,,,,,,,,,,,,,,,,,,,,,,,,,,,,,,,
,,,,,,,,,,,,,,,,,,,,,,,,,,,,,,,,,,,,,,,,,,,,,,,,,,,,,,,,,,,,,,,,,,,,,,,,,,,,,,,,,,,,,,,,,,,,,,,,,,,
,,,,,,,,,,,,,,,,,,,,,,,,,,,,,,,,,,,,,,,,,,,,,,,,,,,,,,,,,,,,,,,,,,,,,,,,,,,,,,,,,,,,,,,,,,,,,,,,,,,
,,,,,,,,,,,,,,,,,,,,,,,,,,,,,,,,,,,,,,,,,,,,,,,,,,,,,,,,,,,,,,,,,,,,,,,,,,,,,,,,,,,,,,,,,,,,,,,,,,,
,,,,,,,,,,,,,,,,,,,,,,,,,,,,,,,,,,,,,,,,,,,,,,,,,,,,,,,,,,,,,,,,,,,,,,,,,,,,,,,,,,,,,,,,,,,,,,,,,,,
,,,,,,,,,,,,,,,,,,,,,,,,,,,,,,,,,,,,,,,,,,,,,,,,,,,,,,,,,,,,,,,,,,,,,,,,,,,,,,,,,,,,,,,,,,,,,,,,,,,
,,,,,,,,,,,,,,,,,,,,,,,,,,,,,,,,,,,,,,,,,,,,,,,,,,,,,,,,,,,,,,,,,,,,,,,,,,,,,,,,,,,,,,,,,,,,,,,,,,,
,,,,,,,,,,,,,,,,,,,,,,,,,,,,,,,,,,,,,,,,,,,,,,,,,,,,,,,,,,,,,,,,,,,,,,,,,,,,,,,,,,,,,,,,,,,,,,,,,,,
,,,,,,,,,,,,,,,,,,,,,,,,,,,,,,,,,,,,,,,,,,,,,,,,,,,,,,,,,,,,,,,,,,,,,,,,,,,,,,,,,,,,,,,,,,,,,,,,,,,
,,,,,,,,,,,,,,,,,,,,,,,,,,,,,,,,,,,,,,,,,,,,,,,,,,,,,,,,,,,,,,,,,,,,,,,,,,,,,,,,,,,,,,,,,,,,,,,,,,,
,,,,,,,,,,,,,,,,,,,,,,,,,,,,,,,,,,,,,,,,,,,,,,,,,,,,,,,,,,,,,,,,,,,,,,,,,,,,,,,,,,,,,,,,,,,,,,,,,,,
,,,,,,,,,,,,,,,,,,,,,,,,,,,,,,,,,,,,,,,,,,,,,,,,,,,,,,,,,,,,,,,,,,,,,,,,,,,,,,,,,,,,,,,,,,,,,,,,,,,
,,,,,,,,,,,,,,,,,,,,,,,,,,,,,,,,,,,,,,,,,,,,,,,,,,,,,,,,,,,,,,,,,,,,,,,,,,,,,,,,,,,,,,,,,,,,,,,,,,,
,,,,,,,,,,,,,,,,,,,,,,,,,,,,,,,,,,,,,,,,,,,,,,,,,,,,,,,,,,,,,,,,,,,,,,,,,,,,,,,,,,,,,,,,,,,,,,,,,,,
,,,,,,,,,,,,,,,,,,,,,,,,,,,,,,,,,,,,,,,,,,,,,,,,,,,,,,,,,,,,,,,,,,,,,,,,,,,,,,,,,,,,,,,,,,,,,,,,,,,
,,,,,,,,,,,,,,,,,,,,,,,,,,,,,,,,,,,,,,,,,,,,,,,,,,,,,,,,,,,,,,,,,,,,,,,,,,,,,,,,,,,,,,,,,,,,,,,,,,,
,,,,,,,,,,,,,,,,,,,,,,,,,,,,,,,,,,,,,,,,,,,,,,,,,,,,,,,,,,,,,,,,,,,,,,,,,,,,,,,,,,,,,,,,,,,,,,,,,,,
,,,,,,,,,,,,,,,,,,,,,,,,,,,,,,,,,,,,,,,,,,,,,,,,,,,,,,,,,,,,,,,,,,,,,,,,,,,,,,,,,,,,,,,,,,,,,,,,,,,
,,,,,,,,,,,,,,,,,,,,,,,,,,,,,,,,,,,,,,,,,,,,,,,,,,,,,,,,,,,,,,,,,,,,,,,,,,,,,,,,,,,,,,,,,,,,,,,,,,,
,,,,,,,,,,,,,,,,,,,,,,,,,,,,,,,,,,,,,,,,,,,,,,,,,,,,,,,,,,,,,,,,,,,,,,,,,,,,,,,,,,,,,,,,,,,,,,,,,,,
,,,,,,,,,,,,,,,,,,,,,,,,,,,,,,,,,,,,,,,,,,,,,,,,,,,,,,,,,,,,,,,,,,,,,,,,,,,,,,,,,,,,,,,,,,,,,,,,,,,
,,,,,,,,,,,,,,,,,,,,,,,,,,,,,,,,,,,,,,,,,,,,,,,,,,,,,,,,,,,,,,,,,,,,,,,,,,,,,,,,,,,,,,,,,,,,,,,,,,,
,,,,,,,,,,,,,,,,,,,,,,,,,,,,,,,,,,,,,,,,,,,,,,,,,,,,,,,,,,,,,,,,,,,,,,,,,,,,,,,,,,,,,,,,,,,,,,,,,,,
,,,,,,,,,,,,,,,,,,,,,,,,,,,,,,,,,,,,,,,,,,,,,,,,,,,,,,,,,,,,,,,,,,,,,,,,,,,,,,,,,,,,,,,,,,,,,,,,,,,
,,,,,,,,,,,,,,,,,,,,,,,,,,,,,,,,,,,,,,,,,,,,,,,,,,,,,,,,,,,,,,,,,,,,,,,,,,,,,,,,,,,,,,,,,,,,,,,,,,,
,,,,,,,,,,,,,,,,,,,,,,,,,,,,,,,,,,,,,,,,,,,,,,,,,,,,,,,,,,,,,,,,,,,,,,,,,,,,,,,,,,,,,,,,,,,,,,,,,,,
,,,,,,,,,,,,,,,,,,,,,,,,,,,,,,,,,,,,,,,,,,,,,,,,,,,,,,,,,,,,,,,,,,,,,,,,,,,,,,,,,,,,,,,,,,,,,,,,,,,
,,,,,,,,,,,,,,,,,,,,,,,,,,,,,,,,,,,,,,,,,,,,,,,,,,,,,,,,,,,,,,,,,,,,,,,,,,,,,,,,,,,,,,,,,,,,,,,,,,,
,,,,,,,,,,,,,,,,,,,,,,,,,,,,,,,,,,,,,,,,,,,,,,,,,,,,,,,,,,,,,,,,,,,,,,,,,,,,,,,,,,,,,,,,,,,,,,,,,,,
,,,,,,,,,,,,,,,,,,,,,,,,,,,,,,,,,,,,,,,,,,,,,,,,,,,,,,,,,,,,,,,,,,,,,,,,,,,,,,,,,,,,,,,,,,,,,,,,,,,
,,,,,,,,,,,,,,,,,,,,,,,,,,,,,,,,,,,,,,,,,,,,,,,,,,,,,,,,,,,,,,,,,,,,,,,,,,,,,,,,,,,,,,,,,,,,,,,,,,,
,,,,,,,,,,,,,,,,,,,,,,,,,,,,,,,,,,,,,,,,,,,,,,,,,,,,,,,,,,,,,,,,,,,,,,,,,,,,,,,,,,,,,,,,,,,,,,,,,,,
MoveObject: type=2 stepAdvance=1 stepRecede=1 timeStopStart=0 timeStopEnd=0 posStart=2498;900 posEnd=2498;900 posCurrent=2498;900 step=1 time=0 phase=4290 channel=10 icon=14 
MoveObject: type=2 stepAdvance=1 stepRecede=1 timeStopStart=0 timeStopEnd=0 posStart=3202;3076 posEnd=3202;3076 posCurrent=3202;3076 step=1 time=0 phase=4290 channel=10 icon=14 
MoveObject: type=2 stepAdvance=1 stepRecede=1 timeStopStart=0 timeStopEnd=0 posStart=3138;2116 posEnd=3138;2116 posCurrent=3138;2116 step=1 time=0 phase=4290 channel=10 icon=14 
MoveObject: type=2 stepAdvance=1 stepRecede=1 timeStopStart=0 timeStopEnd=0 posStart=3522;3012 posEnd=3522;3012 posCurrent=3522;3012 step=1 time=0 phase=4290 channel=10 icon=14 
MoveObject: type=3 stepAdvance=1 stepRecede=1 timeStopStart=0 timeStopEnd=0 posStart=5058;2496 posEnd=5058;2496 posCurrent=5058;2496 step=1 time=0 phase=4290 channel=10 icon=50 
MoveObject: type=2 stepAdvance=1 stepRecede=1 timeStopStart=0 timeStopEnd=0 posStart=5058;2756 posEnd=5058;2756 posCurrent=5058;2756 step=1 time=0 phase=4290 channel=10 icon=14 
MoveObject: type=2 stepAdvance=1 stepRecede=1 timeStopStart=0 timeStopEnd=0 posStart=4930;2756 posEnd=4930;2756 posCurrent=4930;2756 step=1 time=0 phase=4290 channel=10 icon=14 
MoveObject: type=2 stepAdvance=1 stepRecede=1 timeStopStart=0 timeStopEnd=0 posStart=5186;2756 posEnd=5186;2756 posCurrent=5186;2756 step=1 time=0 phase=4290 channel=10 icon=14 
MoveObject: type=3 stepAdvance=1 stepRecede=1 timeStopStart=0 timeStopEnd=0 posStart=4930;2496 posEnd=4930;2496 posCurrent=4930;2496 step=1 time=0 phase=4290 channel=10 icon=50 
MoveObject: type=3 stepAdvance=1 stepRecede=1 timeStopStart=0 timeStopEnd=0 posStart=5186;2496 posEnd=5186;2496 posCurrent=5186;2496 step=1 time=0 phase=4290 channel=10 icon=50 
MoveObject: type=1 stepAdvance=40 stepRecede=40 timeStopStart=10 timeStopEnd=10 posStart=3008;2560 posEnd=3008;2304 posCurrent=3008;2464 step=2 time=15 phase=4290 channel=1 icon=29 
MoveObject: type=3 stepAdvance=1 stepRecede=1 timeStopStart=0 timeStopEnd=0 posStart=1730;1152 posEnd=1730;1152 posCurrent=1730;1152 step=1 time=0 phase=4290 channel=10 icon=50 
MoveObject: type=3 stepAdvance=1 stepRecede=1 timeStopStart=0 timeStopEnd=0 posStart=2114;1152 posEnd=2114;1152 posCurrent=2114;1152 step=1 time=0 phase=4290 channel=10 icon=50 
MoveObject: type=2 stepAdvance=1 stepRecede=1 timeStopStart=0 timeStopEnd=0 posStart=4482;2692 posEnd=4482;2692 posCurrent=4482;2692 step=1 time=0 phase=4290 channel=10 icon=14 
MoveObject: type=1 stepAdvance=10 stepRecede=44 timeStopStart=2 timeStopEnd=2 posStart=4160;2752 posEnd=4288;2752 posCurrent=4275;2752 step=2 time=9 phase=4290 channel=1 icon=29 
MoveObject: type=2 stepAdvance=1 stepRecede=1 timeStopStart=0 timeStopEnd=0 posStart=4738;2692 posEnd=4738;2692 posCurrent=4738;2692 step=1 time=0 phase=4290 channel=10 icon=14 
MoveObject: type=2 stepAdvance=1 stepRecede=1 timeStopStart=0 timeStopEnd=0 posStart=3586;2308 posEnd=3586;2308 posCurrent=3586;2308 step=1 time=0 phase=4290 channel=10 icon=14 
MoveObject: type=2 stepAdvance=1 stepRecede=1 timeStopStart=0 timeStopEnd=0 posStart=3266;2308 posEnd=3266;2308 posCurrent=3266;2308 step=1 time=0 phase=4290 channel=10 icon=14 
MoveObject: type=6 stepAdvance=1 stepRecede=1 timeStopStart=0 timeStopEnd=0 posStart=4034;1736 posEnd=4034;1736 posCurrent=4034;1736 step=1 time=0 phase=4290 channel=10 icon=21 
MoveObject: type=12 stepAdvance=1 stepRecede=1 timeStopStart=0 timeStopEnd=0 posStart=2752;1280 posEnd=2752;1280 posCurrent=2752;1280 step=1 time=0 phase=4290 channel=1 icon=32 
MoveObject: type=1 stepAdvance=6 stepRecede=6 timeStopStart=3 timeStopEnd=3 posStart=256;1216 posEnd=320;1216 posCurrent=256;1216 step=1 time=0 phase=4290 channel=1 icon=23 
MoveObject: type=1 stepAdvance=10 stepRecede=44 timeStopStart=2 timeStopEnd=2 posStart=512;1216 posEnd=640;1216 posCurrent=627;1216 step=2 time=9 phase=4290 channel=1 icon=23 
MoveObject: type=1 stepAdvance=12 stepRecede=12 timeStopStart=3 timeStopEnd=3 posStart=960;1344 posEnd=1088;1344 posCurrent=981;1344 step=2 time=2 phase=4290 channel=1 icon=23 
MoveObject: type=1 stepAdvance=6 stepRecede=6 timeStopStart=3 timeStopEnd=3 posStart=1408;1344 posEnd=1472;1344 posCurrent=1408;1344 step=1 time=0 phase=4290 channel=1 icon=23 
MoveObject: type=7 stepAdvance=1 stepRecede=1 timeStopStart=0 timeStopEnd=0 posStart=66;1092 posEnd=66;1092 posCurrent=66;1092 step=1 time=0 phase=4290 channel=10 icon=34 
MoveObject: type=1 stepAdvance=80 stepRecede=80 timeStopStart=10 timeStopEnd=10 posStart=3136;1216 posEnd=3648;1216 posCurrent=3436;1216 step=2 time=47 phase=4290 channel=1 icon=29 
MoveObject: type=17 stepAdvance=45 stepRecede=45 timeStopStart=47 timeStopEnd=47 posStart=3072;1472 posEnd=3264;1472 posCurrent=3213;1472 step=4 time=12 phase=4290 channel=10 icon=82 
MoveObject: type=1 stepAdvance=5 stepRecede=22 timeStopStart=2 timeStopEnd=2 posStart=4992;2624 posEnd=4928;2624 posCurrent=4951;2624 step=4 time=8 phase=4290 channel=1 icon=11 
MoveObject: type=1 stepAdvance=5 stepRecede=22 timeStopStart=2 timeStopEnd=2 posStart=5120;2624 posEnd=5184;2624 posCurrent=5161;2624 step=4 time=8 phase=4290 channel=1 icon=11 
MoveObject: type=5 stepAdvance=1 stepRecede=1 timeStopStart=0 timeStopEnd=0 posStart=5058;2628 posEnd=5058;2628 posCurrent=5058;2628 step=1 time=0 phase=4290 channel=10 icon=1 
MoveObject: type=6 stepAdvance=1 stepRecede=1 timeStopStart=0 timeStopEnd=0 posStart=3202;776 posEnd=3202;776 posCurrent=3202;776 step=1 time=0 phase=4290 channel=10 icon=21 
MoveObject: type=1 stepAdvance=5 stepRecede=22 timeStopStart=2 timeStopEnd=2 posStart=5056;2560 posEnd=5056;2496 posCurrent=5056;2519 step=4 time=8 phase=4290 channel=1 icon=11 
MoveObject: type=1 stepAdvance=5 stepRecede=22 timeStopStart=2 timeStopEnd=2 posStart=5056;2688 posEnd=5056;2752 posCurrent=5056;2729 step=4 time=8 phase=4290 channel=1 icon=11 
MoveObject: type=1 stepAdvance=42 stepRecede=42 timeStopStart=3 timeStopEnd=3 posStart=3200;2624 posEnd=3200;3072 posCurrent=3200;2976 step=4 time=9 phase=4290 channel=1 icon=29 
MoveObject: type=2 stepAdvance=1 stepRecede=1 timeStopStart=0 timeStopEnd=0 posStart=3650;2308 posEnd=3650;2308 posCurrent=3650;2308 step=1 time=0 phase=4290 channel=10 icon=14 
MoveObject: type=6 stepAdvance=1 stepRecede=1 timeStopStart=0 timeStopEnd=0 posStart=3330;776 posEnd=3330;776 posCurrent=3330;776 step=1 time=0 phase=4290 channel=10 icon=21 
MoveObject: type=6 stepAdvance=1 stepRecede=1 timeStopStart=0 timeStopEnd=0 posStart=4098;1736 posEnd=4098;1736 posCurrent=4098;1736 step=1 time=0 phase=4290 channel=10 icon=21 
MoveObject: type=6 stepAdvance=1 stepRecede=1 timeStopStart=0 timeStopEnd=0 posStart=2754;2248 posEnd=2754;2248 posCurrent=2754;2248 step=1 time=0 phase=4290 channel=10 icon=21 
