DescFile: posDecor=100;300 dimDecor=100;100 world=0 music=6 region=3 blupiPos=386;454 blupiDir=2 
Decor: 
246,248,249,246,247,249,246,247,249,247,249,249,248,248,246,281,,,,,,,,,,,,,,,,,,,,,,,,,,,,,,,,,,,,,,,,,,,,,,,,,,,,,,,,,,,,,,,,,,,,,,,,,,,,,,,,,,,,
249,248,247,246,248,248,246,247,246,247,249,246,246,247,246,281,,,,,,,,,,,,,,,,,,,,,,,,,,,,,,,,,,,,,,,,,,,,,,,,,,,,,,,,,,,,,,,,,,,,,,,,,,,,,,,,,,,,
266,266,266,272,247,248,246,247,247,247,249,246,247,248,248,281,,,,,,,,,,,,,,,,,,,,,,,,,,,,,,,,,,,,,,,,,,,,,,,,,,,,,,,,,,,,,,,,,,,,,,,,,,,,,,,,,,,,
,,,,266,266,272,246,248,248,248,247,246,246,247,281,,,,,,,,,,,,,,,,,,,,,,,,,,,,,,,,,,,,,,,,,,,,,,,,,,,,,,,,,,,,,,,,,,,,,,,,,,,,,,,,,,,,
,,,,,,,272,247,247,248,246,246,248,246,264,,,,,,,,,,,,,,,,,,,,,,,,,,,,,,,,,,,,,,,,,,,,,,,,,,,,,,,,,,,,,,,,,,,,,,,,,,,,,,,,,,,,
,,,,,,,282,248,246,246,249,248,248,248,271,267,267,267,267,267,,,,,,,,,,,,,,,,,,,,,,,,,,,,,,,,,,,,,,,,,,,,,,,,,,,,,,,,,,,,,,,,,,,,,,,,,,,,,,,
,,,,,,,265,247,248,248,246,248,248,248,247,248,246,248,246,247,264,,,,,,,,,,,,,,,,,,,,,,,,,,,,,,,,,,,,,,,,,,,,,,,,,,,,,,,,,,,,,,,,,,,,,,,,,,,,,,
,,,,,,,282,249,249,248,246,248,248,246,249,249,247,248,246,247,281,,,,,,,,,,,,,,,,,,,,,,,,,,,,,,,,,,,,,,,,,,,,,,,,,,,,,,,,,,,,,,,,,,,,,,,,,,,,,,
,,,,,,,282,247,247,248,249,247,246,248,248,249,246,246,247,248,281,,,,,,,,,,,,,,,,,,,,,,,,,,,,,,,,,,,,,,,,,,,,,,,,,,,,,,,,,,,,,,,,,,,,,,,,,,,,,,
,,,,,,,,68,249,246,247,249,246,248,247,247,246,248,246,247,264,,,,,,,,,,,,,,,,,,,,,,,,,,,,,,,,,,,,,,,,,,,,,,,,,,,,,,,,,,,,,,,,,,,,,,,,,,,,,,
,,,,,,,265,249,247,248,247,247,249,249,248,246,247,248,248,246,271,267,267,267,267,267,267,267,267,267,267,267,267,267,,,,,,,,,,,,,,,,,,,,,,,,,,,,,,,,,,,,,,,,,,,,,,,,,,,,,,,,,,,,,,,,,
,,,,,,,265,246,249,249,246,246,247,246,248,246,247,247,247,248,247,246,247,247,247,246,248,246,247,246,246,247,247,248,264,,,,,,,,,,,,,,,,,,,,,,,,,,,,,,,,,,,,,,,,,,,,,,,,,,,,,,,,,,,,,,,,
,,,,,,,,266,266,266,266,266,68,247,248,247,249,247,247,248,247,248,247,247,247,248,247,248,248,247,248,247,246,246,264,,,,,,,,,,,,,,,,,,,,,,,,,,,,,,,,,,,,,,,,,,,,,,,,,,,,,,,,,,,,,,,,
,,,,,,,,,,,,,68,246,248,248,246,249,248,248,246,246,248,248,248,246,246,247,246,247,248,246,248,248,281,,,,,,,,,,,,,,,,,,,,,,,,,,,,,,,,,,,,,,,,,,,,,,,,,,,,,,,,,,,,,,,,
,,,,,,,,,,,,265,248,247,248,247,246,249,247,248,248,247,247,247,248,248,246,248,247,248,248,246,246,248,264,,,,,,,,,,,,,,,,,,,,,,,,,,,,,,,,,,,,,,,,,,,,,,,,,,,,,,,,,,,,,,,,
,,,,,,,,,,,,,68,248,249,248,247,248,248,248,247,248,246,247,246,246,248,247,246,247,246,246,247,246,271,267,,,,,,,,,,,,,,,,,,,,,,,,,,,,,,,,,,,,,,,,,,,,,,,,,,,,,,,,,,,,,,,
,,,,,,,,,,,,,68,247,246,246,249,249,247,248,248,249,248,246,249,246,246,249,246,247,249,249,246,248,249,247,264,,,,,,,,,,,,,,,,,,,,,,,,,,,,,,,,,,,,,,,,,,,,,,,,,,,,,,,,,,,,,,
,,,,,,,,,,,,282,247,249,246,246,248,247,246,247,247,249,247,249,248,249,247,246,248,246,247,246,249,249,248,247,264,,,,,,,,,,,,,,,,,,,,,,,,,,,,,,,,,,,,,,,,,,,,,,,,,,,,,,,,,,,,,,
,,,,,,,,267,,,,,68,249,246,249,248,246,247,247,248,249,249,246,248,246,246,246,249,249,249,249,248,247,246,246,264,,,,,,,,,,,,,,,,,,,,,,,,,,,,,,,,,,,,,,,,,,,,,,,,,,,,,,,,,,,,,,
267,,,,,,,265,248,264,,,,68,246,246,246,246,248,248,249,248,247,248,249,249,249,246,246,246,248,246,248,246,249,248,249,281,,,,,,,,,,,,,,,,,,,,,,,,,,,,,,,,,,,,,,,,,,,,,,,,,,,,,,,,,,,,,,
248,271,,,,,,,266,,,,265,247,249,247,248,248,248,246,249,246,247,247,247,249,246,246,249,249,248,248,246,246,247,249,248,281,,,,,,,,,,,,,,,,,,,,,,,,,,,,,,,,,,,,,,,,,,,,,,,,,,,,,,,,,,,,,,
247,246,271,,,,267,,,,,,,68,249,248,247,249,247,248,246,246,248,247,247,248,247,247,248,248,246,247,246,249,246,249,249,281,,,,,,,,,,,,,,,,,,,,,,,,,,,,,,,,,,,,,,,,,,,,,,,,,,,,,,,,,,,,,,
246,247,246,271,267,273,247,271,,,,267,,68,249,248,249,246,249,246,247,247,248,247,270,272,246,249,246,248,247,247,247,249,249,246,246,264,,,,,,,,,,,,,,,,,,,,,,,,,,,,,,,,,,,,,,,,,,,,,,,,,,,,,,,,,,,,,,
249,249,246,248,247,247,249,246,271,,265,246,271,68,249,249,246,248,248,246,246,247,246,270,,265,248,91,91,91,247,247,248,249,249,249,246,281,,,,,,,,,,,,,,,,,,,,,,,,,,,,,,,,,,,,,,,,,,,,,,,,,,,,,,,,,,,,,,
249,247,248,247,247,249,246,248,246,281,282,249,247,249,249,248,249,247,246,247,247,247,247,264,,,92,91,91,91,246,246,249,248,247,249,248,281,,,,,,,,,,,,,,,,,,,,,,,,,,,,,,,,,,,,,,,,,,,,,,,,,,,,,,,,,,,,,,
247,248,274,247,246,246,249,249,246,264,282,246,248,248,246,247,246,247,247,249,249,249,246,264,,,92,91,91,91,248,248,248,247,247,249,249,281,,,,,,,,,,,,,,,,,,,,,,,,,,,,,,,,,,,,,,,,,,,,,,,,,,,,,,,,,,,,,,
246,246,268,249,246,249,249,247,247,264,282,247,248,247,249,339,339,339,339,339,339,339,276,,,,92,91,91,91,248,249,247,246,249,248,249,281,,,,,,,,,,,,,,,,,,,,,,,,,,,,,,,,,,,,,,,,,,,,,,,,,,,,,,,,,,,,,,
246,246,279,246,246,247,246,247,248,281,265,248,248,249,247,339,339,249,247,248,246,246,246,281,,,92,91,91,91,247,248,248,247,248,249,247,264,,,,,,,,,,,,,,,,,,,,,,,,,,,,,,,,,,,,,,,,,,,,,,,,,,,,,,,,,,,,,,
249,247,279,248,247,247,248,246,247,281,265,249,248,246,248,249,339,249,247,247,248,248,247,281,,,92,91,91,91,249,246,248,248,247,247,248,281,,,,,,,,,,,,,,,,,,,,,,,,,,,,,,,,,,,,,,,,,,,,,,,,,,,,,,,,,,,,,,
247,248,268,246,246,246,247,247,247,264,282,249,247,247,248,247,339,247,249,247,246,248,248,271,,282,249,91,91,91,249,249,249,247,247,247,249,264,,,,,,,,,,,,,,,,,,,,,,,,,,,,,,,,,,,,,,,,,,,,,,,,,,,,,,,,,,,,,,
246,248,271,280,272,246,248,249,246,264,282,248,247,246,249,247,339,249,248,246,249,247,248,246,271,273,248,247,248,246,249,248,246,248,247,248,248,264,,,,,,,,,,,,,,,,,,,,,,,,,,,,,,,,,,,,,,,,,,,,,,,,,,,,,,,,,,,,,,
249,246,248,247,264,266,272,246,249,271,265,247,247,249,247,248,339,249,248,247,248,247,246,246,249,248,246,247,246,247,248,247,246,248,247,249,249,264,,,,,,,,,,,,,,,,,,,,,,,,,,,,,,,,,,,,,,,,,,,,,,,,,,,,,,,,,,,,,,
266,266,266,266,,,,266,272,246,421,247,270,266,266,266,266,272,248,248,249,246,247,248,246,248,249,247,249,249,249,249,249,247,248,249,246,264,,,,,,,,,,,,,,,,,,,,,,,,,,,,,,,,,,,,,,,,,,,,,,,,,,,,,,,,,,,,,,
,,,,,,,,,266,,266,,,,,,265,248,249,247,247,246,246,249,246,246,246,248,247,248,246,248,249,248,248,247,264,,,,,,,,,,,,,,,,,,,,,,,,,,,,,,,,,,,,,,,,,,,,,,,,,,,,,,,,,,,,,,
,,,,,,,,,,,,,,,,,265,248,249,248,246,248,248,248,248,248,246,249,246,246,249,247,249,247,249,248,281,,,,,,,,,,,,,,,,,,,,,,,,,,,,,,,,,,,,,,,,,,,,,,,,,,,,,,,,,,,,,,
,,,,,,,,,,,,,,267,,,282,246,247,249,246,247,248,249,248,247,248,249,247,246,249,248,249,249,246,249,271,267,267,267,267,267,267,267,267,267,267,267,267,267,267,267,267,267,,,,,,,,,,,,,,,,,,,,,,,,,,,,,,,,,,,,,,,,,,,,,
,,,,,,,,,,,,,265,247,264,,265,249,248,248,248,246,249,247,248,249,247,247,248,248,249,247,248,246,247,246,246,248,249,249,246,246,249,246,247,249,248,247,246,248,246,249,246,247,264,,,,,,,,,,,,,,,,,,,,,,,,,,,,,,,,,,,,,,,,,,,,
,,,,,,,267,,,,,,,266,,,282,247,247,246,247,249,246,248,249,247,246,247,246,249,247,248,248,247,247,246,248,248,249,249,246,249,246,249,248,247,247,247,246,248,246,248,247,249,264,,,,,,,,,,,,,,,,,,,,,,,,,,,,,,,,,,,,,,,,,,,,
,,,,,,265,246,264,,,,,,,,,265,248,248,248,248,246,247,246,270,266,266,266,266,266,266,266,272,249,247,249,246,249,247,248,247,246,249,248,246,248,248,249,246,246,247,248,249,246,281,,,,,,,,,,,,,,,,,,,,,,,,,,,,,,,,,,,,,,,,,,,,
267,,,,,,,266,,,,,,,,,,265,249,249,248,249,248,246,248,264,,,,,,,,265,249,247,249,248,249,248,246,247,246,249,249,248,249,248,247,249,249,247,249,249,248,264,,,,,,,,,,,,,,,,,,,,,,,,,,,,,,,,,,,,,,,,,,,,
247,271,,,,,,,,,,,267,,,,,265,248,249,249,247,248,247,248,264,,,,,,,,265,247,248,247,249,248,246,247,247,246,249,247,246,248,246,248,246,246,246,247,248,249,264,,,,,,,,,,,,,,,,,,,,,,,,,,,,,,,,,,,,,,,,,,,,
248,246,271,,,,,,,,,265,246,281,,,,265,248,248,249,249,249,247,248,264,,,,,,,,265,246,246,246,249,248,246,246,246,247,249,248,248,249,246,246,247,249,246,249,248,247,281,,,,,,,,,,,,,,,,,,,,,,,,,,,,,,,,,,,,,,,,,,,,
246,248,247,271,,,,,,,,,266,,,,,282,249,248,248,246,246,247,247,264,,,,,,,,282,249,247,246,246,246,247,247,248,246,247,247,246,248,247,248,249,247,248,248,246,246,281,,,,,,,,,,,,,,,,,,,,,,,,,,,,,,,,,,,,,,,,,,,,
249,246,248,247,271,,,,,,,,,,,,,265,246,249,249,246,246,248,248,264,,,,,,,,265,248,247,247,249,247,247,246,248,246,246,247,248,246,246,249,249,248,249,247,246,247,264,,,,,,,,,,,,,,,,,,,,,,,,,,,,,,,,,,,,,,,,,,,,
248,249,248,246,247,271,,,,,,,,,,,,265,248,248,246,248,248,247,246,264,,,,,,,,265,247,248,247,246,248,246,249,246,246,249,246,248,248,247,246,248,248,246,249,247,249,264,,,,,,,,,,,,,,,,,,,,,,,,,,,,,,,,,,,,,,,,,,,,
247,247,246,246,246,246,271,,,,,267,,,,,,265,248,249,246,249,249,248,246,271,267,267,267,267,267,267,267,273,246,247,247,248,246,247,247,248,274,249,249,247,249,247,249,249,247,247,248,247,246,264,,,,,,,,,,,,,,,,,,,,,,,,,,,,,,,,,,,,,,,,,,,,
249,249,249,248,248,246,248,264,,,282,247,271,267,267,267,267,273,247,246,248,247,248,248,246,247,248,248,248,249,247,248,247,247,247,249,247,249,247,248,247,247,268,247,248,247,249,247,248,248,247,248,246,246,247,264,,,,,,,,,,,,,,,,,,,,,,,,,,,,,,,,,,,,,,,,,,,,
246,246,248,249,248,247,246,281,,,265,246,248,246,248,246,247,248,247,249,248,248,249,247,248,246,246,246,248,248,246,246,249,247,249,248,249,249,249,246,246,246,268,247,247,249,247,248,248,246,247,246,246,247,247,264,,,,,,,,,,,,,,,,,,,,,,,,,,,,,,,,,,,,,,,,,,,,
249,248,249,249,249,247,248,281,,,282,248,246,249,249,249,249,246,248,246,249,247,247,246,248,246,249,246,246,247,246,246,246,249,248,249,246,247,247,247,246,246,279,246,249,249,248,248,249,247,247,247,248,249,246,281,,,,,,,,,,,,,,,,,,,,,,,,,,,,,,,,,,,,,,,,,,,,
249,249,248,246,246,246,249,281,,,265,246,247,248,249,247,247,247,249,248,248,248,248,247,248,249,249,248,248,247,247,249,247,247,246,247,248,249,249,246,246,249,268,247,246,247,249,247,248,249,246,248,249,249,246,281,,,,,,,,,,,,,,,,,,,,,,,,,,,,,,,,,,,,,,,,,,,,
248,246,246,246,246,247,249,264,,,282,246,249,248,249,248,246,246,246,248,248,246,248,247,249,246,246,248,248,248,249,248,246,247,249,249,247,248,248,246,248,270,273,249,249,248,247,246,246,248,249,246,249,249,246,271,267,267,267,267,267,267,267,267,267,267,267,267,267,267,267,267,,,,,,,,,,,,,,,,,,,,,,,,,,,,
247,249,249,249,246,247,247,264,,,282,247,249,249,246,246,249,247,246,249,247,248,246,246,246,246,248,246,248,249,246,249,246,248,247,248,247,246,247,246,247,268,248,247,246,248,248,248,249,249,248,247,246,248,247,247,247,247,246,247,249,248,246,247,248,247,247,246,247,248,247,249,264,,,,,,,,,,,,,,,,,,,,,,,,,,,
249,248,247,247,247,249,246,264,,,282,249,248,249,246,249,248,247,247,247,248,247,246,249,248,248,246,249,246,247,247,248,249,248,248,247,248,247,248,246,249,317,248,247,248,246,246,248,246,248,246,249,247,249,247,246,246,248,248,246,246,248,247,247,249,246,248,247,246,249,248,247,281,,,,,,,,,,,,,,,,,,,,,,,,,,,
247,246,248,247,247,248,246,281,,,265,247,249,246,248,246,247,248,246,248,249,248,246,247,248,246,249,246,247,248,249,247,249,247,249,248,248,247,246,247,246,279,246,246,249,248,247,249,249,248,248,247,249,248,249,246,249,247,246,249,249,248,248,247,249,249,248,246,247,248,248,246,281,,,,,,,,,,,,,,,,,,,,,,,,,,,
247,246,246,248,246,246,249,264,,,273,248,247,246,248,249,249,248,246,249,247,246,249,247,249,249,249,247,246,248,274,249,248,248,249,248,247,248,248,246,270,265,249,246,249,247,249,249,249,248,248,249,249,246,248,246,249,248,248,249,246,249,249,246,247,249,249,247,249,246,249,246,281,,,,,,,,,,,,,,,,,,,,,,,,,,,
247,246,246,246,249,247,248,281,,273,248,246,246,248,246,248,247,248,246,248,248,246,248,246,246,248,249,248,247,246,279,249,246,247,278,246,270,272,248,270,267,273,246,246,248,249,249,248,249,248,246,246,247,246,248,247,247,247,247,246,248,246,247,248,247,247,247,246,248,247,247,247,264,,,,,,,,,,,,,,,,,,,,,,,,,,,
247,247,248,246,247,249,249,264,273,249,247,247,247,249,249,246,249,246,248,246,249,249,247,246,248,248,249,246,247,248,268,249,247,248,246,276,,282,246,268,248,339,249,248,247,247,247,248,246,247,247,248,246,249,247,246,249,246,246,247,247,246,248,248,246,246,246,247,246,249,249,249,264,,,,,,,,,,,,,,,,,,,,,,,,,,,
247,249,246,247,247,246,247,279,246,246,248,249,247,246,247,249,247,247,246,247,246,248,249,248,246,249,248,247,247,248,279,247,249,249,246,248,264,267,280,273,248,276,272,246,247,246,246,247,249,249,246,247,249,247,249,247,247,248,247,247,246,246,247,247,246,249,247,249,246,248,246,248,281,,,,,,,,,,,,,,,,,,,,,,,,,,,
246,249,248,247,249,249,249,268,249,248,247,248,247,247,248,248,247,248,247,247,247,248,249,249,249,246,246,249,249,246,264,272,248,246,249,249,317,246,247,248,247,247,271,272,248,246,248,248,248,249,247,248,246,248,249,248,249,247,249,249,249,248,249,248,248,249,247,246,249,249,247,247,264,,,,,,,,,,,,,,,,,,,,,,,,,,,
247,249,249,248,248,248,270,265,247,249,246,248,246,246,249,248,249,248,246,248,270,266,272,249,246,246,248,248,248,246,281,265,248,248,247,248,279,248,248,246,249,247,247,271,272,248,246,249,248,248,246,247,246,246,249,249,246,247,246,248,249,246,246,246,249,249,246,249,248,246,249,247,281,,,,,,,,,,,,,,,,,,,,,,,,,,,
246,247,247,249,247,270,,265,246,270,266,266,266,266,266,266,272,248,270,266,,267,,266,272,246,270,272,247,247,281,265,247,270,266,266,265,248,247,249,247,247,247,249,271,272,246,249,246,246,246,246,247,249,247,246,246,247,249,246,247,249,246,248,249,249,248,248,248,247,246,248,281,,,,,,,,,,,,,,,,,,,,,,,,,,,
246,249,248,270,266,,,,266,,,,,,,,,266,,,282,248,264,,265,247,264,,272,249,264,,266,,,,282,247,246,247,248,247,248,249,246,279,249,246,249,247,249,247,248,249,249,247,248,246,248,246,249,249,247,246,249,247,246,246,248,249,247,248,264,,,,,,,,,,,,,,,,,,,,,,,,,,,
246,248,270,,,,,,,,,,,,,,,,,,282,249,271,,,266,,,,266,,,,,,,282,246,246,248,247,247,247,249,248,317,247,249,247,247,248,247,249,246,247,247,274,248,270,280,266,269,272,249,249,246,248,249,246,248,248,249,281,,,,,,,,,,,,,,,,,,,,,,,,,,,
246,270,,,,,,,,,,,,,,,,,,,265,248,249,281,,,,,,,,,,,,,282,249,248,246,246,246,246,10,10,22,10,10,246,247,246,246,246,248,246,248,281,280,282,247,279,246,279,247,249,249,249,249,249,248,249,249,281,,,,,,,,,,,,,,,,,,,,,,,,,,,
246,264,,267,,,,,,,,,,,,,,,,,282,249,247,264,,,,,,,,,,,,,282,246,278,249,247,248,246,10,55,,56,10,247,249,247,247,247,247,248,248,279,249,279,247,279,249,268,249,247,248,248,247,248,248,246,247,264,,,,,,,,,,,,,,,,,,,,,,,,,,,
246,281,282,247,264,,,,,,,,,,,,,,,,282,249,270,,,267,,,,,,,,,,,265,247,247,248,247,248,247,10,,,76,10,248,247,249,248,249,247,249,247,275,247,281,266,273,249,275,246,246,249,249,247,247,248,247,246,264,,,,,,,,,,,,,,,,,,,,,,,,,,,
247,264,,266,,,,,,,,,,,,,,,,,265,247,264,,282,246,271,,,,,,,,,,265,249,247,247,248,248,246,10,55,,56,10,247,247,246,247,247,247,247,247,247,246,271,282,248,249,246,249,247,246,249,246,248,247,248,247,281,,,,,,,,,,,,,,,,,,,,,,,,,,,
246,271,,,,,267,,,,,267,,,,,,267,,,,266,,,265,248,246,271,267,,,,267,,,,265,248,247,249,246,247,249,10,10,22,10,10,249,247,248,247,249,247,248,249,247,248,247,279,249,249,246,249,247,246,248,248,246,247,246,246,281,,,,,,,,,,,,,,,,,,,,,,,,,,,
248,247,271,,,273,246,281,267,267,265,246,271,267,,,265,248,271,267,267,267,267,267,273,249,247,246,249,271,267,265,248,264,,267,265,246,270,280,272,247,249,249,247,246,247,249,246,248,248,248,246,248,249,249,247,246,248,279,246,247,246,246,249,249,246,246,246,248,249,248,264,,,,,,,,,,,,,,,,,,,,,,,,,,,
247,247,249,281,273,249,247,275,248,247,275,247,249,247,271,,273,248,246,249,247,246,247,247,247,248,248,246,247,249,248,275,246,271,273,247,271,280,273,249,279,246,249,249,247,249,248,248,249,246,249,247,247,249,246,246,247,246,249,268,247,247,248,248,248,249,249,249,248,246,248,248,281,,,,,,,,,,,,,,,,,,,,,,,,,,,
246,249,246,268,246,247,246,248,247,249,248,248,247,248,249,268,246,247,246,246,247,249,249,247,249,246,246,249,249,246,246,247,247,247,247,247,247,248,246,246,279,247,246,249,248,246,247,248,247,246,246,246,249,248,246,246,246,246,246,268,248,247,249,249,246,246,246,247,246,246,248,247,264,,,,,,,,,,,,,,,,,,,,,,,,,,,
246,246,248,279,249,249,249,249,247,249,246,248,246,248,249,200,247,246,249,247,247,249,246,248,247,249,247,247,249,246,246,246,249,246,248,249,248,248,249,249,279,248,248,248,248,248,248,248,249,248,247,248,248,246,247,249,248,246,246,279,249,248,246,248,249,248,249,248,248,247,247,247,264,,,,,,,,,,,,,,,,,,,,,,,,,,,
247,247,249,279,249,246,249,248,247,247,249,246,249,247,248,279,246,247,248,248,246,248,248,246,246,249,248,247,246,247,247,248,247,246,247,246,246,248,247,248,268,249,249,247,249,248,248,248,249,246,248,249,249,246,247,248,247,248,246,317,249,246,249,247,248,246,249,246,249,247,246,249,264,,,,,,,,,,,,,,,,,,,,,,,,,,,
246,246,246,268,247,248,248,249,249,248,248,247,249,246,246,268,246,246,249,247,247,247,247,246,246,248,248,246,249,247,248,248,248,248,246,247,248,248,246,249,279,247,246,247,247,247,246,247,249,246,249,249,270,272,248,246,249,247,249,279,249,247,246,246,248,247,246,248,248,249,249,246,264,,,,,,,,,,,,,,,,,,,,,,,,,,,
249,248,247,268,248,248,249,247,247,249,248,247,246,247,246,268,248,246,247,248,249,248,246,247,248,247,246,246,247,247,247,248,248,247,249,247,249,247,248,246,268,246,248,248,246,249,248,246,249,247,247,270,,282,246,249,248,248,248,279,248,249,246,247,248,247,247,247,246,249,247,247,281,,,,,,,,,,,,,,,,,,,,,,,,,,,
248,246,246,268,247,249,249,248,246,248,248,248,246,246,249,279,248,247,248,247,246,246,247,248,249,247,249,247,247,247,247,246,248,249,248,247,248,248,249,270,265,248,246,248,248,249,249,248,249,246,248,264,,282,248,249,247,247,270,282,248,249,249,246,248,249,248,249,249,246,246,246,281,,,,,,,,,,,,,,,,,,,,,,,,,,,
247,248,247,279,247,247,247,246,249,247,248,248,249,247,249,275,248,246,249,247,248,248,248,247,247,248,248,246,246,248,249,247,248,247,248,246,249,247,276,,,272,249,247,247,248,248,248,249,246,248,264,,282,247,247,246,270,,265,246,276,266,68,248,249,247,248,248,246,247,247,281,,,,,,,,,,,,,,,,,,,,,,,,,,,
249,247,248,279,247,248,248,247,247,249,248,247,246,248,248,249,247,246,248,249,246,246,247,247,249,247,246,246,248,246,249,247,246,246,247,249,249,248,247,271,267,267,280,280,269,280,280,280,280,280,269,,,,266,272,247,264,267,,272,246,264,68,247,247,247,247,247,247,248,249,264,,,,,,,,,,,,,,,,,,,,,,,,,,,
248,248,339,268,246,246,246,247,249,249,249,248,247,247,248,246,246,247,246,248,249,247,246,248,247,248,248,248,247,246,246,249,248,246,246,248,249,247,249,246,247,249,247,248,248,248,249,246,249,248,249,264,,,,,266,265,246,281,,266,,68,246,247,249,247,246,249,247,249,281,,,,,,,,,,,,,,,,,,,,,,,,,,,
248,249,339,275,247,246,248,247,246,246,248,246,249,249,249,248,246,247,247,249,248,246,248,247,247,247,248,246,247,246,248,247,248,248,247,249,247,248,247,248,247,249,249,249,247,248,248,247,248,246,276,,,,,,,265,246,264,,,265,249,248,248,247,248,249,249,246,246,264,,,,,,,,,,,,,,,,,,,,,,,,,,,
249,248,339,247,249,248,246,248,247,246,247,248,249,247,249,247,246,248,246,249,248,249,249,249,248,249,249,247,248,248,246,248,248,246,248,249,249,248,248,249,248,248,248,249,247,248,249,248,247,247,247,281,,,,,,265,246,264,,,282,249,249,246,246,247,248,247,248,248,281,,,,,,,,,,,,,,,,,,,,,,,,,,,
249,249,339,246,246,247,249,246,248,246,249,249,249,247,248,249,249,248,246,249,246,246,249,247,247,249,249,248,246,246,249,249,247,247,248,246,247,246,246,246,249,249,248,249,249,247,246,248,247,246,270,,,,267,,,,266,,,,282,249,247,249,247,247,246,246,247,249,281,,,,,,,,,,,,,,,,,,,,,,,,,,,
247,246,339,249,248,246,249,248,248,247,246,246,247,249,247,249,247,249,249,249,248,249,248,247,249,246,246,246,247,246,248,246,246,246,248,246,248,248,248,249,248,248,246,249,249,247,339,339,339,339,281,,,265,248,281,,,,267,,,,68,246,248,248,247,248,249,246,246,281,,,,,,,,,,,,,,,,,,,,,,,,,,,
248,247,339,247,246,249,246,246,247,249,246,247,247,249,249,246,247,249,247,249,249,249,247,249,246,246,249,247,248,246,246,248,246,246,246,247,249,246,249,249,246,247,246,247,246,247,339,339,249,247,271,,,282,247,281,,,265,249,271,,,68,247,249,248,246,249,249,248,247,281,,,,,,,,,,,,,,,,,,,,,,,,,,,
249,248,339,339,246,249,247,246,249,246,246,246,246,247,247,246,246,246,247,247,247,248,249,249,246,247,248,249,246,249,248,249,249,247,249,246,247,249,246,249,248,247,247,249,249,248,249,339,247,248,249,271,,265,246,271,,,273,248,246,271,267,68,246,246,249,247,246,246,246,248,264,,,,,,,,,,,,,,,,,,,,,,,,,,,
247,246,270,272,246,247,246,246,247,246,249,247,248,246,246,247,247,246,249,247,246,247,246,246,246,249,247,246,248,247,248,249,247,249,247,246,247,248,248,248,247,248,246,249,246,248,246,339,249,249,249,247,271,273,249,248,271,273,247,247,248,249,249,248,247,247,248,246,247,248,246,247,264,,,,,,,,,,,,,,,,,,,,,,,,,,,
248,249,264,265,248,247,247,248,248,247,246,247,247,246,246,247,247,247,249,247,246,247,246,248,246,247,249,247,247,249,247,249,247,248,248,247,249,246,247,249,249,247,246,249,246,249,247,339,247,246,246,246,248,248,247,247,249,247,248,247,246,246,248,249,246,247,247,249,249,247,247,247,264,,,,,,,,,,,,,,,,,,,,,,,,,,,
246,249,271,273,248,247,247,247,249,249,247,249,246,270,266,266,266,266,266,266,266,266,266,266,266,266,266,266,266,266,266,266,266,266,266,266,266,266,272,249,249,249,249,248,247,246,248,339,246,249,249,249,246,247,248,246,247,246,247,247,247,247,248,249,246,249,248,247,248,247,248,247,281,,,,,,,,,,,,,,,,,,,,,,,,,,,
246,249,248,248,248,249,247,247,248,248,247,246,249,264,,,,,,,,,,,,,,,,,,,,,,,,,282,249,249,248,247,249,246,247,248,339,248,249,247,247,247,249,248,247,247,246,246,246,249,248,247,247,248,246,247,246,248,247,249,248,281,,,,,,,,,,,,,,,,,,,,,,,,,,,
249,249,246,247,246,247,247,247,246,247,246,247,249,264,,,,,,,,,,,,,,,,,,,,,,,,,282,248,246,246,246,249,247,249,246,339,249,247,247,246,247,247,247,248,246,248,247,247,247,249,246,246,249,246,246,247,247,246,249,247,264,,,,,,,,,,,,,,,,,,,,,,,,,,,
249,247,247,249,246,247,248,246,248,248,247,247,249,264,,,,,,,,,,,,,,,,,,,,,,,,,282,247,248,247,248,249,249,246,249,339,248,247,247,247,247,248,249,249,247,246,249,248,247,249,249,247,248,247,247,246,246,247,246,247,264,,,,,,,,,,,,,,,,,,,,,,,,,,,
246,248,249,249,249,247,248,247,249,247,248,246,248,264,,,,,,,,,,,,,,,,,,,,,,,,,265,247,247,247,249,249,247,249,247,339,246,249,246,246,246,249,248,249,247,246,247,247,246,246,249,247,248,249,249,248,246,248,249,247,264,,,,,,,,,,,,,,,,,,,,,,,,,,,
246,246,249,249,247,249,249,249,246,246,246,249,247,264,,,,,,,,,,,,,,,,,,,,,,,,,282,247,246,246,248,246,249,246,248,339,248,246,249,248,246,246,246,249,248,249,247,249,247,247,248,247,248,247,249,247,246,249,249,246,264,,,,,,,,,,,,,,,,,,,,,,,,,,,
266,266,266,266,266,266,266,266,266,266,266,266,266,,,,,,,,,,,,,,,,,,,,,,,,,,265,246,249,249,246,248,247,248,270,272,247,249,248,248,248,246,246,246,247,246,247,248,246,246,246,247,248,247,249,247,246,247,246,248,281,,,,,,,,,,,,,,,,,,,,,,,,,,,
,,,,,,,,,,,,,,,,,,,,,,,,,,,,,,,,,,,,,,265,247,249,248,249,247,248,249,281,,272,247,249,248,247,246,248,247,246,247,249,270,266,266,266,266,266,266,266,266,266,266,266,266,,,,,,,,,,,,,,,,,,,,,,,,,,,,
,,,,,,,,,,,,,,,,,,,,,,,,,,,,,,,,,,,,,,265,249,248,247,248,249,246,249,281,,282,249,247,249,247,247,248,246,248,246,248,281,,,,,,,,,,,,,,,,,,,,,,,,,,,,,,,,,,,,,,,,
,,,,,,,,,,,,,,,,,,,,,,,,,,,,,,,,,,,,,,265,246,247,248,246,246,248,246,271,267,273,247,247,246,246,249,246,249,248,246,247,281,,,,,,,,,,,,,,,,,,,,,,,,,,,,,,,,,,,,,,,,
,,,,,,,,,,,,,,,,,,,,,,,,,,,,,,,,,,,,,,282,249,248,247,247,246,249,247,248,249,247,246,246,246,246,249,248,249,246,247,246,264,,,,,,,,,,,,,,,,,,,,,,,,,,,,,,,,,,,,,,,,
,,,,,,,,,,,,,,,,,,,,,,,,,,,,,,,,,,,,,,282,248,247,249,248,249,248,248,246,248,247,246,249,248,246,248,248,246,249,247,248,281,,,,,,,,,,,,,,,,,,,,,,,,,,,,,,,,,,,,,,,,
,,,,,,,,,,,,,,,,,,,,,,,,,,,,,,,,,,,,,,265,246,249,247,248,249,246,249,248,246,247,249,249,246,246,249,247,248,249,247,249,281,,,,,,,,,,,,,,,,,,,,,,,,,,,,,,,,,,,,,,,,
BigDecor: 
,,,,,,,,,,,,,,,,,,,,,,,,,,,,,,,,,,,,,,,,,,,,,,,,,,,,,,,,,,,,,,,,,,,,,,,,,,,,,,,,,,,,,,,,,,,,,,,,,,,
,,,,,,,,,,,,,,,,,,,,,,,,,,,,,,,,,,,,,,,,,,,,,,,,,,,,,,,,,,,,,,,,,,,,,,,,,,,,,,,,,,,,,,,,,,,,,,,,,,,
,,,,,,,,,,,,,,,,,,,,,,,,,,,,,,,,,,,,,,,,,,,,,,,,,,,,,,,,,,,,,,,,,,,,,,,,,,,,,,,,,,,,,,,,,,,,,,,,,,,
,,,,,,,,,,,,,,,,,,,,,,,,,,,,,,,,,,,,,,,,,,,,,,,,,,,,,,,,,,,,,,,,,,,,,,,,,,,,,,,,,,,,,,,,,,,,,,,,,,,
,,,,,,21,,,,,,,,,,,,,,,,,,,,,,,,,,,,,,,,,,,,,,,,,,,,,,,,,,,,,,,,,,,,,,,,,,,,,,,,,,,,,,,,,,,,,,,,,,,,,
,,,,,,,,,,,,,,,,,,,,,,,,,,,,,,,,,,,,,,,,,,,,,,,,,,,,,,,,,,,,,,,,,,,,,,,,,,,,,,,,,,,,,,,,,,,,,,,,,,,
,,,,,,26,,,,,,,,,,,,,,,,,,,,,,,,,,,,,,,,,,,,,,,,,,,,,,,,,,,,,,,,,,,,,,,,,,,,,,,,,,,,,,,,,,,,,,,,,,,,,
,,,,,,,,,,,,,,,,,,,,,,,,,,,,,,,,,,,,,,,,,,,,,,,,,,,,,,,,,,,,,,,,,,,,,,,,,,,,,,,,,,,,,,,,,,,,,,,,,,,
,,,,,,,,,,,,,,,,,,,,,,,,,,,,,,,,,,,,,,,,,,,,,,,,,,,,,,,,,,,,,,,,,,,,,,,,,,,,,,,,,,,,,,,,,,,,,,,,,,,
,,,,,,,,,,,,,,,,,,,,,,,,,,,,,,,,,,,,,,,,,,,,,,,,,,,,,,,,,,,,,,,,,,,,,,,,,,,,,,,,,,,,,,,,,,,,,,,,,,,
,,,,,,20,,,,,,,,,,,,,,,,,,,,,,,,,,,,,,,,,,,,,,,,,,,,,,,,,,,,,,,,,,,,,,,,,,,,,,,,,,,,,,,,,,,,,,,,,,,,,
,,,,,,,,,,,,,,,,,,,,,,,,,,,,,,,,,,,,,,,,,,,,,,,,,,,,,,,,,,,,,,,,,,,,,,,,,,,,,,,,,,,,,,,,,,,,,,,,,,,
,,,,,,,,,,,,,,,,,,,,,,,,,,,,,,,,,,,,,,,,,,,,,,,,,,,,,,,,,,,,,,,,,,,,,,,,,,,,,,,,,,,,,,,,,,,,,,,,,,,
,,,,,,,,,,,,,,,,,,,,,,,,,,,,,,,,,,,,,,,,,,,,,,,,,,,,,,,,,,,,,,,,,,,,,,,,,,,,,,,,,,,,,,,,,,,,,,,,,,,
,,,,,,,,,,,,,,,,,,,,,,,,,,,,,,,,,,,,,,,,,,,,,,,,,,,,,,,,,,,,,,,,,,,,,,,,,,,,,,,,,,,,,,,,,,,,,,,,,,,
,,,,,,,,,,,,,,,,,,,,,,,,,,,,,,,,,,,,,,,,,,,,,,,,,,,,,,,,,,,,,,,,,,,,,,,,,,,,,,,,,,,,,,,,,,,,,,,,,,,
,,,,,,,,,,,,,,,,,,,,,,,,,,,,,,,,,,,,,,,,,,,,,,,,,,,,,,,,,,,,,,,,,,,,,,,,,,,,,,,,,,,,,,,,,,,,,,,,,,,
,,,,,,,,,,,,,,,,,,,,,,,,,,,,,,,,,,,,,,,,,,,,,,,,,,,,,,,,,,,,,,,,,,,,,,,,,,,,,,,,,,,,,,,,,,,,,,,,,,,
,,,,,,,,,,,,,,,,,,,,,,,,,,,,,,,,,,,,,,,,,,,,,,,,,,,,,,,,,,,,,,,,,,,,,,,,,,,,,,,,,,,,,,,,,,,,,,,,,,,
,,,,,,,,,,,,,,,,,,,,,,,,,,,,,,,,,,,,,,,,,,,,,,,,,,,,,,,,,,,,,,,,,,,,,,,,,,,,,,,,,,,,,,,,,,,,,,,,,,,
,,,,,,,,,,,,,,,,,,,,,,,,,,,,,,,,,,,,,,,,,,,,,,,,,,,,,,,,,,,,,,,,,,,,,,,,,,,,,,,,,,,,,,,,,,,,,,,,,,,
,,,,,,,,,,,,,,,,,,,,,,,,,,,,,,,,,,,,,,,,,,,,,,,,,,,,,,,,,,,,,,,,,,,,,,,,,,,,,,,,,,,,,,,,,,,,,,,,,,,
,,,,,,,,,,,,,,,,,,,,,,,,,,,,,,,,,,,,,,,,,,,,,,,,,,,,,,,,,,,,,,,,,,,,,,,,,,,,,,,,,,,,,,,,,,,,,,,,,,,
,,,,,,,,,,,,,,,,,,,,,,,,,,,,,,,,,,,,,,,,,,,,,,,,,,,,,,,,,,,,,,,,,,,,,,,,,,,,,,,,,,,,,,,,,,,,,,,,,,,
,,,,,,,,,,,,,,,,,,,,,,,,,,,,,203,,,,,,,,,,,,,,,,,,,,,,,,,,,,,,,,,,,,,,,,,,,,,,,,,,,,,,,,,,,,,,,,,,,,,,
,,,,,,,,,,,,,,,,,,,,,,,,,,,,,,,,,,,,,,,,,,,,,,,,,,,,,,,,,,,,,,,,,,,,,,,,,,,,,,,,,,,,,,,,,,,,,,,,,,,
,,,,,,,,,,,,,,,,,,,,,,,,,,,,,,,,,,,,,,,,,,,,,,,,,,,,,,,,,,,,,,,,,,,,,,,,,,,,,,,,,,,,,,,,,,,,,,,,,,,
,,,,,,,,,,,,,,,,,,,,,,,,,,,,,,,,,,,,,,,,,,,,,,,,,,,,,,,,,,,,,,,,,,,,,,,,,,,,,,,,,,,,,,,,,,,,,,,,,,,
,,,,,,,,,,,,,,,,,,,,,,,,,,,,,203,,,,,,,,,,,,,,,,,,,,,,,,,,,,,,,,,,,,,,,,,,,,,,,,,,,,,,,,,,,,,,,,,,,,,,
,,,,,,,,,,,,,,,,,,,,,,,,,,,,,203,,,,,,,,,,,,,,,,,,,,,,,,,,,,,,,,,,,,,,,,,,,,,,,,,,,,,,,,,,,,,,,,,,,,,,
,,,,,,,,,,,,,,,,,,,,,,,,,,,,,,,,,,,,,,,,,,,,,,,,,,,,,,,,,,,,,,,,,,,,,,,,,,,,,,,,,,,,,,,,,,,,,,,,,,,
,,,,,,,,,,,,,,,,,,,,,,,,,,,,,,,,,,,,,,,,,,,,,,,,,,,,,,,,,,,,,,,,,,,,,,,,,,,,,,,,,,,,,,,,,,,,,,,,,,,
,,,,,,,,,,,,,,,,29,,,,,,,,,,,,,,,,,,,,,,,,,,,,,,,,,,,,,,,,,,,,,,,,,,,,,,,,,,,,,,,,,,,,,,,,,,,,,,,,,,,
,,,,,,,,,,,,,,,,,,,,,,,,,,,,,,,,,,,,,,,,,,,,,,,,,,,,,,,,,,,,,,,,,,,,,,,,,,,,,,,,,,,,,,,,,,,,,,,,,,,
,,,,,,,,,,,,,,,,,,,,,,,,,,,,,,,,,,,,,,,,,,,,,,,,,,,,,,,,,,,,,,,,,,,,,,,,,,,,,,,,,,,,,,,,,,,,,,,,,,,
,,,,,,,,,,,,,,,,,,,,,,,,,,,,,,,,,,,,,,,,,,,,,,,,,,,,,,,,,,,,,,,,,,,,,,,,,,,,,,,,,,,,,,,,,,,,,,,,,,,
,,,,,,,,,,,,,,,,,,,,,,,,,,,,,,,,,,,,,,,,,,,,,,,,,,,,,,,,,,,,,,,,,,,,,,,,,,,,,,,,,,,,,,,,,,,,,,,,,,,
,,,,,,,,,,,,,,,,,,,,,,,,,,,,,,,,,,,,,,,,,,,,,,,,,,,,,,,,,,,,,,,,,,,,,,,,,,,,,,,,,,,,,,,,,,,,,,,,,,,
,,,,,,,,,,,,,,,,28,,,,,,,,,,,,,,,,,,,,,,,,,,,,,,,,,,,,,,,,,,,,,,,,,,,,,,,,,,,,,,,,,,,,,,,,,,,,,,,,,,,
,,,,,,,,,,,,,,,,,,,,,,,,,,,,,,,,,,,,,,,,,,,,,,,,,,,,,,,,,,,,,,,,,,,,,,,,,,,,,,,,,,,,,,,,,,,,,,,,,,,
,,,,,,,,,,,,,,,,,,,,,,,,,,,,,,,,,,,,,,,,,,,,,,,,,,,,,,,,,,,,,,,,,,,,,,,,,,,,,,,,,,,,,,,,,,,,,,,,,,,
,,,,,,,,,,,,,,,,,,,,,,,,,,,,,,,,,,,,,,,,,,,,,,,,,,,,,,,,,,,,,,,,,,,,,,,,,,,,,,,,,,,,,,,,,,,,,,,,,,,
,,,,,,,,,,,,,,,,,,,,,,,,,,,,,,,,,,,,,,,,,,,,,,,,,,,,,,,,,,,,,,,,,,,,,,,,,,,,,,,,,,,,,,,,,,,,,,,,,,,
,,,,,,,,,,,,,,,,30,,,,,,,,,,,,,,,,,,,,,,,,,,,,,,,,,,,,,,,,,,,,,,,,,,,,,,,,,,,,,,,,,,,,,,,,,,,,,,,,,,,
,,,,,,,,,,,,,,,,,,,,,,,,,,,,,,,,,,,,,,,,,,,,,,,,,,,,,,,,,,,,,,,,,,,,,,,,,,,,,,,,,,,,,,,,,,,,,,,,,,,
,,,,,,,,,,,,,,,,,,,,,,,,,,,,,,,,,,,,,,,,,,,,,,,,,,,,,,,,,,,,,,,,,,,,,,,,,,,,,,,,,,,,,,,,,,,,,,,,,,,
,,,,,,,,,,,,,,,,,,,,,,,,,,,,,,,,,,,,,,,,,,,,,,,,,,,,,,,,,,,,,,,,,,,,,,,,,,,,,,,,,,,,,,,,,,,,,,,,,,,
,,,,,,,,,,,,,,,,,,,,,,,,,,,,,,,,,,,,,,,,,,,,,,,,,,,,,,,,,,,,,,,,,,,,,,,,,,,,,,,,,,,,,,,,,,,,,,,,,,,
,,,,,,,,,,,,,,,,,,,,,,,,,,,,,,,,,,,,,,,,,,,,,,,,,,,,,,,,,,,,,,,,,,,,,,,,,,,,,,,,,,,,,,,,,,,,,,,,,,,
,,,,,,,,,,,,,,,,,,,,,,,,,,,,,,,,,,,,,,,,,,,,,,,,,,,,,,,,,,,,,,,,,,,,,,,,,,,,,,,,,,,,,,,,,,,,,,,,,,,
,,,,,,,,,,,,,,,,,,,,,,,,,,,,,,,,,,,,,,,,,,,,,,,,,,,,,,,,,,,,,,,,,,,,,,,,,,,,,,,,,,,,,,,,,,,,,,,,,,,
,,,,,,,,,,,,,,,,,,,,,,,,,,,,,,,,,,,,,,,,,,,,,,,,,,,,,,,,,,,,,,,,,,,,,,,,,,,,,,,,,,,,,,,,,,,,,,,,,,,
,,,,,,,,,,,,,,,,,,,,,,,,,,,,,,,,,,,,,,,,,,,,,,,,,,,,,,,,,,,,,,,,,,,,,,,,,,,,,,,,,,,,,,,,,,,,,,,,,,,
,,,,,,,,,,,,,,,,,,,,,,,,,,,,,,,,,,,,,,,,,,,,,,,,,,,,,,,,,,,,,,,,,,,,,,,,,,,,,,,,,,,,,,,,,,,,,,,,,,,
,,,,,,,,,,,,,,,,,,,,,,,,,,,,,,,,,,,,,,,,,,,,,,,,,,,,,,,,,,,,,,,,,,,,,,,,,,,,,,,,,,,,,,,,,,,,,,,,,,,
,,,,,,,,,,,,,,,,,,,,,,,,,,,,,,,,,,,,,,,,,,,,,,,,,,,,,,,,,,,,,,,,,,,,,,,,,,,,,,,,,,,,,,,,,,,,,,,,,,,
,,,,,,,,,,,,,,,,,,,,,,,,,,,,,,,,,,,,,,,,,,,,,,,,,,,,,,,,,,,,,,,,,,,,,,,,,,,,,,,,,,,,,,,,,,,,,,,,,,,
,,,,,,,,,,,,,,,,,,,,,,,,,,,,,,,,,,,,,,,,,,,,,,,,,,,,,,,,,,,,,,,,,,,,,,,,,,,,,,,,,,,,,,,,,,,,,,,,,,,
,,,,,,,,,,,,,,,,,,,,,,,,,,,,,,,,,,,,,,,,,,,,,,,,,,,,,,,,,,,,,,,,,,,,,,,,,,,,,,,,,,,,,,,,,,,,,,,,,,,
,,,,,,,,,,,,,,,,,,,,,,,,,,,,,,,,,,,,,,,,,,,,,,,,,,,,,,,,,,,,,,,,,,,,,,,,,,,,,,,,,,,,,,,,,,,,,,,,,,,
,,,,,,,,,,,,,,,,,,,,,,,,,,,,,,,,,,,30,,,,,,,,,,,,,,,,,,,,,,,,,,,,,,,,,,,,,,,,,,,,,,,,,,,,,,,,,,,,,,,,
,,,,,,,,,,,,,,,,,,,,,,,,,,,,,,,,,,,,,,,,,,,,,,,,,,,,,,,,,,,,,,,,,,,,,,,,,,,,,,,,,,,,,,,,,,,,,,,,,,,
,,,,,,,,,,,,,,,,,,,,,,,,,,,,,,,,,,,,,,,,,,,,,,,,,,,,,,,,,,,,,,,,,,,,,,,,,,,,,,,,,,,,,,,,,,,,,,,,,,,
,,,,,,,,,,,,,,,,,,,30,,,,,,,,,,,,,,,,31,,,,,,,,,,,,,,,,,,,,,,,,,,,,,,,,,,,,,,,,,,,,,,,,,,,,,,,,,,,,,,,,
,,,,,,,,,,,,,,,,,,,,,,,,,,,,,,,,,,,,,,,,,,,,,,,,,,,,,,,,,,,,,,,,,,,,,,,,,,,,,,,,,,,,,,,,,,,,,,,,,,,
,,,,,,,,,,,,,,,,,,,,,,,,,,,,,,,,,,,,,,,,,,,,,,,,,,,,,,,,,,,,,,,,,,,,,,,,,,,,,,,,,,,,,,,,,,,,,,,,,,,
,,,,,,,,,,,,,,,,,,,,,,,,,,,,,,,,,,,29,,,,,,,,,,,,,,,,,,,,,,,,,,,,,,,,,,,,,,,,,,,,,,,,,,,,,,,,,,,,,,,,
,,,,,,,,,,,,,,,,,,,,,,,,,,,,,,,,,,,,,,,,,,,,,,,,,,,,,,,,,,,,,,,,,,,,,,,,,,,,,,,,,,,,,,,,,,,,,,,,,,,
,,,,,,,,,,,,,,,,,,,,,,,,,,,,,,,,,,,,,,,,,,,,,,,,,,,,,,,,,,,,,,,,,,,,,,,,,,,,,,,,,,,,,,,,,,,,,,,,,,,
,,,,,,,,,,,,,,,,,,,,,,,,,,,,,,,,,,,,,,,,,,,,,,,,,,,,,,,,,,,,,,,,,,,,,,,,,,,,,,,,,,,,,,,,,,,,,,,,,,,
,,,,,,,,,,,,,,,,,,,,,,,,,,,,,,,,,,,,,,,,,,,,,,,,,,,,,,,,,,,,,,,,,,,,,,,,,,,,,,,,,,,,,,,,,,,,,,,,,,,
,,,,,,,,,,,,,,,,,,,,,,,,,,,,,,,,,,,,,,,,,,,,,,,,,,,,,,,,,,,,,,,,,,,,,,,,,,,,,,,,,,,,,,,,,,,,,,,,,,,
,,,,,,,,,,,,,,,,,,,,,,,,,,,,,,,,,,,,,,,,,,,,,,,,,,,,,,,,,,,,,,,,,,,,,,,,,,,,,,,,,,,,,,,,,,,,,,,,,,,
,,,,,,,,,,,,,,,,,,,,,,,,,,,,,,,,,,,,,,,,,,,,,,,,,,,,,,,,,,,,,,,,,,,,,,,,,,,,,,,,,,,,,,,,,,,,,,,,,,,
,,,,,,,,,,,,,,,,,,,,,,,,,,,,,,,,,,,,,,,,,,,,,,,,,,,,,,,,,,,,,,,,,,,,,,,,,,,,,,,,,,,,,,,,,,,,,,,,,,,
,,,,,,,,,,,,,,,,,,,,,,,,,,,,,,,,,,,,,,,,,,,,,,,,,,,,30,,,,,,,,,,,,,,,,,,,,,,,,,,,,,,,,,,,,,,,,,,,,,,,
,,,,,,,,,,,,,,,,,,,,,,,,,,,,,,,,,,,,,,,,,,,,,,,,,,,,,,,,,,,,,,30,,,,,,,,,,,,,,,,,,,,,,,,,,,,,,,,,,,,,
,,,,,,,,,,,,,,,,,,,,,,,,,,,,,,,,,,,,,,,,,,,,,,,,,,,,,,,,,,,,,,,,,,,,,,,,,,,,,,,,,,,,,,,,,,,,,,,,,,,
,,,,,,,,,,,,,,,,,,,,,,,,,,,,,,,,,,,,,,,,,,,,,,,,,,,,,,,,,,,,,,,,,,,,,,,,,,,,,,,,,,,,,,,,,,,,,,,,,,,
,,,,,,,,,,,,,,,,,,,,,,,,,,,,,,,,,,,,,,,,,,,,,,,,,,,,,,,,29,,,,,,,,,,,,,,,,,,,,,,,,,,,,,,,,,,,,,,,,,,,
,,,,,,,,,,,,,,,,,,,,,,,,,,,,,,,,,,,,,,,,,,,,,,,,,,,,,,,,,,,,,,,,,,,,,,,,,,,,,,,,,,,,,,,,,,,,,,,,,,,
,,,,,,,,,,,,,,,,,,,,,,,,,,,,,,,,,,,,,,,,,,,,,,,,,,,,,,,,,,,,,,,,,,,,,,,,,,,,,,,,,,,,,,,,,,,,,,,,,,,
,,,,,,,,,,,,,,,,,,,,,,,,,,,,,,,,,,,,,,,,,,,,,,,,,,,,30,,,,,,,,,,,,,,,,,,,,,,,,,,,,,,,,,,,,,,,,,,,,,,,
,,,,,,,,,,,,,,,,,,,,,,,,,,,,,,,,,,,,,,,,,,,,,,,,,,,,,,,,,30,,,,,30,,,,,,,,,,,,,,,,,,,,,,,,,,,,,,,,,,,,,
,,,,,,,,,,,,,,,,,,,,,,,,,,,,,,,,,,,,,,,,,,,,,,,,,,,,,,,,,,,,,,,,,,,,,,,,,,,,,,,,,,,,,,,,,,,,,,,,,,,
,,,,,,,,,,,,,,,,,,,,,,,,,,,,,,,,,,,,,,,,,,,,,,,,,,,,,,,,,,,,,,,,,,,,,,,,,,,,,,,,,,,,,,,,,,,,,,,,,,,
,,,,,,,,,,,,,,,,,,,,,,,,,,,,,,,,,,,,,,,,,,,,,,,,,,,,,,,,,,,,,,,,,,,,,,,,,,,,,,,,,,,,,,,,,,,,,,,,,,,
,,,,,,,,,,,,,,,,,,,,,,,,,,,,,,,,,,,,,,,,,,,,,,,,,,,,,,,,,,,,,,,,,,,,,,,,,,,,,,,,,,,,,,,,,,,,,,,,,,,
,,,,,,,,,,,,,,,,,,,,,,,,,,,,,,,,,,,,,,,,,,,,,,,,,,,,,,,,,,,,,,,,,,,,,,,,,,,,,,,,,,,,,,,,,,,,,,,,,,,
,,,,,,,,,,,,,,,,,,,,,,,,,,,,,,,,,,,,,,,,,,,,,,,,,,,,,,,,,,,,,,,,,,,,,,,,,,,,,,,,,,,,,,,,,,,,,,,,,,,
,,,,,,,,,,,,,,,,,,,,,,,,,,,,,,,,,,,,,,,,,,,,,,,,,,,,,,,,,,,,,,,,,,,,,,,,,,,,,,,,,,,,,,,,,,,,,,,,,,,
,,,,,,,,,,,,,,,,,,,,,,,,,,,,,,,,,,,,,,,,,,,,,,,,,,,,,,,,,,,,,,,,,,,,,,,,,,,,,,,,,,,,,,,,,,,,,,,,,,,
,,,,,,,,,,,,,,,,,,,,,,,,,,,,,,,,,,,,,,,,,,,,,,,,,,,,,,,,,,,,,,,,,,,,,,,,,,,,,,,,,,,,,,,,,,,,,,,,,,,
,,,,,,,,,,,,,,,,,,,,,,,,,,,,,,,,,,,,,,,,,,,,,,,,,,,,,,,,,,,,,,,,,,,,,,,,,,,,,,,,,,,,,,,,,,,,,,,,,,,
,,,,,,,,,,,,,,,,,,,,,,,,,,,,,,,,,,,,,,,,,,,,,,,,,,,,,,,,,,,,,,,,,,,,,,,,,,,,,,,,,,,,,,,,,,,,,,,,,,,
,,,,,,,,,,,,,,,,,,,,,,,,,,,,,,,,,,,,,,,,,,,,,,,,,,,,,,,,,,,,,,,,,,,,,,,,,,,,,,,,,,,,,,,,,,,,,,,,,,,
,,,,,,,,,,,,,,,,,,,,,,,,,,,,,,,,,,,,,,,,,,,,,,,,,,,,,,,,,,,,,,,,,,,,,,,,,,,,,,,,,,,,,,,,,,,,,,,,,,,
,,,,,,,,,,,,,,,,,,,,,,,,,,,,,,,,,,,,,,,,,,,,,,,,,,,,,,,,,,,,,,,,,,,,,,,,,,,,,,,,,,,,,,,,,,,,,,,,,,,
,,,,,,,,,,,,,,,,,,,,,,,,,,,,,,,,,,,,,,,,,,,,,,,,,,,,,,,,,,,,,,,,,,,,,,,,,,,,,,,,,,,,,,,,,,,,,,,,,,,
,,,,,,,,,,,,,,,,,,,,,,,,,,,,,,,,,,,,,,,,,,,,,,,,,,,,,,,,,,,,,,,,,,,,,,,,,,,,,,,,,,,,,,,,,,,,,,,,,,,
MoveObject: type=5 stepAdvance=1 stepRecede=1 timeStopStart=0 timeStopEnd=0 posStart=4162;2884 posEnd=4162;2884 posCurrent=4162;2884 step=1 time=0 phase=907 channel=10 icon=6 
MoveObject: type=3 stepAdvance=1 stepRecede=1 timeStopStart=0 timeStopEnd=0 posStart=3458;448 posEnd=3458;448 posCurrent=3458;448 step=1 time=0 phase=907 channel=10 icon=51 
MoveObject: type=2 stepAdvance=1 stepRecede=1 timeStopStart=0 timeStopEnd=0 posStart=2306;1092 posEnd=2306;1092 posCurrent=2306;1092 step=1 time=0 phase=907 channel=10 icon=15 
MoveObject: type=2 stepAdvance=1 stepRecede=1 timeStopStart=0 timeStopEnd=0 posStart=2626;1092 posEnd=2626;1092 posCurrent=2626;1092 step=1 time=0 phase=907 channel=10 icon=15 
MoveObject: type=2 stepAdvance=1 stepRecede=1 timeStopStart=0 timeStopEnd=0 posStart=2882;1092 posEnd=2882;1092 posCurrent=2882;1092 step=1 time=0 phase=907 channel=10 icon=15 
MoveObject: type=2 stepAdvance=1 stepRecede=1 timeStopStart=0 timeStopEnd=0 posStart=3970;1284 posEnd=3970;1284 posCurrent=3970;1284 step=1 time=0 phase=907 channel=10 icon=15 
MoveObject: type=2 stepAdvance=1 stepRecede=1 timeStopStart=0 timeStopEnd=0 posStart=4162;1284 posEnd=4162;1284 posCurrent=4162;1284 step=1 time=0 phase=907 channel=10 icon=15 
MoveObject: type=6 stepAdvance=1 stepRecede=1 timeStopStart=0 timeStopEnd=0 posStart=1602;136 posEnd=1602;136 posCurrent=1602;136 step=1 time=0 phase=907 channel=10 icon=23 
MoveObject: type=13 stepAdvance=1 stepRecede=1 timeStopStart=0 timeStopEnd=0 posStart=4674;3396 posEnd=4674;3396 posCurrent=4674;3396 step=1 time=0 phase=907 channel=10 icon=68 
MoveObject: type=2 stepAdvance=1 stepRecede=1 timeStopStart=0 timeStopEnd=0 posStart=5314;3716 posEnd=5314;3716 posCurrent=5314;3716 step=1 time=0 phase=907 channel=10 icon=15 
MoveObject: type=3 stepAdvance=1 stepRecede=1 timeStopStart=0 timeStopEnd=0 posStart=1666;576 posEnd=1666;576 posCurrent=1666;576 step=1 time=0 phase=907 channel=10 icon=51 
MoveObject: type=3 stepAdvance=1 stepRecede=1 timeStopStart=0 timeStopEnd=0 posStart=1794;576 posEnd=1794;576 posCurrent=1794;576 step=1 time=0 phase=907 channel=10 icon=51 
MoveObject: type=3 stepAdvance=1 stepRecede=1 timeStopStart=0 timeStopEnd=0 posStart=1922;576 posEnd=1922;576 posCurrent=1922;576 step=1 time=0 phase=907 channel=10 icon=51 
MoveObject: type=12 stepAdvance=1 stepRecede=1 timeStopStart=0 timeStopEnd=0 posStart=4992;192 posEnd=4992;192 posCurrent=4992;192 step=1 time=0 phase=907 channel=1 icon=246 
MoveObject: type=6 stepAdvance=1 stepRecede=1 timeStopStart=0 timeStopEnd=0 posStart=6018;3080 posEnd=6018;3080 posCurrent=6018;3080 step=1 time=0 phase=907 channel=10 icon=23 
MoveObject: type=1 stepAdvance=60 stepRecede=60 timeStopStart=10 timeStopEnd=10 posStart=768;512 posEnd=1152;512 posCurrent=972;512 step=2 time=32 phase=907 channel=1 icon=340 
MoveObject: type=40 stepAdvance=1 stepRecede=1 timeStopStart=0 timeStopEnd=0 posStart=4674;3784 posEnd=4674;3784 posCurrent=4674;3784 step=1 time=0 phase=907 channel=10 icon=194 
MoveObject: type=6 stepAdvance=1 stepRecede=1 timeStopStart=0 timeStopEnd=0 posStart=6082;3080 posEnd=6082;3080 posCurrent=6082;3080 step=1 time=0 phase=907 channel=10 icon=23 
MoveObject: type=6 stepAdvance=1 stepRecede=1 timeStopStart=0 timeStopEnd=0 posStart=6146;3080 posEnd=6146;3080 posCurrent=6146;3080 step=1 time=0 phase=907 channel=10 icon=23 
MoveObject: type=13 stepAdvance=1 stepRecede=1 timeStopStart=0 timeStopEnd=0 posStart=1474;1604 posEnd=1474;1604 posCurrent=1474;1604 step=1 time=0 phase=907 channel=10 icon=68 
MoveObject: type=6 stepAdvance=1 stepRecede=1 timeStopStart=0 timeStopEnd=0 posStart=1602;1864 posEnd=1602;1864 posCurrent=1602;1864 step=1 time=0 phase=907 channel=10 icon=23 
MoveObject: type=6 stepAdvance=1 stepRecede=1 timeStopStart=0 timeStopEnd=0 posStart=898;776 posEnd=898;776 posCurrent=898;776 step=1 time=0 phase=907 channel=10 icon=23 
MoveObject: type=1 stepAdvance=5 stepRecede=22 timeStopStart=2 timeStopEnd=2 posStart=1664;704 posEnd=1664;640 posCurrent=1664;698 step=4 time=20 phase=907 channel=1 icon=340 
MoveObject: type=6 stepAdvance=1 stepRecede=1 timeStopStart=0 timeStopEnd=0 posStart=1666;1864 posEnd=1666;1864 posCurrent=1666;1864 step=1 time=0 phase=907 channel=10 icon=23 
MoveObject: type=6 stepAdvance=1 stepRecede=1 timeStopStart=0 timeStopEnd=0 posStart=1730;1864 posEnd=1730;1864 posCurrent=1730;1864 step=1 time=0 phase=907 channel=10 icon=23 
MoveObject: type=6 stepAdvance=1 stepRecede=1 timeStopStart=0 timeStopEnd=0 posStart=5442;200 posEnd=5442;200 posCurrent=5442;200 step=1 time=0 phase=907 channel=10 icon=23 
MoveObject: type=6 stepAdvance=1 stepRecede=1 timeStopStart=0 timeStopEnd=0 posStart=5506;200 posEnd=5506;200 posCurrent=5506;200 step=1 time=0 phase=907 channel=10 icon=23 
MoveObject: type=6 stepAdvance=1 stepRecede=1 timeStopStart=0 timeStopEnd=0 posStart=5570;200 posEnd=5570;200 posCurrent=5570;200 step=1 time=0 phase=907 channel=10 icon=23 
MoveObject: type=1 stepAdvance=6 stepRecede=6 timeStopStart=3 timeStopEnd=3 posStart=1792;640 posEnd=1792;704 posCurrent=1792;650 step=2 time=1 phase=907 channel=1 icon=340 
MoveObject: type=1 stepAdvance=5 stepRecede=22 timeStopStart=2 timeStopEnd=2 posStart=1920;640 posEnd=1920;704 posCurrent=1920;646 step=4 time=20 phase=907 channel=1 icon=340 
MoveObject: type=6 stepAdvance=1 stepRecede=1 timeStopStart=0 timeStopEnd=0 posStart=1666;136 posEnd=1666;136 posCurrent=1666;136 step=1 time=0 phase=907 channel=10 icon=23 
MoveObject: type=6 stepAdvance=1 stepRecede=1 timeStopStart=0 timeStopEnd=0 posStart=1730;136 posEnd=1730;136 posCurrent=1730;136 step=1 time=0 phase=907 channel=10 icon=23 
MoveObject: type=1 stepAdvance=50 stepRecede=50 timeStopStart=10 timeStopEnd=10 posStart=2176;704 posEnd=2176;1024 posCurrent=2176;883 step=2 time=28 phase=907 channel=1 icon=340 
MoveObject: type=1 stepAdvance=70 stepRecede=70 timeStopStart=10 timeStopEnd=10 posStart=2368;896 posEnd=2368;448 posCurrent=2368;448 step=3 time=5 phase=907 channel=1 icon=340 
MoveObject: type=1 stepAdvance=40 stepRecede=40 timeStopStart=10 timeStopEnd=10 posStart=2560;512 posEnd=2560;768 posCurrent=2560;692 step=4 time=12 phase=907 channel=1 icon=340 
MoveObject: type=1 stepAdvance=20 stepRecede=20 timeStopStart=10 timeStopEnd=10 posStart=2752;640 posEnd=2752;768 posCurrent=2752;640 step=2 time=0 phase=907 channel=1 icon=340 
MoveObject: type=1 stepAdvance=40 stepRecede=40 timeStopStart=10 timeStopEnd=10 posStart=3072;704 posEnd=3328;704 posCurrent=3252;704 step=4 time=12 phase=907 channel=1 icon=340 
MoveObject: type=1 stepAdvance=40 stepRecede=40 timeStopStart=10 timeStopEnd=10 posStart=3136;704 posEnd=3392;704 posCurrent=3316;704 step=4 time=12 phase=907 channel=1 icon=340 
MoveObject: type=1 stepAdvance=40 stepRecede=40 timeStopStart=10 timeStopEnd=10 posStart=3200;704 posEnd=3456;704 posCurrent=3380;704 step=4 time=12 phase=907 channel=1 icon=340 
MoveObject: type=4 stepAdvance=180 stepRecede=180 timeStopStart=20 timeStopEnd=20 posStart=3072;640 posEnd=3456;640 posCurrent=3238;640 step=2 time=78 phase=907 channel=10 icon=59 
MoveObject: type=5 stepAdvance=1 stepRecede=1 timeStopStart=0 timeStopEnd=0 posStart=4866;196 posEnd=4866;196 posCurrent=4866;196 step=1 time=0 phase=907 channel=10 icon=6 
MoveObject: type=13 stepAdvance=1 stepRecede=1 timeStopStart=0 timeStopEnd=0 posStart=3906;964 posEnd=3906;964 posCurrent=3906;964 step=1 time=0 phase=907 channel=10 icon=68 
MoveObject: type=13 stepAdvance=1 stepRecede=1 timeStopStart=0 timeStopEnd=0 posStart=3970;1028 posEnd=3970;1028 posCurrent=3970;1028 step=1 time=0 phase=907 channel=10 icon=68 
MoveObject: type=13 stepAdvance=1 stepRecede=1 timeStopStart=0 timeStopEnd=0 posStart=4034;964 posEnd=4034;964 posCurrent=4034;964 step=1 time=0 phase=907 channel=10 icon=68 
MoveObject: type=13 stepAdvance=1 stepRecede=1 timeStopStart=0 timeStopEnd=0 posStart=4098;1028 posEnd=4098;1028 posCurrent=4098;1028 step=1 time=0 phase=907 channel=10 icon=68 
MoveObject: type=13 stepAdvance=1 stepRecede=1 timeStopStart=0 timeStopEnd=0 posStart=4162;964 posEnd=4162;964 posCurrent=4162;964 step=1 time=0 phase=907 channel=10 icon=68 
MoveObject: type=13 stepAdvance=1 stepRecede=1 timeStopStart=0 timeStopEnd=0 posStart=4226;1028 posEnd=4226;1028 posCurrent=4226;1028 step=1 time=0 phase=907 channel=10 icon=68 
MoveObject: type=7 stepAdvance=1 stepRecede=1 timeStopStart=0 timeStopEnd=0 posStart=4098;2308 posEnd=4098;2308 posCurrent=4098;2308 step=1 time=0 phase=907 channel=10 icon=35 
MoveObject: type=5 stepAdvance=1 stepRecede=1 timeStopStart=0 timeStopEnd=0 posStart=4098;1284 posEnd=4098;1284 posCurrent=4098;1284 step=1 time=0 phase=907 channel=10 icon=6 
MoveObject: type=5 stepAdvance=1 stepRecede=1 timeStopStart=0 timeStopEnd=0 posStart=4162;132 posEnd=4162;132 posCurrent=4162;132 step=1 time=0 phase=907 channel=10 icon=6 
MoveObject: type=13 stepAdvance=1 stepRecede=1 timeStopStart=0 timeStopEnd=0 posStart=4418;2180 posEnd=4418;2180 posCurrent=4418;2180 step=1 time=0 phase=907 channel=10 icon=68 
MoveObject: type=13 stepAdvance=1 stepRecede=1 timeStopStart=0 timeStopEnd=0 posStart=4738;3396 posEnd=4738;3396 posCurrent=4738;3396 step=1 time=0 phase=907 channel=10 icon=68 
MoveObject: type=13 stepAdvance=1 stepRecede=1 timeStopStart=0 timeStopEnd=0 posStart=4802;3396 posEnd=4802;3396 posCurrent=4802;3396 step=1 time=0 phase=907 channel=10 icon=68 
MoveObject: type=13 stepAdvance=1 stepRecede=1 timeStopStart=0 timeStopEnd=0 posStart=4930;3140 posEnd=4930;3140 posCurrent=4930;3140 step=1 time=0 phase=907 channel=10 icon=68 
MoveObject: type=13 stepAdvance=1 stepRecede=1 timeStopStart=0 timeStopEnd=0 posStart=1922;1604 posEnd=1922;1604 posCurrent=1922;1604 step=1 time=0 phase=907 channel=10 icon=68 
MoveObject: type=13 stepAdvance=1 stepRecede=1 timeStopStart=0 timeStopEnd=0 posStart=1858;1604 posEnd=1858;1604 posCurrent=1858;1604 step=1 time=0 phase=907 channel=10 icon=68 
MoveObject: type=13 stepAdvance=1 stepRecede=1 timeStopStart=0 timeStopEnd=0 posStart=5186;3972 posEnd=5186;3972 posCurrent=5186;3972 step=1 time=0 phase=907 channel=10 icon=68 
MoveObject: type=13 stepAdvance=1 stepRecede=1 timeStopStart=0 timeStopEnd=0 posStart=5058;3972 posEnd=5058;3972 posCurrent=5058;3972 step=1 time=0 phase=907 channel=10 icon=68 
MoveObject: type=5 stepAdvance=1 stepRecede=1 timeStopStart=0 timeStopEnd=0 posStart=5122;3972 posEnd=5122;3972 posCurrent=5122;3972 step=1 time=0 phase=907 channel=10 icon=6 
MoveObject: type=5 stepAdvance=1 stepRecede=1 timeStopStart=0 timeStopEnd=0 posStart=5058;3652 posEnd=5058;3652 posCurrent=5058;3652 step=1 time=0 phase=907 channel=10 icon=6 
MoveObject: type=5 stepAdvance=1 stepRecede=1 timeStopStart=0 timeStopEnd=0 posStart=5442;3652 posEnd=5442;3652 posCurrent=5442;3652 step=1 time=0 phase=907 channel=10 icon=6 
MoveObject: type=5 stepAdvance=1 stepRecede=1 timeStopStart=0 timeStopEnd=0 posStart=5442;3396 posEnd=5442;3396 posCurrent=5442;3396 step=1 time=0 phase=907 channel=10 icon=6 
MoveObject: type=5 stepAdvance=1 stepRecede=1 timeStopStart=0 timeStopEnd=0 posStart=4866;3396 posEnd=4866;3396 posCurrent=4866;3396 step=1 time=0 phase=907 channel=10 icon=6 
MoveObject: type=5 stepAdvance=1 stepRecede=1 timeStopStart=0 timeStopEnd=0 posStart=4162;3972 posEnd=4162;3972 posCurrent=4162;3972 step=1 time=0 phase=907 channel=10 icon=6 
MoveObject: type=6 stepAdvance=1 stepRecede=1 timeStopStart=0 timeStopEnd=0 posStart=3970;3588 posEnd=3970;3588 posCurrent=3970;3588 step=1 time=0 phase=907 channel=10 icon=23 
MoveObject: type=13 stepAdvance=1 stepRecede=1 timeStopStart=0 timeStopEnd=0 posStart=4994;3652 posEnd=4994;3652 posCurrent=4994;3652 step=1 time=0 phase=907 channel=10 icon=68 
MoveObject: type=40 stepAdvance=1 stepRecede=1 timeStopStart=0 timeStopEnd=0 posStart=4546;2568 posEnd=4546;2568 posCurrent=4546;2568 step=1 time=0 phase=907 channel=10 icon=194 
MoveObject: type=40 stepAdvance=1 stepRecede=1 timeStopStart=0 timeStopEnd=0 posStart=3778;2824 posEnd=3778;2824 posCurrent=3778;2824 step=1 time=0 phase=907 channel=10 icon=194 
MoveObject: type=40 stepAdvance=1 stepRecede=1 timeStopStart=0 timeStopEnd=0 posStart=4034;1288 posEnd=4034;1288 posCurrent=4034;1288 step=1 time=0 phase=907 channel=10 icon=194 
MoveObject: type=40 stepAdvance=1 stepRecede=1 timeStopStart=0 timeStopEnd=0 posStart=3010;648 posEnd=3010;648 posCurrent=3010;648 step=1 time=0 phase=907 channel=10 icon=194 
MoveObject: type=40 stepAdvance=1 stepRecede=1 timeStopStart=0 timeStopEnd=0 posStart=1602;648 posEnd=1602;648 posCurrent=1602;648 step=1 time=0 phase=907 channel=10 icon=194 
MoveObject: type=5 stepAdvance=1 stepRecede=1 timeStopStart=0 timeStopEnd=0 posStart=1410;324 posEnd=1410;324 posCurrent=1410;324 step=1 time=0 phase=907 channel=10 icon=6 
MoveObject: type=40 stepAdvance=1 stepRecede=1 timeStopStart=0 timeStopEnd=0 posStart=1218;456 posEnd=1218;456 posCurrent=1218;456 step=1 time=0 phase=907 channel=10 icon=194 
MoveObject: type=1 stepAdvance=50 stepRecede=50 timeStopStart=10 timeStopEnd=10 posStart=1344;384 posEnd=1344;704 posCurrent=1344;563 step=2 time=28 phase=907 channel=1 icon=340 
MoveObject: type=6 stepAdvance=1 stepRecede=1 timeStopStart=0 timeStopEnd=0 posStart=1282;776 posEnd=1282;776 posCurrent=1282;776 step=1 time=0 phase=907 channel=10 icon=23 
MoveObject: type=13 stepAdvance=1 stepRecede=1 timeStopStart=0 timeStopEnd=0 posStart=1410;1604 posEnd=1410;1604 posCurrent=1410;1604 step=1 time=0 phase=907 channel=10 icon=68 
MoveObject: type=13 stepAdvance=1 stepRecede=1 timeStopStart=0 timeStopEnd=0 posStart=5122;3652 posEnd=5122;3652 posCurrent=5122;3652 step=1 time=0 phase=907 channel=10 icon=68 
MoveObject: type=13 stepAdvance=1 stepRecede=1 timeStopStart=0 timeStopEnd=0 posStart=5250;3396 posEnd=5250;3396 posCurrent=5250;3396 step=1 time=0 phase=907 channel=10 icon=68 
MoveObject: type=6 stepAdvance=1 stepRecede=1 timeStopStart=0 timeStopEnd=0 posStart=4162;3592 posEnd=4162;3592 posCurrent=4162;3592 step=1 time=0 phase=907 channel=10 icon=23 
MoveObject: type=13 stepAdvance=1 stepRecede=1 timeStopStart=0 timeStopEnd=0 posStart=4290;964 posEnd=4290;964 posCurrent=4290;964 step=1 time=0 phase=907 channel=10 icon=68 
MoveObject: type=6 stepAdvance=1 stepRecede=1 timeStopStart=0 timeStopEnd=0 posStart=4866;968 posEnd=4866;968 posCurrent=4866;968 step=1 time=0 phase=907 channel=10 icon=23 
