DescFile: posDecor=0;970 dimDecor=100;100 world=0 music=7 region=27 blupiPos=130;1158 blupiDir=2 
Decor: 
,,,,,,,,,,,,,,197,186,188,192,145,35,35,35,156,35,156,35,35,37,,,,,,,,,,,,,,,,,,,,,,,,,,,,,,294,301,301,284,284,301,301,284,284,301,284,284,284,301,284,284,301,296,284,284,284,284,296,284,284,301,301,284,301,296,301,301,301,301,284,284,284,284,284,301,284,284,284
,,,,,,,,,,,,,,,,,,,36,156,35,35,35,35,35,156,37,,,,,,,,,,,,,,,,,,,,,,,,,,,,,286,301,301,301,284,284,284,284,301,284,284,284,301,301,301,284,299,284,301,284,284,284,284,284,301,284,284,291,287,293,284,284,284,284,301,291,287,287,293,301,301,301,284,301
,,,,,,,,,,,,,,,,,,,36,35,35,156,35,156,156,35,37,,,,,,,,,,,,,,,,,,,,,,,,,,,288,288,286,301,284,284,297,298,301,284,301,295,284,291,287,293,284,301,301,301,291,287,290,293,301,291,287,293,284,285,,303,301,301,301,301,291,,,54,,287,293,284,301,301
,,,,,,,,,,,,,,,,,,,36,35,35,156,35,35,35,35,37,,,,,,,,,,,,,,,,,,,,,,,,,,286,284,284,292,298,284,284,301,301,299,284,301,296,301,292,,288,293,301,284,284,302,303,284,289,301,302,288,303,301,302,288,303,301,284,284,301,302,,60,10,52,52,52,301,301,284
,,,,,,,,,,,,,,,,,,,36,156,156,35,35,156,35,156,37,,,,,,,,,,,,,,,,,,,,,,,,,,286,284,301,301,301,301,301,301,301,284,284,295,284,284,284,300,301,296,284,284,284,292,303,301,77,301,300,301,300,284,300,284,296,301,301,284,284,285,,,252,,,288,293,284,284
,,,,,,,,,,,,,,,,,196,187,186,35,35,35,35,35,156,35,37,,,,,,,,,,,,,,,,,,,,,,,,,,286,301,301,301,301,284,301,299,284,295,284,296,301,291,287,303,284,301,301,299,301,301,77,301,302,287,286,301,285,290,303,301,284,301,301,301,284,292,,,251,,303,301,289,301,301
,,,,,,,,,,,,,,,,,197,188,192,145,156,156,156,156,35,156,37,,,,,,,,,,,,,,,,,,,,,,,,,,303,301,284,284,284,284,299,284,284,289,301,284,291,,,,290,293,301,301,284,284,77,284,285,,294,301,296,301,300,301,284,301,284,295,301,301,285,,252,,286,284,300,284,301
,,,,,,,,,,,,,,,,,,,,,36,156,156,156,35,35,37,,,,,,,,,,,,,,,,,,,,,,,,,,303,284,284,284,301,301,284,284,301,300,301,291,,,,294,301,285,293,301,284,291,286,284,292,294,301,301,284,301,300,301,301,301,284,300,284,301,285,,252,,286,301,300,284,301
,,,,,,,,,,,,,,,,,,,,,92,35,156,156,156,156,37,,,,,,,,,,,,,,,,,,,,,,,,,,286,301,299,301,284,301,284,284,284,285,287,,,,294,284,284,302,294,301,291,,294,301,301,301,301,295,284,297,303,301,284,301,301,296,301,301,292,,252,,294,301,302,298,301
,,,,,,,,,,,,,,,,,,,,,92,156,156,35,35,35,37,,,,,,,,,,,,,,,,,,,,,,,,,,286,284,301,284,284,301,284,301,301,302,,,,294,301,284,301,77,284,284,285,294,284,301,301,284,284,296,301,301,296,301,284,301,301,301,301,284,301,285,253,294,301,291,294,301,301
,,,,,,,,,,,,,,,,,,,,,36,35,35,35,156,35,37,,,,,,,,,,,,,,,,,,,,,,,,,,286,301,301,301,284,284,291,287,287,,,,286,301,284,284,301,300,284,284,300,301,284,284,301,299,284,301,284,284,337,301,299,284,284,284,295,337,337,302,10,301,297,286,301,284,297
,,,,,,,,,,,,,,,,,196,198,188,192,156,156,35,35,35,156,37,,,,,,,,,,,,,,,,,,,,,,,,,,286,284,301,301,301,291,,,,,,,303,301,284,301,301,292,293,284,300,301,301,284,284,284,284,301,284,301,337,284,301,284,284,291,294,337,284,302,252,284,301,300,301,284,301
,,,,,,,,,,,,,,,,,194,198,190,188,156,35,35,156,156,35,37,,,,,,,,,,,,,,,,,,,,,,,,,,303,284,284,284,284,302,,,,,56,16,303,301,284,301,301,301,292,290,286,284,301,301,284,301,301,284,301,301,291,293,284,291,290,294,301,301,291,,252,293,301,292,298,301,284
,,,,,,,,,,,,,,,,,197,198,187,189,35,35,35,156,35,35,37,,,,,,,,,,,,,,,,,,,,,,,,,,303,301,301,301,284,285,,,,,10,10,10,301,301,284,301,301,301,301,296,284,295,301,284,301,299,301,284,284,285,288,290,294,301,301,284,301,285,,251,303,284,337,284,284,301
,,,,,,,,,,,,,,,,,,,,36,156,156,35,35,35,156,37,,,,,,,,,,,,,,,,,,,,,,,,,,303,301,284,301,301,302,,,,,10,,10,301,301,301,301,284,301,284,284,301,296,301,301,301,284,299,301,284,199,284,301,284,301,301,284,284,292,288,253,,287,293,301,284,301
,,,,,,,,,,,,,,,,,,,,36,35,156,156,156,35,35,37,,,,,,,,,,,,,,,,,,,,,,,,,,303,301,301,301,301,285,,,,60,10,55,73,293,301,301,284,301,301,284,301,284,284,284,284,299,301,284,301,301,77,284,301,299,284,299,301,295,301,284,253,,,286,301,284,284
,,,,,,,,,,,,,,,,,,,,36,35,156,156,156,35,156,37,,,,,,,,,,,,,,,,,,,,,,,,,,303,301,301,284,284,302,,,,,10,,10,303,301,284,284,301,284,301,284,284,284,301,299,301,284,291,287,290,294,301,284,284,301,301,291,,287,287,253,,,,293,301,301
,,,,,,,,,,,,,,,,,,,151,156,35,35,35,156,35,35,37,,,,,,,,,,,,,,,,,,,,,,,,,,303,301,301,284,284,292,,,,,10,10,10,201,301,301,284,301,301,301,284,284,301,295,301,284,291,,286,284,284,284,301,284,284,284,302,,,58,252,54,,,,298,284
,,,,,,,,,,,,,,,196,198,186,192,35,35,35,156,156,156,35,35,37,,,,,,,,,,,,,,,,,,,,,,,,,,303,301,301,301,301,301,285,,,,56,18,,,298,301,301,284,301,295,284,284,284,296,284,301,285,,303,284,295,301,301,284,301,291,,,11,10,10,10,11,,286,284,284
,,,,,,,,,,,,,,,195,198,192,186,35,35,35,35,35,35,156,156,37,,,,,,,,,,,,,,,,,,,,,,,,,,286,284,284,301,301,284,302,,,,,,288,294,284,301,301,301,291,303,284,301,284,301,299,301,285,,303,301,292,298,284,299,301,200,200,200,22,10,10,10,22,200,200,284,301
,,,,,,,,,,,,,,,197,198,191,188,156,35,156,35,35,35,156,156,37,,,,,,,,,,,,,,,,,,,,,,,,,,303,301,284,301,284,284,292,,,,288,303,284,301,284,284,284,301,302,286,284,284,301,284,301,301,285,,303,301,284,301,284,284,301,301,285,56,22,73,,10,22,59,,293,301
,,,,,,,,,,,,,,,,,,36,35,35,156,156,156,156,156,35,37,,,,,,,,,,,,,,,,,,,,,,,,,,,293,284,284,284,284,284,292,,294,284,300,284,284,301,284,284,284,285,303,284,301,284,284,301,301,292,,303,284,301,299,284,301,284,301,200,200,22,10,10,10,22,200,200,200,301
,,,,,,,,,,,,,,,,,,36,35,156,35,35,35,35,156,35,37,,,,,,,,,,,,,,,,,,,,,,,,,,,,293,284,284,284,299,301,296,284,284,289,284,301,301,301,301,297,,303,284,284,301,301,301,284,301,285,,290,293,301,301,284,301,297,,288,11,384,10,10,11,,,303,301
,,,,,,,,,,,,,,,,,151,156,35,35,35,35,35,35,35,35,37,,,,,,,,,,,,,,,,,,,,,,,,,,,,286,284,284,284,301,284,284,301,301,300,301,284,284,284,284,301,302,286,284,301,301,284,284,301,301,292,286,301,292,290,298,284,299,301,289,284,302,,251,57,,,,294,284
,,,,,,,,,,,,,,,,,36,35,156,156,156,156,35,156,156,156,37,,,,,,,,,,,,,,,,,,,,,,,,,,,,,293,301,284,284,301,284,301,284,296,301,301,284,284,284,284,302,286,301,284,284,301,299,301,301,301,300,301,301,284,337,301,284,301,300,284,302,,253,,,288,303,301,284
,,,,,,,,,,,,,75,,,151,35,156,35,35,156,156,35,35,35,156,37,,,,,,,,,,,,,,,,,,,,,,,,,,,,,303,284,301,301,301,284,284,299,284,301,301,301,284,284,301,302,286,301,284,301,284,284,301,284,284,289,284,301,301,297,287,293,284,300,284,302,,253,,303,284,296,301,301
,,,,,,,,,75,,,,36,144,185,156,35,35,156,35,156,156,35,156,156,35,37,,,,,,,,,,,,,,,,,,,,,,,,,,,,,,293,301,301,284,284,284,301,301,284,284,301,301,301,301,302,286,284,301,284,301,299,301,301,299,199,301,301,301,301,292,288,287,294,301,292,,253,,286,301,284,284,301
,,,,,151,155,,,36,144,150,,92,156,185,156,35,35,156,156,156,35,156,35,35,35,37,,,,,,,,,,,,,,,,,,,,,,,,,,,,,,,293,284,284,301,297,298,284,284,299,284,284,301,284,285,303,301,301,301,284,301,284,284,284,289,301,284,301,284,284,284,296,284,295,301,285,252,288,288,293,301,301,301
155,,,,,36,156,144,144,156,35,37,,92,156,185,185,185,156,156,35,35,35,35,35,156,35,37,,,,,,,,,,,,,,,,,,,,,,,,,,,,,,,303,284,301,299,301,284,284,284,284,301,301,284,301,285,286,284,284,301,301,301,301,284,284,296,301,284,284,301,299,284,301,284,292,287,,251,301,284,300,284,284,284
156,144,144,144,185,185,156,156,35,156,35,35,155,92,156,156,156,185,35,35,156,35,35,35,156,156,156,37,,,,,,,,,,,,,,,,,,,,,,,,,,,,,,,,293,284,284,284,284,284,284,301,284,284,291,287,,303,284,301,301,284,284,284,284,301,301,301,301,284,284,301,284,291,298,284,285,378,73,337,337,296,284,301,301
35,156,35,156,35,185,156,156,156,156,156,156,156,35,156,156,145,185,145,35,35,156,156,156,35,35,156,37,,,,,,,,,,,,,,,,,,,,,,,,,,,,,,,,,287,287,287,287,293,284,291,287,287,,,,303,301,301,284,301,301,301,301,284,301,301,301,284,301,291,287,303,301,284,285,,251,284,284,284,284,284,284
35,35,156,35,35,185,156,156,35,156,35,156,156,156,156,37,,,,36,35,35,156,35,35,35,156,37,,,,,,,,,,,,,,,,,,,,,,,,,,,,,,,,,,,,,,287,,,,,,,286,301,284,284,284,284,301,299,284,301,301,284,284,284,285,,288,287,287,288,288,251,284,301,301,284,284,301
35,35,35,35,35,185,156,35,35,35,35,35,35,35,35,37,,,,36,156,156,156,156,35,35,35,37,,,,,,,,,,,,,,,,,,,,,,,,,,,,,,,,,,,,,,,,,,,,,286,301,301,284,284,284,284,284,284,301,284,284,301,284,285,303,301,292,294,301,284,252,284,284,301,284,301,284
35,35,156,156,156,185,156,35,35,156,156,156,156,35,35,37,,,,36,35,156,35,35,35,156,156,37,,,,,,,,,,,,,,,,,,,,,,,,,,,,,,,,,,,,,,,,,,,,,,298,284,299,284,301,284,284,284,284,301,301,301,301,285,303,301,284,301,284,291,253,284,291,290,293,284,284
156,156,35,35,156,185,35,156,156,156,156,156,35,156,156,35,144,144,144,156,156,156,35,35,35,156,35,37,,,,,,,,,,,,,,,,,,,,,,,,,,,,,,,,,,,,,,,,,,,,,286,284,299,284,284,301,284,301,284,284,301,301,284,301,292,,287,293,284,291,,253,287,294,284,285,293,284
301,301,301,284,284,337,301,284,284,284,301,301,301,301,301,156,156,156,156,156,35,35,35,156,35,35,156,37,,,,,,,,,,,,,,,,,,,,,,,,,,,,,,,,,,,,,,,,,,,,,303,301,284,284,295,301,301,284,301,284,301,301,301,284,284,292,,286,301,285,56,73,201,284,284,285,378,10
284,284,301,284,291,293,301,295,301,301,301,301,301,284,301,156,156,156,35,35,35,156,156,156,156,35,35,37,,,,,,,,,,,,,,,,,,,,,,,,,,,,,,,,,,,,,,,,,,,,,286,301,301,297,294,301,284,301,284,299,284,284,301,301,301,284,285,,287,288,,251,294,284,284,302,303,284
301,299,284,291,,,287,,293,301,297,293,301,284,301,156,156,35,156,35,156,156,35,35,35,35,35,37,,,,,,,,,,,,,,,,,,,,,,,,,,,,,,,,,,,,,,,,,,,,,303,301,284,301,284,301,284,284,301,301,284,301,301,301,301,301,292,,286,301,292,252,284,301,284,292,303,301
284,301,291,,,288,,,,293,284,296,301,301,284,156,156,156,156,156,35,156,156,35,35,35,156,37,,,,,,,,,,,,,,,,,,,,,,,,,,,,,,,,,,,,,,,,,,,,,,287,287,287,287,287,287,287,287,293,284,284,284,284,284,301,284,292,294,284,301,252,284,301,301,284,300,284
301,284,285,288,286,301,292,,288,286,301,284,301,301,301,35,35,156,35,156,156,35,156,35,156,35,35,37,,,,,,,,,,,,,,,,,,,,,,,,,,,,,,,,,,,,,,,,,,,,,,,,,,,,,,303,284,301,301,284,284,284,301,301,301,301,284,251,287,287,293,301,300,284
301,284,300,284,300,301,284,300,284,300,284,284,301,301,301,35,35,35,156,35,156,35,156,156,156,156,156,37,,,,,,,,,,,,,,,,,,,,,,,,,,,,,,,,,,,,,,,,,,,,,,,,,,,,,,,293,301,284,284,284,301,301,284,284,301,301,251,,288,384,284,300,284
301,291,,287,303,301,291,,287,303,284,295,284,284,301,156,156,145,145,145,145,145,145,145,145,145,145,149,,,,,,,,,,,,,,,,,,,,,,,,,,,,,,,,,,,,,,,,,,,,,,,,,,,,,,,303,284,301,284,299,301,284,301,301,284,291,73,201,284,301,301,289,301
301,302,288,,,290,,288,,288,290,294,301,301,301,301,284,302,,,,,,,,,,,,,,,,,,,,,,,,,,,,,,,,,,,,,,,,,,,,,,,,,,,,,,,,,,,,,,,,,303,284,284,301,301,284,284,301,301,284,302,252,301,291,287,287,286,284
284,300,284,302,303,284,300,301,300,301,284,284,299,284,284,284,301,285,,,,,,,,,,,,,,,,,,,,,,,,,,,,,,,,,,,,,,,,,,,,,,,,,,,,,,,,,,,,,,,,,286,284,284,284,301,284,301,301,284,301,302,251,284,285,378,10,286,301
284,292,290,,288,287,,287,303,301,284,301,284,301,301,301,284,302,,,,,,,,,,,,,,,,,,,,,,,,,,,,,,,,,,,,,,,,,,,,,,,,,,,,,,,,,,,,,,,,,303,301,301,301,284,284,301,284,295,301,302,253,301,302,378,10,10,301
284,301,284,300,284,285,,288,288,293,301,284,301,301,284,301,301,285,,,,,,,,,,,,,,,,,,,,,,,,,,,,,,,,,,,,,,,,,,,,,,,,,,,,,,,,,,,,,,,,,,287,287,293,284,301,295,301,296,301,302,253,301,302,378,10,284,284
284,301,284,292,287,,303,284,301,300,284,301,284,301,284,301,301,302,,,,,,,,,,,,,,,,,,,,,,,,,,,,,,,,,,,,,,,,,,,,,,,,,,,,,,,,,,,,,,,,,,,,286,301,301,296,284,284,301,285,253,301,292,286,301,301,301
301,301,284,284,292,288,,293,301,300,284,284,284,299,301,284,284,285,,,,,,,,,,,,,,,,,,,,,,,,,,,,,,,,,,,,,,,,,,,,,,,,,,,,,,,,,,,,,,,,,,,,286,301,284,301,284,284,291,60,10,301,301,289,301,301,301
301,301,301,299,284,284,302,288,290,294,284,284,284,301,301,301,301,302,,,,,,,,,,,,,,,,,,,,,,,,,,,,,,,,,,,,,,,,,,,,,,,,,,,,,,,,,,,,,,,,,,,,286,284,301,284,295,301,292,,253,284,284,300,301,301,301
301,284,301,284,284,301,289,301,284,284,284,284,301,301,301,284,301,302,,,,,,,,,,,,,,,,,,,,,,,,,,,,,,,,,,,,,,,,,,,,,,,,,,,,,,,,,,,,,,,,,,,,294,301,301,301,296,301,284,285,252,284,284,300,301,284,301
284,284,301,301,284,301,300,284,299,301,301,284,284,301,301,284,284,285,,,,,,,,,,,,,,,,,,,,,,,,,,,,,,,,,,,,,,,,,,,,,,,,,,,,,,,,,,,,,,,,,,,303,284,284,284,301,284,284,301,302,251,284,284,289,301,284,284
284,301,301,301,301,297,303,284,284,301,299,301,301,301,284,301,284,302,,,,,,,,,,,,,,,,,,,,,,,,,,,,,,,,,,,,,,,,,,,,,,,,,,,,,,,,,,,,,,,,,,,,293,284,284,301,284,284,301,285,253,284,291,286,284,284,301
301,301,301,284,284,284,289,284,284,284,301,301,301,301,301,284,284,292,288,288,288,,,,,,,,,,,,,,,,,,,,,,,,,,,,,,,,,,,,,,,,,,,,,,,,,,,,,,,,,,,,,,,288,288,294,301,284,284,301,301,284,302,253,284,302,378,10,301,301
301,301,301,284,301,284,289,301,301,284,284,284,301,301,284,301,301,284,284,301,284,292,288,288,288,288,,,,,,,,,,,,,,,,,,,,,,,,,,,,,,,,,,,,,,,,,,,288,288,288,,288,288,,,,,,,,,303,301,284,284,301,301,301,301,295,337,292,253,301,292,286,301,284,284
284,301,284,301,301,284,300,301,301,301,284,284,301,301,301,301,284,284,284,284,284,284,284,301,301,301,285,,,,,,,,,,,,,,,,,,,288,288,,,,,,,,,,,,,,,,,288,288,288,288,294,301,301,301,296,301,301,292,,,,,,,,,293,284,301,301,301,301,284,300,301,301,252,284,301,289,284,284,301
284,284,284,301,284,297,,293,301,301,301,301,284,284,284,301,284,284,284,284,301,301,301,284,284,284,302,,,,,,,,,,,,,,,,,288,294,284,301,292,288,288,,,,288,288,288,288,,,,288,288,294,301,284,284,301,301,284,301,301,301,301,284,284,292,288,288,288,288,288,288,288,294,301,301,284,295,284,291,,287,287,10,201,284,300,284,284,284
284,301,301,284,301,301,292,288,293,284,301,299,284,284,284,284,284,301,284,301,284,284,284,301,301,284,302,,,,,,,,,,,,,,,,294,284,284,284,301,284,284,301,292,288,294,301,284,284,301,292,288,294,301,301,284,284,301,284,301,301,284,284,284,284,299,301,284,284,301,284,284,284,284,284,301,301,284,299,284,292,287,,,,,57,303,301,300,301,299,284
301,301,284,301,301,301,284,284,285,293,301,301,284,301,299,301,284,284,301,301,301,301,301,284,301,301,302,,,,,,,,,,,288,,,288,294,301,301,284,299,284,284,301,301,301,301,284,301,284,284,301,284,301,284,284,284,301,284,284,284,284,284,301,301,301,301,284,301,284,284,301,301,301,301,299,301,301,284,301,301,301,284,302,288,,,,,,287,286,301,301,301
301,301,301,301,284,284,299,284,292,288,287,293,301,301,301,301,301,301,284,301,284,284,301,284,301,301,292,288,288,288,288,288,288,288,288,288,294,284,292,294,301,284,301,284,301,284,301,284,301,299,284,301,301,284,301,301,301,284,301,301,301,301,301,301,301,301,301,301,301,301,284,297,293,284,299,301,301,284,284,284,301,284,284,284,301,284,284,284,300,301,302,,,,,,294,284,301,301
284,301,284,301,284,284,284,284,301,301,285,288,290,287,293,301,301,284,301,284,301,301,284,301,301,284,284,284,301,284,301,301,301,284,301,284,284,301,301,301,301,284,284,284,301,284,301,301,301,284,284,301,301,284,284,301,284,284,301,301,301,284,301,284,301,284,284,301,295,301,301,301,289,301,284,284,284,284,284,284,284,301,301,301,284,284,291,287,,287,,,,,,294,284,284,284,301
301,284,284,301,284,284,301,301,301,301,296,284,284,292,288,290,290,290,293,284,284,284,301,301,284,284,299,284,284,284,301,299,284,299,301,301,301,301,284,301,284,301,284,299,301,284,301,284,291,298,301,299,301,301,284,284,301,301,284,299,284,284,301,284,284,284,301,284,302,287,287,287,303,301,284,284,299,301,301,284,284,284,284,284,284,301,302,,,,,,60,15,286,284,301,301,301,301
301,301,284,284,301,284,301,301,284,301,301,284,284,284,301,284,301,301,300,301,301,284,284,301,301,301,301,284,284,284,284,301,301,301,284,301,284,284,299,301,284,299,284,284,301,301,284,284,300,284,301,284,301,301,284,301,301,297,293,284,284,284,291,287,287,287,287,290,288,288,288,288,288,290,293,284,284,299,284,284,301,301,301,291,287,287,,,,,,,,10,27,284,284,284,284,301
284,284,284,301,301,284,301,301,301,284,284,301,301,301,301,301,284,291,286,284,301,301,301,301,284,284,301,301,301,301,301,284,301,301,284,284,301,301,284,284,284,284,301,291,287,287,290,290,,290,290,287,293,301,301,284,299,284,302,287,287,287,288,288,288,288,303,284,284,301,301,301,301,301,302,293,301,301,301,291,287,287,287,,,,,,,,,,60,17,286,301,284,284,284,284
301,301,284,284,284,284,301,301,284,284,301,301,284,284,301,284,301,285,,364,293,301,301,284,284,284,301,301,284,284,301,301,301,301,284,299,301,284,301,284,291,287,290,,,294,284,301,296,301,301,292,,287,293,301,284,291,288,288,288,294,301,301,284,301,292,298,284,284,284,284,284,284,302,288,290,287,290,,,,,,,,,,,,,,,,303,284,284,284,301,284
284,284,284,301,301,284,301,301,284,301,284,301,284,284,301,284,291,,,364,303,284,284,284,301,284,284,301,284,284,284,301,284,299,301,301,284,284,291,287,288,294,301,292,303,284,301,284,284,301,284,301,292,288,288,290,290,294,284,301,301,301,301,301,284,284,284,301,301,284,301,301,284,284,300,301,284,296,284,292,288,288,,,,,,,,,,,,,294,301,284,284,284,301
284,301,301,284,301,284,284,284,301,284,284,284,284,284,301,291,,,,364,286,301,284,301,284,284,284,284,301,301,301,284,301,284,301,284,301,291,,286,301,301,301,301,296,301,284,301,284,301,284,284,301,301,284,301,284,301,301,301,284,299,284,301,301,284,299,301,301,301,301,284,301,284,296,284,284,301,284,284,301,301,292,,,,,288,,,,,,303,301,301,284,301,301,301
284,284,301,284,284,301,284,301,284,284,284,284,284,284,301,302,,,,364,303,284,299,301,284,301,284,284,284,284,284,284,284,284,301,299,284,302,,294,284,291,68,301,301,301,301,301,284,284,284,301,301,284,284,297,298,301,284,301,284,301,284,301,299,284,301,284,284,301,284,301,284,301,284,301,284,284,299,301,301,284,284,292,,,286,301,302,,,,,,293,301,301,284,301,301
287,287,287,287,287,287,287,287,287,287,293,284,301,301,284,292,,288,286,301,300,284,284,284,301,284,301,284,301,301,284,284,284,301,299,301,291,,303,284,291,,68,301,301,284,301,299,301,301,284,284,301,301,284,284,301,284,284,291,298,284,284,284,301,284,284,301,284,284,301,301,299,284,284,301,301,284,301,284,301,301,284,284,292,288,286,284,292,,,,,58,303,301,284,301,284,301
,,,,,,,,,,303,284,301,284,284,301,300,284,302,364,,68,301,301,284,301,284,301,301,301,299,301,301,284,284,301,285,,,364,,,68,284,301,301,284,301,299,284,301,284,284,284,284,301,301,301,284,296,284,299,301,284,284,301,301,284,301,301,301,301,301,301,301,284,284,284,284,284,284,301,284,299,301,284,300,301,284,292,288,288,56,10,1,284,284,284,284,301
,,,,,,,,,,286,284,301,301,301,301,285,287,,364,,68,301,301,301,284,301,284,284,284,284,301,284,301,284,291,,,,364,,,68,301,301,284,284,301,284,301,284,284,295,301,301,284,284,284,284,284,301,301,291,293,284,301,301,284,301,284,284,301,301,295,284,284,284,301,284,301,301,301,284,301,301,284,300,301,284,284,284,284,292,10,23,284,301,284,301,301
,,,,,,,,,,303,284,284,284,301,297,,,,364,,68,301,301,284,284,284,301,301,301,301,284,284,284,284,285,,,,364,,,68,301,284,284,301,291,287,287,287,287,,287,287,287,287,287,287,287,287,287,,303,301,291,287,287,287,287,287,287,287,,287,287,287,287,287,293,284,284,284,284,301,301,10,284,284,284,284,301,284,284,284,284,301,301,301,284
,,,,,,,,,,303,284,301,284,301,284,292,,,364,,68,284,284,301,301,284,301,301,284,301,301,301,301,301,302,,,,364,,,68,284,301,284,284,285,,,,,,,,,,,,,,,,,287,,,,,,,,,,,,,,,286,301,301,284,301,284,301,284,284,284,284,284,299,301,299,284,301,284,301,284,301
,,,,,,,,,,303,301,284,301,284,284,284,285,,364,,68,284,284,301,301,284,301,284,284,284,284,284,284,284,285,,,,364,,294,301,284,301,284,301,285,,,,,,,,,,,,,,,,,,,,,,,,,,,,,,,,,293,301,284,284,301,301,284,301,284,301,301,301,284,284,299,301,284,284,284,301
,,,,,,,,,,286,284,301,301,301,299,301,285,,364,,68,284,301,284,301,284,284,301,284,284,301,284,301,291,,,,286,284,300,301,301,299,301,301,284,285,,,,,,,,,,,,,,,,,,,,,,,,,,,,,,,,,,287,287,293,284,284,301,284,301,299,284,301,284,301,284,301,299,284,284,284
,,,,,,,,,,303,301,301,284,301,284,301,302,,364,,68,284,301,301,301,284,284,284,301,284,284,301,297,,,288,,,287,,293,301,284,301,301,301,302,,,,,,,,,,,,,,,,,,,,,,,,,,,,,,,,,,,,303,301,301,284,301,301,301,284,301,301,284,301,284,284,284,284,284
,,,,,,,,,,286,301,284,284,301,291,287,,,364,,68,284,284,301,284,299,301,284,301,284,301,299,301,302,303,301,285,,,,286,284,284,301,299,301,285,,,,,,,,,,,,,,,,,,,,,,,,,,,,,,,,,,,,,287,287,287,287,287,287,293,301,284,301,284,301,301,284,284,284
,,,,,,,,,,303,284,301,299,284,302,,,,364,,68,284,284,301,301,301,301,284,301,284,301,284,284,285,,364,,,,,294,284,284,301,284,301,302,,,,,,,,,,,,,,,,,,,,,,,,,,,,,,,,,,,,,,,,,,,,287,287,293,284,291,293,301,284,291
,,,,,,,,,,303,284,284,301,284,292,,,,364,303,301,284,301,301,301,301,301,284,301,284,299,284,284,285,,364,,,,286,301,301,284,301,284,284,285,,,,,,,,,,,,,,,,,,,,,,,,,,,,,,,,,,,,,,,,,,,,,,,287,,,287,287,
,,,,,,,,,,286,284,301,284,284,301,302,,,364,303,284,301,284,301,284,301,284,301,301,301,301,301,284,292,,364,,,,286,301,284,299,301,295,301,302,,,,,,,,,,,,,,,,,,,,,,,,,,,,,,,,,,,,,,,,,,,,,,,,,,,,
,,,,,,,,,,286,301,284,301,284,291,,,,364,303,284,284,301,301,301,284,284,284,284,284,301,299,301,284,285,364,,,,286,301,284,301,284,300,301,285,,,,,,,,,,,,,,,,,,,,,,,,,,,,,,,,,,,,,,,,,,,,,,,,,,,,
,,,,,,,,,,286,301,284,301,284,292,288,,,364,286,301,299,301,284,284,284,284,301,301,284,284,301,284,291,,364,,,,303,301,284,295,301,296,301,285,,,,,,,,,,,,,,,,,,,,,,,,,,,,,,,,,,,,,,,,,,,,,,,,,,,,
,,,,,,,,,,286,284,301,301,301,284,301,292,,364,294,301,284,301,284,284,301,284,301,301,301,284,301,301,302,,364,,,,,293,284,300,301,301,301,285,,,,,,,,,,,,,,,,,,,,,,,,,,,,,,,,,,,,,,,,,,,,,,,,,,,,
,,,,,,,,,,303,284,284,284,284,299,284,284,289,301,301,301,284,301,301,284,284,284,301,284,301,301,301,284,302,294,301,292,288,288,,294,284,296,301,284,284,285,,,,,,,,,,,,,,,,,,,,,,,,,,,,,,,,,,,,,,,,,,,,,,,,,,,,
,,,,,,,,,,286,301,301,301,301,284,301,284,300,301,299,301,284,284,301,301,284,301,284,301,301,301,301,284,300,284,301,284,284,284,300,301,301,301,301,284,284,285,,,,,,,,,,,,,,,,,,,,,,,,,,,,,,,,,,,,,,,,,,,,,,,,,,,,
,,,,,,,,,,303,301,284,284,301,291,293,284,300,284,301,284,284,301,301,301,284,301,284,284,301,301,284,291,,293,301,291,287,287,,293,301,299,301,284,291,,,,,,,,,,,,,,,,,,,,,,,,,,,,,,,,,,,,,,,,,,,,,,,,,,,,,
,,,,,,,,,,303,301,284,284,284,285,288,287,286,301,284,284,301,284,284,284,284,301,299,301,301,301,291,,,,364,,,,,303,301,301,301,284,302,,,,,,,,,,,,,,,,,,,,,,,,,,,,,,,,,,,,,,,,,,,,,,,,,,,,,
,,,,,,,,,,286,284,301,301,301,289,284,292,286,284,284,301,301,301,301,301,284,301,301,301,284,291,,,,,364,,,,,294,284,301,284,297,,,,,,,,,,,,,,,,,,,,,,,,,,,,,,,,,,,,,,,,,,,,,,,,,,,,,,
,,,,,,,,,,286,301,301,301,284,296,301,284,302,287,293,284,301,301,301,301,284,284,284,301,291,,,,,,364,,,,303,284,301,299,301,301,302,,,,,,,,,,,,,,,,,,,,,,,,,,,,,,,,,,,,,,,,,,,,,,,,,,,,,
,,,,,,,,,,286,284,301,301,284,284,284,291,,288,,287,287,293,301,301,301,301,284,284,292,,,,,,364,,,,294,284,284,284,301,284,285,,,,,,,,,,,,,,,,,,,,,,,,,,,,,,,,,,,,,,,,,,,,,,,,,,,,,
,,,,,,,,,,286,301,284,301,301,284,291,288,294,284,285,288,,303,284,284,284,301,284,301,301,292,288,288,,,364,288,,294,301,284,284,301,284,284,302,,,,,,,,,,,,,,,,,,,,,,,,,,,,,,,,,,,,,,,,,,,,,,,,,,,,,
,,,,,,,,,,303,284,284,284,284,301,300,301,301,301,296,284,285,,293,284,301,299,301,301,284,301,284,301,292,303,301,301,300,284,284,301,284,301,301,297,,,,,,,,,,,,,,,,,,,,,,,,,,,,,,,,,,,,,,,,,,,,,,,,,,,,,,
,,,,,,,,,,286,284,284,301,284,284,296,301,284,284,284,301,302,,303,284,299,301,284,301,301,301,284,284,301,300,301,291,,293,301,284,284,284,301,284,285,,,,,,,,,,,,,,,,,,,,,,,,,,,,,,,,,,,,,,,,,,,,,,,,,,,,,
,,,,,,,,,,286,284,301,299,301,284,301,301,284,284,301,301,285,288,,293,284,284,284,284,284,301,284,297,287,,287,,288,294,301,284,301,301,301,291,,,,,,,,,,,,,,,,,,,,,,,,,,,,,,,,,,,,,,,,,,,,,,,,,,,,,,
,,,,,,,,,,286,284,301,284,301,284,284,284,284,301,301,301,296,301,285,,293,301,301,284,284,301,301,284,302,,,294,284,301,301,284,284,284,284,302,,,,,,,,,,,,,,,,,,,,,,,,,,,,,,,,,,,,,,,,,,,,,,,,,,,,,,
,,,,,,,,,,303,301,295,301,284,301,301,301,284,301,284,301,301,301,292,,,293,301,284,284,284,284,291,,,286,301,301,284,301,284,284,284,301,285,,,,,,,,,,,,,,,,,,,,,,,,,,,,,,,,,,,,,,,,,,,,,,,,,,,,,,
,,,,,,,,,,303,301,296,301,284,301,301,284,301,284,301,284,299,301,301,302,,303,301,301,301,284,284,285,,,294,301,284,301,301,301,284,284,284,302,,,,,,,,,,,,,,,,,,,,,,,,,,,,,,,,,,,,,,,,,,,,,,,,,,,,,,
,,,,,,,,,,286,284,301,301,301,295,301,284,301,301,284,284,301,301,301,285,,303,301,301,284,284,291,,,294,284,284,301,301,284,284,284,284,301,302,,,,,,,,,,,,,,,,,,,,,,,,,,,,,,,,,,,,,,,,,,,,,,,,,,,,,,
,,,,,,,,,,286,301,301,284,301,289,301,284,284,284,301,284,301,301,301,292,,288,290,290,290,290,288,288,294,284,284,284,301,301,284,301,284,301,301,302,,,,,,,,,,,,,,,,,,,,,,,,,,,,,,,,,,,,,,,,,,,,,,,,,,,,,,
,,,,,,,,,,303,284,284,284,284,296,284,284,301,301,284,301,284,284,301,301,296,301,284,301,284,301,284,284,301,284,301,301,301,301,301,301,284,284,284,285,,,,,,,,,,,,,,,,,,,,,,,,,,,,,,,,,,,,,,,,,,,,,,,,,,,,,,
,,,,,,,,,,303,301,301,284,284,301,301,301,284,284,284,301,284,284,301,301,301,301,301,301,284,301,301,301,284,301,301,284,284,301,284,284,301,301,284,302,,,,,,,,,,,,,,,,,,,,,,,,,,,,,,,,,,,,,,,,,,,,,,,,,,,,,,
BigDecor: 
,,,,,,,,,,,,,,,,,,,,,,,,,,,,,,,,,,,,,,,,,,,,,,,,,,,,,,,,,,,,,,,,,,,,,,,,,,,,,,,,,,,,,,,,,,,,,,,,,,,
,,,,,,,,,,,,,,,,,21,,,,,,,,,,,,,,,,,,,,,,,,,,,,,,,,,,,,,,,,,,,,,,,,,,,,,,,,,,,,,,,,,,,,,,,,,,,,,,,,,,
,,,,,,,,,,,,,,,,,,,,,,,,,,,,,,,,,,,,,,,,,,,,,,,,,,,,,,,,,,,,,,,,,,,,,,,,,,,,,,,,,,,,,,,,,,,,,,,,,,,
,,,,,,,,,,,,,,,,,20,,,,,,,,,,,,,,,,,,,,,,,,,,,,,,,,,,,,,,,,,,,,,,,,,,,,,,,,,,,,,,,,,,,,,,,,,,,,,,,,,,
,,,,,,,,,,,,,,,,,,,,,,,,,,,,,,,,,,,,,,,,,,,,,,,,,,,,,,,,,,,,,,,,,,,,,,,,,,,,,,,,,,,,,,,,,,,,,,,,,,,
,,,,,,,,,,,,,,,,,,,,,,,,,,,,,,,,,,,,,,,,,,,,,,,,,,,,,,,,,,,,,,,,,,,,,,,,,,,,,,,,,,,,,,,,,,,,,,,,,,,
,,,,,,,,,,,,,,,,,,,21,,,,,,,,,,,,,,,,,,,,,,,,,,,,,,,,,,,,,,,,,,,,,,,,,,,,,,,,,,,,,,,,,,,,,,,,,,,,,,,,
,,,,,,,,,,,,,,,,,,,,,,,,,,,,,,,,,,,,,,,,,,,,,,,,,,,,,,,,,,,,,,,,,,,,,,,,,,,,,,,,,,,,,,,,,,,,,,,,,,,
,,,,,,,,,,,,,,,,,,,,,,,,,,,,,,,,,,,,,,,,,,,,,,,,,,,,,,,,,,,,,,,,,,,,,,,,,,,,,,,,,,,,,,,,,,,,,,,,,,,
,,,,,,,,,,,,,,,,,,,,,,,,,,,,,,,,,,,,,,,,,,,,,,,,,,,,,,,,,,,,,,,,,,,,,,,,,,,,,,,,,,,,,,,,,,,,,,,,,,,
,,,,,,,,,,,,,,,,,,,21,,,,,,,,,,,,,,,,,,,,,,,,,,,,,,,,,,,,,,,,,,,,,,,,,,,,,,,,,,,,,,,,,,,,,,,,,,,,,,,,
,,,,,,,,,,,,,,,,,,,,,,,,,,,,,,,,,,,,,,,,,,,,,,,,,,,,,,,,,,,,,,,,,,,,,,,,,,,,,,,,,,,,,,,,,,,,,,,,,,,
,,,,,,,,,,,,,,,,,,,,,,,,,,,,,,,,,,,,,,,,,,,,,,,,,,,,,,,,,,,,,,,,,,,,,,,,,,,,,,,,,,,,,,,,,,,,,,,,,,,
,,,,,,,,,,,,,,,,,,,,,,,,,,,,,,,,,,,,,,,,,,,,,,,,,,,,,,,,,,,,,,,,,,,,,,,,,,,,,,,,,,,,,,,,,,,,,,,,,,,
,,,,,,,,,,,,,,,,,,22,,,,,,,,,,,,,,,,,,,,,,,,,,,,,,,,,,,,,,,,,,,,,,,,,,,,,,,,,,,,,,,,,,,,,,,,,,,,,,,,,
,,,,,,,,,,,,,,,,,,,,,,,,,,,,,,,,,,,,,,,,,,,,,,,,,,,,,,,,,,,,,,,,,,,,,,,,,,,,,,,,,,,,,,,,,,,,,,,,,,,
,,,,,,,,,,,,,,,,,,,,,,,,,,,,,,,,,,,,,,,,,,,,,,,,,,,,,,,,,,,,,,,,,,,,,,,,,,,,,,,,,,,,,,,,,,,,,,,,,,,
,,,,,,,,,,,,,,,,,,,,,,,,,,,,,,,,,,,,,,,,,,,,,,,,,,,,,,,,,,,,,,,,,,,,,,,,,,,,,,,,,,,,,,,,,,,,,,,,,,,
,,,,,,,,,,,,,,,,,,,,,,,,,,,,,,,,,,,,,,,,,,,,,,,,,,,,,,,,,,,,,,,,,,,,,,,,,,,,,,,,,,,,,,,,,,,,,,,,,,,
,,,,,,,,,,,,,,,,,,,,,,,,,,,,,,,,,,,,,,,,,,,,,,,,,,,,,,,,,,,,,,,,,,,,,,,,,,,,,,,,,,,,,,,,,,,,,,,,,,,
,,,,,,,,,,,,,,,,,,,,,,,,,,,,,,,,,,,,,,,,,,,,,,,,,,,,,,,,,,,,,,,,,,,,,,,,,,,,,,,,,,,,,,,,,,,,,,,,,,,
,,,,,,,,,,,,,,,,20,,,,,,,,,,,,,,,,,,,,,,,,,,,,,,,,,,,,,,,,,,,,,,,,,,,,,,,,,,,,,,,,,,,,,,,,,,,,,,,,,,,
,,,,,,,,,,,,,,,,,,,,,,,,,,,,,,,,,,,,,,,,,,,,,,,,,,,,,,,,,,,,,,,,,,,,,,,,,,,,,,,,,,,,,,,,,,,,,,,,,,,
,,,,,,,,,,,,,,,,,,,,,,,,,,,,,,,,,,,,,,,,,,,,,,,,,,,,,,,,,,,,,,,,,,,,,,,,,,,,,,,,,,,,,,,,,,,,,,,,,,,
,,,,,,,,,,,,,,,24,,,,,,,,,,,,,,,,,,,,,,,,,,,,,,,,,,,,,,,,,,,,,,,,,,,,,,,,,,,,,,,,,,,,,,,,,,,,,,,,,,,,
,,,,,,,,,,,25,,,,,,,,,,,,,,,,,,,,,,,,,,,,,,,,,,,,,,,,,,,,,,,,,,,,,,,,,,,,,,,,,,,,,,,,,,,,,,,,,,,,,,,,
,,,,,,,23,,,,,,,,,,,,,,,,,,,,,,,,,,,,,,,,,,,,,,,,,,,,,,,,,,,,,,,,,,,,,,,,,,,,,,,,,,,,,,,,,,,,,,,,,,,,
,,,24,,,,,,,,,,,,,,,,,,,,,,,,,,,,,,,,,,,,,,,,,,,,,,,,,,,,,,,,,,,,,,,,,,,,,,,,,,,,,,,,,,,,,,,,,,,,,,,,
,,,,,,,,,,,,,,,,,,,,,,,,,,,,,,,,,,,,,,,,,,,,,,,,,,,,,,,,,,,,,,,,,,,,,,,,,,,,,,,,,,,,,,,,,,,,,,,,,,,
,,,,,,,,,,,,,,,,,,,,,,,,,,,,,,,,,,,,,,,,,,,,,,,,,,,,,,,,,,,,,,,,,,,,,,,,,,,,,,,,,,,,,,,,,,,,,,,,,,,
,,,,,,,,,,,,,,,,,,,,,,,,,,,,,,,,,,,,,,,,,,,,,,,,,,,,,,,,,,,,,,,,,,,,,,,,,,,,,,,,,,,,,,,,,,,,,,,,,,,
,,,,,,,,,,,,,,,,,,,,,,,,,,,,,,,,,,,,,,,,,,,,,,,,,,,,,,,,,,,,,,,,,,,,,,,,,,,,,,,,,,,,,,,,,,,,,,,,,,,
,,,,,,,,,,,,,,,,,45,,,,,,,,,,,,,,,,,,,,,,,,,,,,,,,,,,,,,,,,,,,,,,,,,,,,,,,,,,,,,,,,,,,,,,,,,,,,,,,,,,
,,,,,,,,,,,,,,,,,,,,,,,,,,,,,,,,,,,,,,,,,,,,,,,,,,,,,,,,,,,,,,,,,,,,,,,,,,,,,,,,,,,,,,,,,,,,,,,,,,,
,,,,,,,,,,,,,,,,,,,,,,,,,,,,,,,,,,,,,,,,,,,,,,,,,,,,,,,,,,,,,,,,,,,,,,,,,,,,,,,,,,,,,,,,,,,,,,,,,,,
,,,,,,,,,,,,,,,,,,,,,,,,,,,,,,,,,,,,,,,,,,,,,,,,,,,,,,,,,,,,,,,,,,,,,,,,,,,,,,,,,,,,,,,,,,,,,,,,,,,
,,,,,,,,,,,,,,,,,,,,,,,,,,,,,,,,,,,,,,,,,,,,,,,,,,,,,,,,,,,,,,,,,,,,,,,,,,,,,,,,,,,,,,,,,,,,,,,,,,,
,,,,,,,,,,,,,,,,,,,,,,,,,,,,,,,,,,,,,,,,,,,,,,,,,,,,,,,,,,,,,,,,,,,,,,,,,,,,,,,,,,,,,,,,,,,,,,,,,,,
,,,,,,,,,,,,,,,,,,,,,,,,,,,,,,,,,,,,,,,,,,,,,,,,,,,,,,,,,,,,,,,,,,,,,,,,,,,,,,,,,,,,,,,,,,,,,,,,,,,
,,,,,,,,,,,,,,,,,,,,,,,,,,,,,,,,,,,,,,,,,,,,,,,,,,,,,,,,,,,,,,,,,,,,,,,,,,,,,,,,,,,,,,,,,,,,,,,,,,,
,,,,,,,,,,,,,,,,,,,,,,,,,,,,,,,,,,,,,,,,,,,,,,,,,,,,,,,,,,,,,,,,,,,,,,,,,,,,,,,,,,,,,,,,,,,,,,,,,,,
,,,,,,,,,,,,,,,,,,,,,,,,,,,,,,,,,,,,,,,,,,,,,,,,,,,,,,,,,,,,,,,,,,,,,,,,,,,,,,,,,,,,,,,,,,,,,,,,,,,
,,,,,,,,,,,,,,,,,,,,,,,,,,,,,,,,,,,,,,,,,,,,,,,,,,,,,,,,,,,,,,,,,,,,,,,,,,,,,,,,,,,,,,,,,,,,,,,,,,,
,,,,,,,,,,,,,,,,,,,,,,,,,,,,,,,,,,,,,,,,,,,,,,,,,,,,,,,,,,,,,,,,,,,,,,,,,,,,,,,,,,,,,,,,,,,,,,,,,,,
,,,,,,,,,,,,,,,,,,,,,,,,,,,,,,,,,,,,,,,,,,,,,,,,,,,,,,,,,,,,,,,,,,,,,,,,,,,,,,,,,,,,,,,,,,,,,,,,,,,
,,,,,,,,,,,,,,,,,,,,,,,,,,,,,,,,,,,,,,,,,,,,,,,,,,,,,,,,,,,,,,,,,,,,,,,,,,,,,,,,,,,,,,,,,,,,,,,,,,,
,,,,,,,,,,,,,,,,,,,,,,,,,,,,,,,,,,,,,,,,,,,,,,,,,,,,,,,,,,,,,,,,,,,,,,,,,,,,,,,,,,,,,,,,,,,,,,,,,,,
,,,,,,,,,,,,,,,,,,,,,,,,,,,,,,,,,,,,,,,,,,,,,,,,,,,,,,,,,,,,,,,,,,,,,,,,,,,,,,,,,,,,,,,,,,,,,,,,,,,
,,,,,,,,,,,,,,,,,,,,,,,,,,,,,,,,,,,,,,,,,,,,,,,,,,,,,,,,,,,,,,,,,,,,,,,,,,,,,,,,,,,,,,,,,,,,,,,,,,,
,,,,,,,,,,,,,,,,,,,,,,,,,,,,,,,,,,,,,,,,,,,,,,,,,,,,,,,,,,,,,,,,,,,,,,,,,,,,,,,,,,,,,,,,,,,,,,,,,,,
,,,,,,,,,,,,,,,,,,,,,,,,,,,,,,,,,,,,,,,,,,,,,,,,,,,,,,,,,,,,,,,,,,,,,,,,,,,,,,,,,,,,,,,,,,,,,,,,,,,
,,,,,,,,,,,,,,,,,,,,,,,,,,,,,,,,,,,,,,,,,,,,,,,,,,,,,,,,,,,,,,,,,,,,,,,,,,,,,,,,,,,,,,,,,,,,,,,,,,,
,,,,,,,,,,,,,,,,,,,,,,,,,,,,,,,,,,,,,,,,,,,,,,,,,,,,,,,,,,,,,,,,,,,,,,,,,,,,,,,,,,,,,,,,,,,,,,,,,,,
,,,,,,,,,,,,,,,,,,,,,,,,,,,,,,,,,,,,,,,,,,,,,,,,,,,,,,,,,,,,,,,,,,,,,,,,,,,,,,,,,,,,,,,,,,,,,,,,,,,
,,,,,,,,,,,,,,,,,,,,,,,,,,,,,,,,,,,,,,,,,,,,,,,,,,,,,,,,,,,,,,,,,,,,,,,,,,,,,,,,,,,,,,,,,,,,,,,,,,,
,,,,,,,,,,,,,,,,,,,,,,,,,,,,,,,,,,,,,,,,,,,,,,,,,,,,,,,,,,,,,,,,,,,,,,,,,,,,,,,,,,,,,,,,,,,,,,,,,,,
,,,,,,,,,,,,,,,,,,,,,,,,,,,,,,,,,,,,,,,,,,,,,,,,,,,,,,,,,,,,,,,,,,,,,,,,,,,,,,,,,,,,,,,,,,,,,,,,,,,
,,,,,,,,,,,,,,,,,,,,,,,,,,,,,,,,,,,,,,,,,,,,,,,,,,,,,,,,,,,,,,,,,,,,,,,,,,,,,,,,,,,,,,,,,,,,,,,,,,,
,,,,,,,,,,,,,,,,,,,,,,,,,,,,,,,,,,,,,,,,,,,,,,,,,,,,,,,,,,,,,,,,,,,,,,,,,,,,,,,,,,,,,,,,,,,,,,,,,,,
,,,,,,,,,,,,,,,,,,,,,,,,,,,,,,,,,,,,,,,,,,,,,,,,,,,,,,,,,,,,,,,,,,,,,,,,,,,,,,,,,,,,,,,,,,,,,,,,,,,
,,,,,,,,,,,,,,,,,,,,,,,,,,,,,,,,,,,,,,,,,,,,,,,,,,,,,,,,,,,,,,,,,,,,,,,,,,,,,,,,,,,,,,,,,,,,,,,,,,,
,,,,,,,,,,,,,,,,,,,,,,,,,,,,,,,,,,,,,,,,,,,,,,,,,,,,,,,,,,,,,,,,,,,,,,,,,,,,,,,,,,,,,,,,,,,,,,,,,,,
,,,,,,,,,,,,,,,,,,,,,,,,,,,,,,,,,,,,,,,,,,,,,,,,,,,,,,,,,,,,,,,,,,,,,,,,,,,,,,,,,,,,,,,,,,,,,,,,,,,
,,,,,,,,,,,,,,,,,,,,,,,,,,,,,,,,,,,,,,,,,,,,,,,,,,,,,,,,,,,,,,,,,,,,,,,,,,,,,,,,,,,,,,,,,,,,,,,,,,,
,,,,,,,,,,,,,,,,,,,,,,,,,,,,,,,,,,,,,,,,,,,,,,,,,,,,,,,,,,,,,,,,,,,,,,,,,,,,,,,,,,,,,,,,,,,,,,,,,,,
,,,,,,,,,,,,,,,,,,,,,,,,,,,,,,,,,,,,,,,,,,,,,,,,,,,,,,,,,,,,,,,,,,,,,,,,,,,,,,,,,,,,,,,,,,,,,,,,,,,
,,,,,,,,,,,,,,,,,,,,,,,,,,,,,,,,,,,,,,,,,,,,,,,,,,,,,,,,,,,,,,,,,,,,,,,,,,,,,,,,,,,,,,,,,,,,,,,,,,,
,,,,,,,,,,,,,,,,,,,,,,,,,,,,,,,,,,,,,,,,,,,,,,,,,,,,,,,,,,,,,,,,,,,,,,,,,,,,,,,,,,,,,,,,,,,,,,,,,,,
,,,,,,,,,,,,,,,,,,,,,,,,,,,,,,,,,,,,,,,,,,,,,,,,,,,,,,,,,,,,,,,,,,,,,,,,,,,,,,,,,,,,,,,,,,,,,,,,,,,
,,,,,,,,,,,,,,,,,,,,,,,,,,,,,,,,,,,,,,,,,,,,,,,,,,,,,,,,,,,,,,,,,,,,,,,,,,,,,,,,,,,,,,,,,,,,,,,,,,,
,,,,,,,,,,,,,,,,,,,,,,,,,,,,,,,,,,,,,,,,,,,,,,,,,,,,,,,,,,,,,,,,,,,,,,,,,,,,,,,,,,,,,,,,,,,,,,,,,,,
,,,,,,,,,,,,,,,,,,,,,,,,,,,,,,,,,,,,,,,,,,,,,,,,,,,,,,,,,,,,,,,,,,,,,,,,,,,,,,,,,,,,,,,,,,,,,,,,,,,
,,,,,,,,,,,,,,,,,,,,,,,,,,,,,,,,,,,,,,,,,,,,,,,,,,,,,,,,,,,,,,,,,,,,,,,,,,,,,,,,,,,,,,,,,,,,,,,,,,,
,,,,,,,,,,,,,,,,,,,,,,,,,,,,,,,,,,,,,,,,,,,,,,,,,,,,,,,,,,,,,,,,,,,,,,,,,,,,,,,,,,,,,,,,,,,,,,,,,,,
,,,,,,,,,,,,,,,,,,,,,,,,,,,,,,,,,,,,,,,,24,,,,,,,,,,,,,,,,,,,,,,,,,,,,,,,,,,,,,,,,,,,,,,,,,,,,,,,,,,,
,,,,,,,,,,,,,,,,,,,,,,,,,,,,,,,,,,,,,,,,,,,,,,,,,,,,,,,,,,,,,,,,,,,,,,,,,,,,,,,,,,,,,,,,,,,,,,,,,,,
,,,,,,,,,,,,,,,,,,,,,,,,,,,,,,,,,,,,,,,,,,,,,,,,,,,,,,,,,,,,,,,,,,,,,,,,,,,,,,,,,,,,,,,,,,,,,,,,,,,
,,,,,,,,,,,,,,,,,,,,,,,,,,,,,,,,,,,,,,,25,,,,,,,,,,,,,,,,,,,,,,,,,,,,,,,,,,,,,,,,,,,,,,,,,,,,,,,,,,,,
,,,,,,,,,,,,,,,,,,,,,,,,,,,,,,,,,,,,,,,,,,,,,,,,,,,,,,,,,,,,,,,,,,,,,,,,,,,,,,,,,,,,,,,,,,,,,,,,,,,
,,,,,,,,,,,,,,,,,,,,,,,,,,,,,,,,,,,,,,,,,,,,,,,,,,,,,,,,,,,,,,,,,,,,,,,,,,,,,,,,,,,,,,,,,,,,,,,,,,,
,,,,,,,,,,,,,,,,,,,,,,,,,,,,,,,,,,,,,,,,,,,,,,,,,,,,,,,,,,,,,,,,,,,,,,,,,,,,,,,,,,,,,,,,,,,,,,,,,,,
,,,,,,,,,,,,,,,,,,,,,,,,,,,,,,,,,,,,,,,,25,,,,,,,,,,,,,,,,,,,,,,,,,,,,,,,,,,,,,,,,,,,,,,,,,,,,,,,,,,,
,,,,,,,,,,,,,,,,,,,,,,,,,,,,,,,,,,,,,,,,,,,,,,,,,,,,,,,,,,,,,,,,,,,,,,,,,,,,,,,,,,,,,,,,,,,,,,,,,,,
,,,,,,,,,,,,,,,,,,,,,,,,,,,,,,,,,,,,,,,,,,,,,,,,,,,,,,,,,,,,,,,,,,,,,,,,,,,,,,,,,,,,,,,,,,,,,,,,,,,
,,,,,,,,,,,,,,,,,,,,,,,,,,,,,,,,,,,,,,,,,,,,,,,,,,,,,,,,,,,,,,,,,,,,,,,,,,,,,,,,,,,,,,,,,,,,,,,,,,,
,,,,,,,,,,,,,,,,,,,,,,,,,,,,,,,,,,,,,,,,25,,,,,,,,,,,,,,,,,,,,,,,,,,,,,,,,,,,,,,,,,,,,,,,,,,,,,,,,,,,
,,,,,,,,,,,,,,,,,,,,,,,,,,,,,,,,,,,,,,,,,,,,,,,,,,,,,,,,,,,,,,,,,,,,,,,,,,,,,,,,,,,,,,,,,,,,,,,,,,,
,,,,,,,,,,,,,,,,,,,,,,,,,,,,,,,,,,,,,,,23,,,,,,,,,,,,,,,,,,,,,,,,,,,,,,,,,,,,,,,,,,,,,,,,,,,,,,,,,,,,
,,,,,,,,,,,,,,,,,,,,,,,,,,,,,,,,,,,,,,,,,,,,,,,,,,,,,,,,,,,,,,,,,,,,,,,,,,,,,,,,,,,,,,,,,,,,,,,,,,,
,,,,,,,,,,,,,,,,,,,,,,,,,,,,,,,,,,,,,,,,,,,,,,,,,,,,,,,,,,,,,,,,,,,,,,,,,,,,,,,,,,,,,,,,,,,,,,,,,,,
,,,,,,,,,,,,,,,,,,,,,,,,,,,,,,,,,,,,,,,,,,,,,,,,,,,,,,,,,,,,,,,,,,,,,,,,,,,,,,,,,,,,,,,,,,,,,,,,,,,
,,,,,,,,,,,,,,,,,,,,,,,,,,,,,,,,,,,,,,23,,,,,,,,,,,,,,,,,,,,,,,,,,,,,,,,,,,,,,,,,,,,,,,,,,,,,,,,,,,,,
,,,,,,,,,,,,,,,,,,,,,,,,,,,,,,,,,,,,,,,,,,,,,,,,,,,,,,,,,,,,,,,,,,,,,,,,,,,,,,,,,,,,,,,,,,,,,,,,,,,
,,,,,,,,,,,,,,,,,,,,,,,,,,,,,,,,,,,,,,,,,,,,,,,,,,,,,,,,,,,,,,,,,,,,,,,,,,,,,,,,,,,,,,,,,,,,,,,,,,,
,,,,,,,,,,,,,,,,,,,,,,,,,,,,,,,,,,,,,,,,,,,,,,,,,,,,,,,,,,,,,,,,,,,,,,,,,,,,,,,,,,,,,,,,,,,,,,,,,,,
,,,,,,,,,,,,,,,,,,,,,,,,,,,,,,,,,,,,,,,,,,,,,,,,,,,,,,,,,,,,,,,,,,,,,,,,,,,,,,,,,,,,,,,,,,,,,,,,,,,
,,,,,,,,,,,,,,,,,,,,,,,,,,,,,,,,,,,,,,,,,,,,,,,,,,,,,,,,,,,,,,,,,,,,,,,,,,,,,,,,,,,,,,,,,,,,,,,,,,,
,,,,,,,,,,,,,,,,,,,,,,,,,,,,,,,,,,,,,,,,,,,,,,,,,,,,,,,,,,,,,,,,,,,,,,,,,,,,,,,,,,,,,,,,,,,,,,,,,,,
,,,,,,,,,,,,,,,,,,,,,,,,,,,,,,,,,,,,,,,,,,,,,,,,,,,,,,,,,,,,,,,,,,,,,,,,,,,,,,,,,,,,,,,,,,,,,,,,,,,
,,,,,,,,,,,,,,,,,,,,,,,,,,,,,,,,,,,,,,,,,,,,,,,,,,,,,,,,,,,,,,,,,,,,,,,,,,,,,,,,,,,,,,,,,,,,,,,,,,,
MoveObject: type=2 stepAdvance=1 stepRecede=1 timeStopStart=0 timeStopEnd=0 posStart=6082;2308 posEnd=6082;2308 posCurrent=6082;2308 step=1 time=0 phase=4176 channel=10 icon=20 
MoveObject: type=20 stepAdvance=24 stepRecede=24 timeStopStart=8 timeStopEnd=8 posStart=4800;2496 posEnd=4992;2496 posCurrent=4952;2496 step=2 time=19 phase=4176 channel=10 icon=93 
MoveObject: type=2 stepAdvance=1 stepRecede=1 timeStopStart=0 timeStopEnd=0 posStart=6082;1732 posEnd=6082;1732 posCurrent=6082;1732 step=1 time=0 phase=4176 channel=10 icon=20 
MoveObject: type=2 stepAdvance=1 stepRecede=1 timeStopStart=0 timeStopEnd=0 posStart=5506;964 posEnd=5506;964 posCurrent=5506;964 step=1 time=0 phase=4176 channel=10 icon=20 
MoveObject: type=2 stepAdvance=1 stepRecede=1 timeStopStart=0 timeStopEnd=0 posStart=4482;2436 posEnd=4482;2436 posCurrent=4482;2436 step=1 time=0 phase=4176 channel=10 icon=20 
MoveObject: type=3 stepAdvance=1 stepRecede=1 timeStopStart=0 timeStopEnd=0 posStart=4930;2176 posEnd=4930;2176 posCurrent=4930;2176 step=1 time=0 phase=4176 channel=10 icon=56 
MoveObject: type=3 stepAdvance=1 stepRecede=1 timeStopStart=0 timeStopEnd=0 posStart=5122;2176 posEnd=5122;2176 posCurrent=5122;2176 step=1 time=0 phase=4176 channel=10 icon=56 
MoveObject: type=33 stepAdvance=20 stepRecede=20 timeStopStart=23 timeStopEnd=23 posStart=1536;4096 posEnd=1408;4096 posCurrent=1460;4096 step=2 time=12 phase=4176 channel=12 icon=249 
MoveObject: type=2 stepAdvance=1 stepRecede=1 timeStopStart=0 timeStopEnd=0 posStart=3906;5892 posEnd=3906;5892 posCurrent=3906;5892 step=1 time=0 phase=4176 channel=10 icon=20 
MoveObject: type=12 stepAdvance=1 stepRecede=1 timeStopStart=0 timeStopEnd=0 posStart=1472;5888 posEnd=1472;5888 posCurrent=1472;5888 step=1 time=0 phase=4176 channel=1 icon=34 
MoveObject: type=12 stepAdvance=1 stepRecede=1 timeStopStart=0 timeStopEnd=0 posStart=1344;5184 posEnd=1344;5184 posCurrent=1344;5184 step=1 time=0 phase=4176 channel=1 icon=34 
MoveObject: type=12 stepAdvance=1 stepRecede=1 timeStopStart=0 timeStopEnd=0 posStart=1280;5184 posEnd=1280;5184 posCurrent=1280;5184 step=1 time=0 phase=4176 channel=1 icon=32 
MoveObject: type=12 stepAdvance=1 stepRecede=1 timeStopStart=0 timeStopEnd=0 posStart=1216;5184 posEnd=1216;5184 posCurrent=1216;5184 step=1 time=0 phase=4176 channel=1 icon=33 
MoveObject: type=12 stepAdvance=1 stepRecede=1 timeStopStart=0 timeStopEnd=0 posStart=1344;5120 posEnd=1344;5120 posCurrent=1344;5120 step=1 time=0 phase=4176 channel=1 icon=33 
MoveObject: type=12 stepAdvance=1 stepRecede=1 timeStopStart=0 timeStopEnd=0 posStart=1280;5120 posEnd=1280;5120 posCurrent=1280;5120 step=1 time=0 phase=4176 channel=1 icon=34 
MoveObject: type=12 stepAdvance=1 stepRecede=1 timeStopStart=0 timeStopEnd=0 posStart=1216;5120 posEnd=1216;5120 posCurrent=1216;5120 step=1 time=0 phase=4176 channel=1 icon=32 
MoveObject: type=12 stepAdvance=1 stepRecede=1 timeStopStart=0 timeStopEnd=0 posStart=1344;5056 posEnd=1344;5056 posCurrent=1344;5056 step=1 time=0 phase=4176 channel=1 icon=33 
MoveObject: type=12 stepAdvance=1 stepRecede=1 timeStopStart=0 timeStopEnd=0 posStart=1280;5056 posEnd=1280;5056 posCurrent=1280;5056 step=1 time=0 phase=4176 channel=1 icon=34 
MoveObject: type=12 stepAdvance=1 stepRecede=1 timeStopStart=0 timeStopEnd=0 posStart=1216;5056 posEnd=1216;5056 posCurrent=1216;5056 step=1 time=0 phase=4176 channel=1 icon=34 
MoveObject: type=6 stepAdvance=1 stepRecede=1 timeStopStart=0 timeStopEnd=0 posStart=5122;1288 posEnd=5122;1288 posCurrent=5122;1288 step=1 time=0 phase=4176 channel=10 icon=24 
MoveObject: type=6 stepAdvance=1 stepRecede=1 timeStopStart=0 timeStopEnd=0 posStart=5826;1032 posEnd=5826;1032 posCurrent=5826;1032 step=1 time=0 phase=4176 channel=10 icon=24 
MoveObject: type=16 stepAdvance=20 stepRecede=20 timeStopStart=0 timeStopEnd=0 posStart=5504;2240 posEnd=5632;2240 posCurrent=5524;2240 step=4 time=17 phase=4176 channel=10 icon=77 
MoveObject: type=20 stepAdvance=24 stepRecede=24 timeStopStart=8 timeStopEnd=8 posStart=5696;2432 posEnd=5504;2432 posCurrent=5544;2432 step=2 time=19 phase=4176 channel=10 icon=101 
MoveObject: type=20 stepAdvance=16 stepRecede=16 timeStopStart=8 timeStopEnd=8 posStart=5568;2496 posEnd=5440;2496 posCurrent=5512;2496 step=2 time=7 phase=4176 channel=10 icon=105 
MoveObject: type=20 stepAdvance=32 stepRecede=32 timeStopStart=8 timeStopEnd=8 posStart=5632;2560 posEnd=5376;2560 posCurrent=5448;2560 step=4 time=9 phase=4176 channel=10 icon=91 
MoveObject: type=20 stepAdvance=8 stepRecede=8 timeStopStart=8 timeStopEnd=8 posStart=5440;2368 posEnd=5504;2368 posCurrent=5440;2368 step=1 time=0 phase=4176 channel=10 icon=114 
MoveObject: type=6 stepAdvance=1 stepRecede=1 timeStopStart=0 timeStopEnd=0 posStart=258;4488 posEnd=258;4488 posCurrent=258;4488 step=1 time=0 phase=4176 channel=10 icon=24 
MoveObject: type=20 stepAdvance=8 stepRecede=8 timeStopStart=8 timeStopEnd=8 posStart=5184;2496 posEnd=5120;2496 posCurrent=5184;2496 step=1 time=0 phase=4176 channel=10 icon=106 
MoveObject: type=20 stepAdvance=32 stepRecede=32 timeStopStart=8 timeStopEnd=8 posStart=5120;2432 posEnd=4864;2432 posCurrent=4936;2432 step=4 time=9 phase=4176 channel=10 icon=91 
MoveObject: type=6 stepAdvance=1 stepRecede=1 timeStopStart=0 timeStopEnd=0 posStart=130;4424 posEnd=130;4424 posCurrent=130;4424 step=1 time=0 phase=4176 channel=10 icon=24 
MoveObject: type=20 stepAdvance=8 stepRecede=8 timeStopStart=8 timeStopEnd=8 posStart=4864;2368 posEnd=4928;2368 posCurrent=4864;2368 step=1 time=0 phase=4176 channel=10 icon=114 
MoveObject: type=20 stepAdvance=16 stepRecede=16 timeStopStart=8 timeStopEnd=8 posStart=4672;2432 posEnd=4800;2368 posCurrent=4728;2404 step=2 time=7 phase=4176 channel=10 icon=97 
MoveObject: type=20 stepAdvance=16 stepRecede=16 timeStopStart=8 timeStopEnd=8 posStart=4416;2560 posEnd=4544;2624 posCurrent=4472;2588 step=2 time=7 phase=4176 channel=10 icon=97 
MoveObject: type=6 stepAdvance=1 stepRecede=1 timeStopStart=0 timeStopEnd=0 posStart=4610;2632 posEnd=4610;2632 posCurrent=4610;2632 step=1 time=0 phase=4176 channel=10 icon=24 
MoveObject: type=5 stepAdvance=1 stepRecede=1 timeStopStart=0 timeStopEnd=0 posStart=1282;5956 posEnd=1282;5956 posCurrent=1282;5956 step=1 time=0 phase=4176 channel=10 icon=5 
MoveObject: type=7 stepAdvance=1 stepRecede=1 timeStopStart=0 timeStopEnd=0 posStart=194;5892 posEnd=194;5892 posCurrent=194;5892 step=1 time=0 phase=4176 channel=10 icon=36 
MoveObject: type=55 stepAdvance=1 stepRecede=1 timeStopStart=0 timeStopEnd=0 posStart=898;4102 posEnd=898;4102 posCurrent=898;4102 step=1 time=0 phase=4176 channel=10 icon=252 
MoveObject: type=32 stepAdvance=16 stepRecede=16 timeStopStart=25 timeStopEnd=25 posStart=896;3776 posEnd=1024;3776 posCurrent=1024;3776 step=3 time=5 phase=4176 channel=12 icon=73 
MoveObject: type=6 stepAdvance=1 stepRecede=1 timeStopStart=0 timeStopEnd=0 posStart=130;5448 posEnd=130;5448 posCurrent=130;5448 step=1 time=0 phase=4176 channel=10 icon=24 
MoveObject: type=55 stepAdvance=1 stepRecede=1 timeStopStart=0 timeStopEnd=0 posStart=1026;4102 posEnd=1026;4102 posCurrent=1026;4102 step=1 time=0 phase=4176 channel=10 icon=252 
MoveObject: type=17 stepAdvance=15 stepRecede=15 timeStopStart=47 timeStopEnd=47 posStart=512;1344 posEnd=576;1344 posCurrent=576;1344 step=3 time=16 phase=4176 channel=10 icon=82 
MoveObject: type=26 stepAdvance=1 stepRecede=1 timeStopStart=0 timeStopEnd=0 posStart=2050;1160 posEnd=2050;1160 posCurrent=2050;1160 step=1 time=0 phase=4176 channel=10 icon=143 
MoveObject: type=6 stepAdvance=1 stepRecede=1 timeStopStart=0 timeStopEnd=0 posStart=5058;1288 posEnd=5058;1288 posCurrent=5058;1288 step=1 time=0 phase=4176 channel=10 icon=24 
MoveObject: type=2 stepAdvance=1 stepRecede=1 timeStopStart=0 timeStopEnd=0 posStart=2498;580 posEnd=2498;580 posCurrent=2498;580 step=1 time=0 phase=4176 channel=10 icon=20 
MoveObject: type=6 stepAdvance=1 stepRecede=1 timeStopStart=0 timeStopEnd=0 posStart=2754;392 posEnd=2754;392 posCurrent=2754;392 step=1 time=0 phase=4176 channel=10 icon=24 
MoveObject: type=6 stepAdvance=1 stepRecede=1 timeStopStart=0 timeStopEnd=0 posStart=5378;1032 posEnd=5378;1032 posCurrent=5378;1032 step=1 time=0 phase=4176 channel=10 icon=24 
