DescFile: posDecor=0;5820 dimDecor=100;100 world=0 music=2 region=21 blupiPos=258;6086 blupiDir=2 
Decor: 
,,,,,,,,,,,,,,,,,,,,,,,,,,,,,,,,,,,,,,,,,,,,,,,,,,,,,,,,,,,,,36,35,35,156,35,35,35,35,156,35,35,156,156,156,35,156,35,35,37,,,,,,36,156,156,156,156,156,156,35,35,156,156,35,35,35,35
,,,,,,,,,,,,,,,,,,,,,,,,,,,,,,,,,,,,,,,,,,,,,,,,,,,,,,,,,,,,,36,35,35,35,35,35,35,156,35,35,156,35,156,35,35,156,35,35,37,,,,,,36,156,156,35,156,35,35,35,35,156,156,35,156,156,35
,,,,,,,,,,,,,,,,,,,,,,,,,,,,,,,,,,,,,,,,,,,,,,,,,,,,,,,,,,,,,36,156,156,156,156,156,35,156,156,35,35,35,35,156,156,35,156,35,37,,,,,,36,156,35,156,156,156,35,156,35,35,35,35,35,156,156
,,,,,,,,,,,,,,,,,,,,,,,,,,,,,,,,,,,,,,,,,,,,,,,,,,,,,,,,,,,,,36,156,35,35,35,35,35,156,35,156,156,35,156,35,156,156,35,35,37,,,,,,36,156,35,35,35,156,156,35,145,145,145,156,156,156,156
,,,,,,,,,,,,,,,,,,,,,,,,,,,,,,,,,,,,,,,,,,,,,,,,,,,,,,,,,,,,,36,35,35,156,156,156,156,35,156,156,156,35,156,35,35,156,35,156,37,,,,,,36,35,156,35,35,156,35,154,,,,36,35,35,156
,,,,,,,,,,,,,,,,,,,,,,,,,,,,,,,,,,,,,,,,,,,,,,,,,,,,,,,,,,,,,36,35,35,35,156,156,35,35,156,156,35,35,35,156,35,156,35,156,37,,,,,,36,156,35,35,35,35,37,,,,,36,156,35,35
,,,,,,,,,,,,,,,,,,,,,,,,,,,,,,,,,,,,,,,,,,,,,,,,,,,,,,,,,,,,,36,35,35,35,156,156,35,156,156,35,35,35,156,156,35,35,156,35,37,,,,,,36,35,35,35,35,156,154,,,,,68,156,35,156
,,,,,,,,,,,,,,,,,,,,,,,,,,,,,,,,,,,,,,,,,,,,,,,,,,,,,,,,,,,,,36,156,35,156,35,35,156,156,156,156,156,156,156,156,35,156,35,156,37,,,,,,36,35,156,35,156,37,,,,29,,68,156,35,156
,,,,,,,,,,,,,,,,,,,,,,,,,,,,,,,,,,,,,,,,,,,,,,,,,,,,,,,,,,,,,36,156,156,35,156,35,156,156,35,35,156,156,35,156,35,156,156,156,37,,,,,,36,156,35,35,35,37,,,,,,68,156,35,156
,,,,,,,,,,,,,,,,,,,,,,,,,,,,,,,,,,,,,,,,,,,,,,,,,,,,,,,,,,,,,36,35,35,156,156,156,156,156,156,35,35,156,35,156,35,35,35,156,37,,,,,,36,35,156,35,35,37,,,,,29,68,156,35,35
,,,,,,,,,,,,,,,,,,,,,,,,,,,,,,,,,,,,,,,,,,,,,,,,,,,,,,,,,,,,,36,156,156,35,35,156,156,156,156,156,35,156,35,35,35,35,35,35,37,,,,,,36,35,35,35,35,37,,,,,,68,35,156,156
,,,,,,,,,,,,,,,,,,,,,,,,,,,,,,,,,,,,,,,,,,,,,,,,,,,,,,,,,,,,,36,35,35,35,35,35,35,156,156,35,35,35,156,35,35,156,156,156,37,,,,,,36,156,35,156,156,35,155,,,,,68,35,156,156
,,,,,,,,,,,,,,,,,,,,,,,,,,,,,,,,,,,,,,,,,,,,,,,,,,,,,,,,,,,,,36,35,35,35,156,156,156,35,156,156,35,35,35,156,156,35,35,35,37,,,,,,36,35,35,156,156,35,156,155,,,,36,35,156,35
,,,,,,,,,,,,,,,,,,,,,,,,,,,,,,,,,,,,,,,,,,,,,,,,,,,,,,,,,,,,,36,35,156,35,156,35,156,35,156,156,156,35,35,156,156,156,156,156,37,,,,,,36,35,35,35,35,156,35,37,,,,36,156,35,156
,,,,,,,,,,,,,,,,,,,,,,,,,,,,,,,,,,,,,,,,,,,,,,,,,,,,,,,,,,,,,36,156,156,156,156,35,156,35,35,156,35,156,156,35,35,35,156,156,37,,,,,,36,35,35,156,35,156,156,35,155,,,36,156,35,156
,,,,,,,,,,,,,,,,,,,,,,,,,,,,,,,,,,,,,,,,,,,,,,,,,,,,,,,,,,,,,36,156,156,156,35,156,156,35,156,156,35,156,156,156,35,156,156,35,37,,,,,,36,156,35,35,35,156,35,156,37,,,36,156,156,35
,,,,,,,,,,,,,,,,,,,,,,,,,,,,,,,,,,,,,,,,,,,,,,,,,,,,,,,,,,,,,36,156,35,156,35,35,35,35,35,35,156,35,156,156,35,35,156,156,37,,,,,,36,156,156,156,156,35,35,156,35,146,76,35,35,35,35
,,,,,,,,,,,,,,,,,,,,,,,,,,,,,,,,,,,,,,,,,,,,,,,,,,,,,,,,,,,,,36,156,156,156,35,35,156,35,35,156,156,156,156,35,35,35,35,35,37,,,,,,36,156,156,156,156,156,156,156,37,,,36,35,35,156
,,,,,,,,,,,,,,,,,,,,,,,,,,,,,,,,,,,,,,,,,,,,,,,,,,,,,,,,,,,,,36,156,35,156,35,156,35,156,156,35,35,156,35,35,156,35,35,35,37,,,,,,36,156,35,35,156,156,35,35,37,,,36,35,156,156
,,,,,,,,,,,,,,,,,,,,,,,,,,,,,,,,,,,,,,,,,,,,,,,,,,,,,,,,,,,,,36,35,156,156,35,35,35,35,35,35,35,35,35,156,35,35,156,35,37,,,,,,36,156,35,35,35,156,35,35,37,,,68,156,156,156
,,,,,,,,,,,,,,,,,,,,,,,,,,,,,,,,,,,,,,,,,,,,,,,,,,,,,,,,,,,,,36,35,35,35,156,156,35,156,35,35,35,35,156,156,35,156,156,35,37,,,,,,36,35,156,156,156,35,156,156,154,,,68,156,35,35
,,,,,,,,,,,,,,,,,,,,,,,,,,,,,,,,,,,,,,,151,144,144,144,144,144,144,144,144,144,144,144,144,144,144,144,144,144,144,144,144,144,35,35,156,156,156,156,156,35,156,156,35,35,156,156,35,35,35,156,35,144,144,144,144,144,156,156,156,35,156,35,156,37,,,,68,35,35,156
,,,,,,,,,,,,,,,,,,,,,,,,,,,,,,,,,,,,,,,36,156,35,156,35,156,35,156,156,156,156,156,156,156,156,156,156,156,156,35,156,35,35,35,156,35,35,35,156,156,156,145,145,145,145,156,156,156,156,156,156,156,156,35,35,35,156,35,35,35,35,156,156,156,155,,,68,156,156,35
,,,,,,,,,,,,,,,,,,,,,,,,,,,,,,,,,,,,,,,36,35,156,156,35,35,35,35,35,35,156,156,35,156,156,156,35,156,35,156,156,156,156,156,156,35,35,35,156,35,156,154,,,,36,35,35,156,35,156,35,156,35,35,35,156,35,35,156,35,156,156,35,154,,,68,156,156,156
,,,,,,,,,,,,,,,,,,,,,,,,,,,,,,,,,,,,,,,36,156,156,35,35,156,156,156,156,156,35,156,35,156,156,35,156,35,156,156,35,156,156,35,156,35,156,156,156,35,156,155,,,,92,91,156,35,156,156,35,156,35,156,156,35,35,35,156,156,156,156,37,,,,68,156,156,35
,,,,,,,,,,,,,,,,,,,,,,,,,,,,,,,,,151,144,144,144,144,144,35,35,35,35,156,156,35,156,156,35,35,156,156,35,156,35,156,156,35,156,35,156,35,35,35,35,35,35,156,35,156,35,150,,,92,91,35,156,35,35,35,35,35,156,156,156,156,156,35,35,35,156,156,155,,,68,35,35,35
,,,,,,,,,,,,,,,,,,,,,,,,,,,,,,,,,36,156,35,156,35,156,156,156,156,35,156,156,154,68,156,156,35,35,35,35,156,35,35,156,35,35,156,156,35,156,156,156,35,156,156,156,35,156,37,,,36,156,35,35,35,35,35,156,156,35,156,35,35,156,156,35,156,35,156,37,,,68,156,35,156
,,,,,,,,,,,,,,,,,,,,,,,,,,,,,,,,,36,35,35,35,35,156,156,156,156,156,156,149,,68,156,35,156,156,156,35,35,156,156,156,156,35,156,156,156,156,156,35,156,35,156,35,156,156,145,76,144,35,35,35,35,35,156,35,156,156,156,35,35,156,35,35,35,35,156,156,37,,,36,156,35,35
,,,,,,,,,,,,,,,,,,,,,,,,,,,,,,,,,36,156,156,156,156,35,156,35,156,156,37,,,36,35,35,35,35,35,35,156,35,35,35,35,156,156,156,156,156,35,156,156,35,156,35,35,154,,,36,35,156,35,156,156,35,35,156,35,156,35,35,35,35,156,35,156,35,35,37,,,36,35,156,35
,,,,,,,,,,,,,,,,,,,,,,,,,,,,,,,,,36,156,156,156,35,156,35,156,156,35,37,,,152,145,156,145,156,35,156,35,156,35,156,35,156,35,156,35,156,156,35,156,156,156,156,37,,,,36,156,35,35,35,35,35,35,35,156,35,35,35,156,156,156,35,35,156,35,156,155,,36,35,35,35
,,,,,,,,,,,,,,,,,,,,,,,,,,,,,,,,,36,156,35,35,156,156,156,156,35,156,35,148,,,,74,,36,35,156,156,156,145,145,35,35,156,35,35,35,35,156,156,156,35,156,37,,,,36,156,156,35,156,156,156,156,156,35,156,156,35,35,156,156,156,35,156,145,145,35,76,35,156,156,156
,,,,,,,,,,,,,,,,,,,,,,,,,,,,,,,,,36,35,35,156,35,156,156,156,156,35,154,,,,,,,152,35,35,145,154,,,152,35,35,156,35,156,156,35,35,35,156,156,35,150,,,36,35,156,35,35,35,156,156,156,156,35,156,35,156,156,35,145,145,154,,,36,76,156,35,156,35
,,,,,,,,,,,,,,,,,,,,,,,,,,,,,,,,,36,156,156,156,156,35,156,35,35,156,76,76,144,144,144,150,,,36,37,,,,,,152,145,35,35,145,145,35,156,156,156,156,145,154,,,36,156,156,156,156,35,35,35,35,156,35,35,156,35,145,154,,,,,,74,,36,156,156,35
,,,,,,,,,,,,,,,,,,,,,,,,,,,,,,,,,36,156,35,156,35,35,156,145,145,154,,,68,156,156,156,144,76,145,145,76,144,144,150,,,,152,154,,,68,35,35,35,149,,,,,36,35,35,35,35,35,35,156,156,156,156,156,156,154,,,,,,,,,,36,156,35,156
,,,,,,,,,,,,,,,,,,,,,,,,,,,,,,,,,36,156,35,35,35,35,37,,,,,151,35,156,156,156,37,,,,,36,156,156,155,,,,,,,152,145,145,149,,,,,,92,91,35,35,35,156,156,35,35,35,35,35,154,,,,,,,151,155,,,36,35,35,156
,,,,,,,,,,,,,,,,,,,,,,,,,,,,,,,,,36,35,35,156,35,156,156,144,76,144,144,35,156,35,156,35,35,144,144,144,144,156,35,35,156,144,144,144,144,155,,,,,,,,,,,92,91,156,156,35,156,35,35,35,35,35,37,,,,,,,,68,35,144,144,35,156,35,35
,,,,,,,,,,,,,,,,,,,,,,,,,,,,,,,,,36,35,35,156,35,35,35,145,76,35,35,156,35,35,156,156,35,156,156,156,35,35,156,156,156,35,156,35,156,35,144,144,144,150,,,,,,,92,91,35,35,156,156,156,35,35,35,35,154,,,,,,,,68,156,145,145,156,35,156,156
,,,,,,,,,,,,,,,,,,,,,,,,,,,,,,,,,36,35,35,35,156,156,37,,,36,156,35,35,156,145,145,156,35,156,156,35,156,35,35,35,35,156,35,156,35,156,35,156,35,150,,,,,,92,91,156,35,35,156,35,156,156,35,145,76,76,76,148,,,,,152,154,,,36,156,156,35
,,,,,,,,,,,,,,,,,,,,,,,,,,,,,,,,,36,156,156,35,35,35,37,,,68,35,35,156,154,,,36,156,35,156,35,156,156,35,156,35,156,35,35,35,156,35,35,156,35,150,,,,,36,156,35,35,156,35,35,35,156,154,,,,,,,151,155,,,,,,36,35,156,156
,,,,,,,,,,,,,,,,,,,,,,,,,,,,,,,,,36,156,156,156,156,35,37,,,36,156,35,149,,,,152,145,156,35,156,145,156,156,156,35,156,35,35,35,35,156,35,35,156,35,144,155,,,36,156,156,35,35,35,35,35,35,76,76,76,76,148,,,68,35,146,146,76,146,146,156,35,156,35
,,,,,,,,,,,,,,,,,,,,,,,,,,,,,,,,,36,156,35,156,35,35,156,155,,36,156,37,,,75,,,,36,35,37,,152,156,35,35,35,35,35,156,156,35,156,156,35,156,35,37,,,36,156,156,156,156,156,156,145,154,,,,,,,,152,154,,,,,,36,35,35,156
,,,,,,,,,,,,,,,,,,,,,,,,,,,,,,,,,36,156,156,35,35,156,35,156,421,145,145,149,,151,156,144,155,,152,145,154,,,152,35,156,156,156,156,156,156,35,35,35,35,35,156,37,,,36,35,156,35,35,35,154,,,,,,151,155,,,,,147,76,76,76,151,35,156,156,156
,,,,,,,,,,,,,,,,,,,,,,,,,,,,,,,,,36,156,35,35,35,35,156,37,,,,,,36,156,35,37,,,,,,,,36,156,156,35,35,156,35,35,156,156,35,156,35,145,146,76,35,156,156,156,156,37,,,,,,,68,35,155,,,,,,151,144,35,35,156,35,35
,,,,,,,,,,,,,,,,,,,,,,,,,,,,,,,,,36,156,35,156,35,156,35,35,155,,,151,76,35,35,35,156,144,144,144,155,,,,152,156,35,35,156,35,35,156,35,35,35,156,154,,,,92,91,156,156,35,35,76,76,76,76,148,,68,35,156,146,76,76,146,146,35,156,35,35,156,156,35
,,,,,,,,,,,,,,,,,,,,,,,,,,,,,,,,,36,35,156,156,35,35,35,156,35,144,146,154,,36,35,35,156,35,35,156,156,144,150,,,36,35,35,156,35,35,35,35,35,35,35,155,,,,92,91,156,35,156,37,,,,,,,68,35,154,,,,,,36,35,156,156,156,35,35
,,,,,,,,,,,,,,,,,,,,,,,,,,,,,,,,,36,156,35,156,156,35,156,35,35,154,,,,36,35,35,156,35,156,156,35,35,156,144,76,36,35,35,35,156,35,156,156,35,156,156,156,146,146,76,35,156,156,35,35,37,,,,,,,152,154,,,,,,,152,145,156,156,156,156,35
,,,,,,,,,,,,,,,,,,,,,,,,,,,,,,,,,36,156,35,156,35,156,156,156,37,,,,147,145,156,156,156,35,35,156,35,156,156,154,,36,156,156,156,91,91,156,156,156,35,156,37,,,,36,156,35,156,35,154,,,,,,,,,,,,,75,,,,36,35,35,35,35
,,,,,,,,,,,,,,,,,,,,,,,,,,,,,,,,,36,35,156,35,156,35,156,35,37,,,,,,68,35,156,156,35,35,156,35,37,,,92,91,91,91,91,91,35,35,35,35,35,37,,,,92,91,156,35,37,,,,151,155,,,,151,155,,,,36,144,144,144,156,156,156,35,156
,,,,,,,,,,,,,,,,,,,,,,,,,,,,,,,,,36,156,35,156,35,156,156,35,37,,,,,,68,156,35,35,35,156,156,156,149,,,92,91,91,91,91,91,156,35,35,156,35,156,155,,,92,91,35,156,37,,,,68,35,185,146,146,35,37,,,151,35,156,156,35,156,35,35,156,35
,,,,,,,,,,,,,,,,,,,,,,,,,,,,,,,,,36,156,35,156,156,156,35,156,37,,,,151,144,156,156,156,35,156,35,156,37,,,,36,156,156,156,91,91,35,35,156,156,156,156,37,,,92,91,156,156,37,,,,152,154,,,,36,156,144,144,35,35,156,156,156,35,156,156,156,156
,,,,,,,,,,,,,,,,,,,,,,,,,,,,,,,,,36,35,35,156,35,35,156,156,35,155,,,152,145,35,156,156,156,35,35,35,37,,,151,35,35,156,156,156,35,35,156,35,156,156,156,149,,,36,35,156,35,37,,,,,,,,,36,156,156,35,156,156,156,35,35,35,35,35,156,156
,,,,,,,,,,,,,,,,,,,,,,,,,,,,,,,,,36,156,35,35,35,156,156,156,35,37,,,,,68,35,156,156,35,156,156,154,,,36,156,35,156,35,35,35,35,156,35,35,35,154,,,,36,156,35,156,37,,,,,,,,151,156,35,35,156,35,156,35,35,156,35,35,35,156,35
,,,,,,,,,,,,,,,,,,,,,,,,,,,,,,,,,36,156,156,156,35,156,156,35,35,37,,,,,68,35,156,35,35,156,37,,,147,156,156,35,156,156,35,156,35,156,35,156,37,,,,151,156,35,156,156,156,150,,,,,,151,156,35,156,35,35,35,35,35,35,35,156,156,35,35,156
,,,,,,,,,,,,,,,,,,,,,,,,,,,,,,,,,36,156,156,156,156,35,35,35,156,156,155,,,,68,156,156,35,156,156,37,,,,92,91,91,91,91,156,156,35,35,35,35,149,,,,36,156,156,35,156,156,37,,,,,,36,156,35,156,156,35,156,156,35,156,35,156,35,35,156,156
,,,,,,,,,,,,,,,,,,,,,,,,,,,,,,,,,36,156,35,156,35,156,156,156,156,35,149,,151,144,35,156,156,156,156,156,37,,,,36,156,91,91,91,156,35,156,35,35,37,,,,,92,91,156,35,156,35,156,150,,,,151,35,35,156,156,156,35,156,156,156,156,35,35,156,156,35,35
,,,,,,,,,,,,,,,,,,,,,,,,,,,,,,,,,36,35,156,156,35,156,35,156,156,154,,,152,145,156,35,156,35,35,156,156,155,,,36,156,91,91,91,156,156,156,35,156,37,,,,,92,91,156,35,35,35,156,154,,,,36,156,35,156,156,35,156,156,156,35,35,35,35,156,35,35,35
,,,,,,,,,,,,,,,,,,,,,,,,,,,,,,,,,36,156,35,156,35,156,156,35,149,,,,,,68,156,35,156,156,156,35,35,144,144,156,35,91,91,91,35,156,35,35,156,37,,,,,92,91,156,156,156,35,37,,,,151,156,35,35,35,156,156,156,156,35,156,35,35,156,156,156,156,35
,,,,,,,,,,,,,,,,,,,,,,,,,,,,,,,,,36,156,156,35,156,156,35,37,,,,,,,68,156,35,156,35,35,35,91,91,91,91,91,91,91,91,35,156,35,156,156,37,,,,,36,156,156,35,156,156,37,,,147,145,156,145,35,35,35,35,35,156,35,156,35,35,35,35,156,35,35
,,,,,,,,,,,,,,,,,,,,,,,,,,,,,,,,,36,156,156,35,35,156,156,37,,,,,,,68,156,35,35,35,35,35,91,91,91,91,91,91,91,91,156,35,156,35,35,156,155,,,,36,35,35,35,156,156,35,150,,,,74,,36,35,156,156,35,156,156,156,35,35,35,35,35,35,156
,,,,,,,,,,,,,,,,,,,,,,,,,,,,,,,,,36,35,35,35,35,156,156,37,,,,,151,144,156,35,156,156,156,35,156,91,91,156,156,156,35,156,156,156,156,35,35,156,35,37,,,,92,91,35,35,156,35,35,156,150,,,,,36,156,35,35,156,35,35,35,35,156,35,156,35,35,35
,,,,,,,,,,,,,,,,,,,,,,,,,,,,,,,,,36,35,156,35,35,35,35,156,155,,,,152,145,156,35,35,156,156,35,35,91,91,35,156,156,35,35,35,156,156,156,35,156,35,37,,,,92,91,156,156,35,156,35,35,154,,,,,36,156,156,35,35,156,156,35,35,35,156,156,35,156,35
,,,,,,,,,,,,,,,,,,,,,,,,,,,,,,,,,36,156,35,35,156,35,35,35,37,,,,,,68,35,35,35,156,35,35,91,91,35,156,35,156,35,156,35,35,156,35,156,35,37,,,,36,156,156,35,35,156,35,37,,,,,,36,35,35,35,35,35,156,35,35,156,35,35,35,156,35
,,,,,,,,,,,,,,,,,,,,,,,,,,,,,,,,,36,156,156,156,156,35,35,35,35,150,,,,,68,35,156,35,156,156,35,91,91,156,35,35,156,156,35,156,35,35,35,156,156,37,,,,185,185,185,185,185,185,185,185,,,,218,76,156,156,35,35,156,35,35,35,156,156,35,156,35,35,156
,,,,,,,,,,,,,,,,,,,,,,,,,,,,,,,,,36,35,35,156,35,156,35,35,156,37,,,,,68,35,35,156,35,35,156,91,91,35,35,35,35,156,156,35,156,35,156,156,35,37,,,,36,156,156,156,156,35,35,37,,,,,,36,156,156,35,35,35,156,35,156,156,145,35,156,35,156
,,,,,,,,,,,,,,,,,,,,,,,,,,,,,,,,,36,156,35,35,35,35,156,156,156,37,,,151,144,35,156,35,35,35,35,35,91,91,156,35,156,156,156,156,156,156,156,156,35,35,154,,,,36,156,156,156,35,156,156,156,155,,,,,36,145,145,145,145,145,145,145,145,156,76,35,35,156,156
,,,,,,,,,,,,,,,,,,,,,,,,,,,,,,,,,36,156,35,35,156,156,156,156,156,37,,,152,145,35,156,35,35,35,156,156,91,91,35,156,156,35,35,156,35,156,35,156,35,37,,,,,92,91,156,35,35,156,156,156,35,144,155,,,201,,,,,,,,,201,,36,35,156,35
,,,,,,,,,,,,,,,,,,,,,,,,,,,,,,,,,36,156,35,35,156,156,156,35,35,154,,,,,92,91,91,91,91,91,91,91,91,156,156,35,35,35,35,156,156,156,156,35,37,,,,,92,91,156,156,156,156,156,35,35,35,156,144,144,35,144,144,144,144,144,144,144,144,145,76,35,35,35,35
,,,,,,,,,,,,,,,,,,,,,,,,,,,,,,,,,36,156,156,35,35,156,156,35,37,,,,,,92,91,91,91,91,91,91,91,91,156,35,156,156,156,35,156,156,156,156,156,37,,,,,92,91,35,156,156,156,156,156,35,35,156,156,156,35,35,156,35,35,156,156,35,154,,,36,35,35,35
,,,,,,,,,,,,,,,,,,,,,,,,,,,,,,,,,36,35,156,35,35,156,156,35,156,155,,,,,92,91,91,91,91,91,91,91,91,156,35,35,156,35,156,156,35,156,156,156,37,,,,,36,35,35,156,35,35,156,35,156,156,156,35,156,156,35,156,156,35,35,35,37,,,,36,156,156,156
,,,,,,,,,,,,,,,,,,,,,,,,,,,,,,,,,36,35,156,35,35,156,35,156,35,156,155,,151,144,156,35,35,35,35,35,156,156,156,156,156,35,35,35,156,156,35,156,156,156,35,155,,,151,35,156,35,156,156,35,35,156,156,156,156,156,35,156,35,35,156,35,156,156,156,155,,,36,145,35,35
,,,,,,,,,,,,,,,,,,,,,,,,,,,,,,,,,36,156,35,156,156,156,156,156,156,35,154,,152,145,156,156,156,35,35,156,35,35,35,35,156,156,156,35,35,156,35,156,156,35,156,35,144,144,156,35,35,35,35,156,35,35,156,156,35,156,156,35,35,35,156,156,156,156,156,156,37,,,74,,68,156
,,,,,,,,,,,,,,,,,,,,,,,,,,,,,,,,,36,35,156,35,156,156,156,35,35,37,,,,,68,156,156,156,156,35,156,35,35,156,35,156,156,156,156,156,156,156,35,35,156,35,156,156,156,35,35,156,156,35,35,35,156,156,156,35,156,35,35,156,35,156,156,156,156,35,37,,,,,68,156
,,,,,,,,,,,,,,,,,,,,,,,,,,,,,,,,,36,35,35,156,35,35,35,156,156,37,,,,,68,35,35,156,35,156,35,35,156,35,156,35,156,35,156,156,35,156,156,156,156,35,156,156,35,35,35,156,35,35,35,156,35,35,156,35,156,156,156,35,156,156,35,35,35,35,37,,,,,68,156
,,,,,,,,,,,,,,,,,,,,,,,,,,,,,,,,,36,156,156,35,35,156,156,156,35,37,,,,,68,156,156,156,156,156,156,35,35,156,35,156,156,35,35,35,156,156,35,35,35,156,156,156,156,156,35,35,156,156,35,156,35,35,156,156,35,156,156,35,35,35,35,156,156,156,156,150,,,,68,156
,,,,,,,,,,,,,,,,,,,,,,,,,,,,,,,,,36,156,156,156,35,35,156,35,156,154,,,151,144,35,35,156,35,35,35,35,156,156,35,35,35,35,156,35,35,156,156,35,35,35,156,156,156,156,156,156,156,156,156,156,156,156,35,156,35,156,35,35,156,156,156,156,35,35,35,156,149,,,,68,156
,,,,,,,,,,,,,,,,,,,,,,,,,,,,,,,,,36,35,156,35,156,156,156,156,37,,,,152,145,35,156,35,35,156,156,156,156,156,35,156,35,156,35,35,35,35,156,156,35,156,156,156,156,156,35,156,35,156,35,35,35,35,156,35,35,156,156,35,145,154,36,35,156,156,156,37,,,,,68,35
,,,,,,,,,,,,,,,,,,,,,,,,,,,,,,,,,36,156,156,156,156,156,35,35,37,,,,,,68,156,35,35,35,35,35,156,35,35,35,156,156,35,35,156,35,156,156,156,156,35,156,35,156,35,35,35,156,35,35,35,35,35,156,156,156,35,37,,,36,156,35,35,35,37,,,,,68,156
,,,,,,,,,,,,,,,,,,,,,,,,,,,,,,,,,36,35,35,156,35,156,156,156,37,,,,,,68,35,156,156,156,35,35,35,35,156,35,156,35,156,156,35,35,35,35,156,156,35,156,156,35,156,35,35,35,156,156,156,35,156,156,35,35,156,35,144,76,35,156,35,35,35,37,,,75,,68,156
,,,,,,,,,,,,,,,,,,,,,,,,,,,,,,,,,36,156,35,35,35,156,156,156,37,,,,,,68,156,156,156,35,156,156,156,35,156,35,156,35,35,156,156,156,156,35,35,35,156,35,156,35,156,156,35,35,156,154,36,156,35,35,156,35,35,35,154,,36,156,35,156,145,154,,,36,144,156,156
,,,,,,,,,,,,,,,,,,,,,,,,,,,,,,,,,36,35,156,156,35,35,35,35,35,155,,,151,144,156,156,35,35,35,156,35,35,35,35,35,156,35,156,35,35,35,156,35,156,156,35,35,156,156,35,35,156,35,35,76,145,35,35,35,156,35,35,37,,,36,35,35,37,,,,,36,35,156,35
,,,,,,,,,,,,,,,,,,,,,,,,,,,,,,,,,36,156,156,35,35,156,35,35,156,154,,,152,145,35,156,156,156,156,156,35,156,156,156,35,156,156,35,156,156,35,156,156,35,156,156,156,156,35,145,35,156,145,154,,,152,145,35,35,35,156,149,,151,156,156,35,37,,,,151,35,35,156,35
,,,,,,,,,,,,,,,,,,,,,,,,,,,,,,,,,36,156,35,156,35,35,156,35,37,,,,,,68,35,156,35,35,35,35,35,156,35,156,156,35,35,35,35,156,35,35,156,156,35,156,156,37,,152,154,,,,,,,152,145,35,154,,,152,35,35,145,154,,,,36,156,35,156,156
,,,,,,,,,,,,,,,,,,,,,,,,,,,,,,,,,36,156,35,156,156,35,35,35,37,,,,,,68,156,156,35,156,35,156,35,35,156,35,156,156,35,156,156,156,156,35,35,156,156,35,156,154,,,,,,,,,,,,74,,,,,152,37,,,,,147,156,35,35,35,156
,,,,,,,,,,,,,,,,,,,,,,,,,,,,,,,,,36,156,35,156,156,35,35,35,35,155,,,,,68,35,156,35,156,35,35,35,35,156,156,35,156,35,156,35,35,156,156,156,35,35,156,37,,,,,,,147,76,76,75,,,,,,,,,74,,,,,,68,156,35,35,156
,,,,,,,,,,,,,,,,,,,,,,,,,,,,,,,,,36,35,35,35,35,35,156,156,156,37,,,151,144,35,35,156,35,156,156,35,35,156,156,35,156,35,156,35,156,35,156,156,35,35,35,35,37,,,,,75,,,,,38,,,,,75,,,,,,147,146,76,76,35,156,35,35,156
,,,,,,,,,,,,,,,,,,,,,,,,,,,,,,,,,36,35,156,156,35,35,35,156,156,156,150,,36,156,35,156,156,156,35,156,35,156,35,156,156,156,156,156,35,156,35,156,35,156,156,156,156,37,,,151,144,149,,,,151,37,,,,,38,,,,75,,,,,,36,35,35,35,35
,,,,,,,,,,,,,,,,,,,,,,,,,,,,,,,,,36,35,156,35,35,35,35,156,35,156,37,,36,156,35,35,156,156,156,35,35,35,156,35,156,35,156,35,35,156,156,156,35,156,35,156,156,35,76,144,156,37,,,,,36,37,,,,,36,76,144,144,37,,,,151,144,156,156,156,35,35
,,,,,,,,,,,,,,,,,,,,,,,,,,,,,,,,,36,156,35,156,35,35,156,156,156,156,156,76,35,156,156,35,156,156,156,156,156,35,156,156,35,156,156,156,156,156,35,35,35,156,35,156,156,37,,36,35,35,155,,,151,156,35,144,155,,,74,,36,156,156,144,146,76,145,35,35,156,35,156,156
,,,,,,,,,,,,,,,,,,,,,,,,,,,,,,,,,36,35,156,35,35,35,156,35,156,156,37,,36,35,156,156,35,156,35,35,35,156,156,156,35,35,156,156,35,156,156,35,35,156,35,156,145,154,,36,156,156,156,144,144,156,35,35,156,156,150,,,,36,156,35,37,,,,36,35,35,35,35,156
,,,,,,,,,,,,,,,,,,,,,,,,,,,,,,,,,36,35,35,156,156,156,156,35,156,35,37,,152,156,35,35,156,35,35,35,156,156,156,156,156,156,35,35,156,35,35,156,35,35,35,37,,,,36,156,35,35,35,35,35,156,156,156,156,35,150,,,36,156,35,37,,,,68,35,156,35,156,156
,,,,,,,,,,,,,,,,,,,,,,,,,,,,,,,,,36,156,156,156,35,156,156,35,156,156,37,,,152,145,156,35,156,35,156,156,156,35,35,156,156,156,35,35,156,156,35,156,35,35,149,,,,68,156,35,35,35,35,156,35,35,156,35,35,156,144,144,35,35,35,35,155,,,36,35,156,156,35,156
,,,,,,,,,,,,,,,,,,,,,,,,,,,,,,,,,36,156,35,35,35,35,156,35,35,156,149,,,,,152,145,156,145,145,145,145,145,156,145,145,145,145,145,35,145,145,145,145,154,,,,,68,35,156,35,156,156,35,35,35,156,156,35,156,35,156,156,35,35,35,37,,,36,35,156,156,156,35
,,,,,,,,,,,,,,,,,,,,,,,,,,,,,,,,,36,35,35,156,35,156,156,35,35,156,154,,,,,,,74,,,,,,74,,,,,,74,,,,,,,,,,36,156,156,156,35,35,156,35,35,156,156,35,156,35,35,156,156,35,156,35,144,144,35,156,156,35,156,156
,,,,,,,,,,,,,,,,,,,,,,,,,,,,,,,,,36,156,35,35,35,156,156,156,156,156,155,,,,,,,,,,75,,,,,,75,,,,,,75,,,,,,151,35,35,35,35,156,35,35,35,35,35,156,35,35,35,156,35,35,156,35,35,156,35,156,156,156,35,156,35
,,,,,,,,,,,,,,,,,,,,,,,,,,,,,,,,,36,156,35,35,156,156,35,35,156,35,37,,,,,151,144,144,144,144,156,144,144,144,144,144,156,144,144,144,144,144,35,144,144,144,144,144,35,35,156,35,35,156,35,35,156,35,35,156,156,35,156,35,35,35,156,35,35,156,35,35,156,156,156,156,156
,,,,,,,,,,,,,,,,,,,,,,,,,,,,,,,,,36,156,35,35,156,35,35,35,35,156,37,,,151,144,35,35,35,35,35,156,35,35,156,156,35,35,156,156,35,156,35,156,35,156,35,35,156,156,156,35,156,156,35,35,35,156,156,35,156,156,156,156,35,35,35,156,35,35,156,35,156,156,156,35,156,156
,,,,,,,,,,,,,,,,,,,,,,,,,,,,,,,,,36,35,156,156,156,156,35,35,35,35,35,76,144,35,156,35,156,156,35,156,35,156,156,35,35,35,35,156,156,35,35,35,35,35,156,35,156,156,35,35,35,156,35,156,156,156,156,156,35,156,35,156,156,35,35,35,35,156,35,35,156,35,35,35,156,156,35
,,,,,,,,,,,,,,,,,,,,,,,,,,,,,,,,,36,35,156,35,156,35,156,156,156,35,156,144,35,35,156,156,35,35,156,35,156,35,156,156,156,156,156,35,35,35,35,35,156,35,156,35,35,35,35,35,156,156,35,35,35,35,156,156,156,156,156,35,35,156,156,35,156,35,35,35,35,156,156,35,156,35,35
,,,,,,,,,,,,,,,,,,,,,,,,,,,,,,,,,36,35,35,156,35,156,156,35,156,156,156,156,156,35,35,35,35,156,156,156,156,156,156,156,35,35,35,156,35,156,156,35,156,156,35,35,156,35,35,156,35,35,35,35,35,156,156,35,156,35,35,35,35,156,156,35,35,35,35,156,35,35,156,35,35,35,156
,,,,,,,,,,,,,,,,,,,,,,,,,,,,,,,,,36,156,35,35,35,35,156,35,35,35,35,156,35,35,35,156,156,156,35,156,156,156,35,156,156,156,35,35,35,156,156,156,35,156,156,35,156,35,156,156,35,35,35,156,156,156,156,35,156,35,35,35,156,35,35,156,35,156,35,35,35,156,156,35,35,156,156
BigDecor: 
,,,,,,,,,,,,,,,,,,,,,,,,,,,,,,,,,,,,,,,,,,,,,,,,,,,,,,,,,,,,,,,,,,,,,,,,,,,,,,,,,,,,,,,,,,,,,,,,,,,
,,,,,,,,,,,,,,,,,,,,,,,,,,,,,,,,,,,,,,,,,,,,,,,,,,,,,,,,,,,,,,,,,,,,,,,,,,,,,,,,,,,,,,,,,,,,,,,,,,,
,,,,,,,,,,,,,,,,,,,,,,,,,,,,,,,,,,,,,,,,,,,,,,,,,,,,,,,,,,,,,,,,,,,,,,,,,,,,,,,,,,,,,,,,,,,,,,,,,,,
,,,,,,,,,,,,,,,,,,,,,,,,,,,,,,,,,,,,,,,,,,,,,,,,,,,,,,,,,,,,,,,,,,,,,,,,,,,,,,,,,,,,,,,,,,,,,,,,,,,
,,,,,,,,,,,,,,,,,,,,,,,,,,,,,,,,,,,,,,,,,,,,,,,,,,,,,,,,,,,,,,,,,,,,,,,,,,,,,,,,,,,,,,,,,,,,,,,,,,,
,,,,,,,,,,,,,,,,,,,,,,,,,,,,,,,,,,,,,,,,,,,,,,,,,,,,,,,,,,,,,,,,,,,,,,,,,,,,,,,,,,,,,,,,,,,,,,,,,,,
,,,,,,,,,,,,,,,,,,,,,,,,,,,,,,,,,,,,,,,,,,,,,,,,,,,,,,,,,,,,,,,,,,,,,,,,,,,,,,,,,,,,,,,,,,,,,,,,,,,
,,,,,,,,,,,,,,,,,,,,,,,,,,,,,,,,,,,,,,,,,,,,,,,,,,,,,,,,,,,,,,,,,,,,,,,,,,,,,,,,,,,,,,,,,,,,,,,,,,,
,,,,,,,,,,,,,,,,,,,,,,,,,,,,,,,,,,,,,,,,,,,,,,,,,,,,,,,,,,,,,,,,,,,,,,,,,,,,,,,,,,,,,,,,,,,,,,,,,,,
,,,,,,,,,,,,,,,,,,,,,,,,,,,,,,,,,,,,,,,,,,,,,,,,,,,,,,,,,,,,,,,,,,,,,,,,,,,,,,,,,,,,,,,,,,,,,,,,,,,
,,,,,,,,,,,,,,,,,,,,,,,,,,,,,,,,,,,,,,,,,,,,,,,,,,,,,,,,,,,,,,,,,,,,,,,,,,,,,,,,,,,,,,,,,,,,,,,,,,,
,,,,,,,,,,,,,,,,,,,,,,,,,,,,,,,,,,,,,,,,,,,,,,,,,,,,,,,,,,,,,,,,,,,,,,,,,,,,,,,,,,,,,,,,,,,,,,,,,,,
,,,,,,,,,,,,,,,,,,,,,,,,,,,,,,,,,,,,,,,,,,,,,,,,,,,,,,,,,,,,,,,,,,,,,,,,,,,,,,,,,,,,,,,,,,,,,,,,,,,
,,,,,,,,,,,,,,,,,,,,,,,,,,,,,,,,,,,,,,,,,,,,,,,,,,,,,,,,,,,,,,,,,,,,,,,,,,,,,,,,,,,,,,,,,,,,,,,,,,,
,,,,,,,,,,,,,,,,,,,,,,,,,,,,,,,,,,,,,,,,,,,,,,,,,,,,,,,,,,,,,,,,,,,,,,,,,,,,,,,,,,,,,,,,,,,,,,,,,,,
,,,,,,,,,,,,,,,,,,,,,,,,,,,,,,,,,,,,,,,,,,,,,,,,,,,,,,,,,,,,,,,,,,,,,,,,,,,,,,,,,,,,,,,,,,,,,,,,,,,
,,,,,,,,,,,,,,,,,,,,,,,,,,,,,,,,,,,,,,,,,,,,,,,,,,,,,,,,,,,,,,,,,,,,,,,,,,,,,,,,,,,,,,,,,,,,,,,,,,,
,,,,,,,,,,,,,,,,,,,,,,,,,,,,,,,,,,,,,,,,,,,,,,,,,,,,,,,,,,,,,,,,,,,,,,,,,,,,,,,,,,,,,,,,,,,,,,,,,,,
,,,,,,,,,,,,,,,,,,,,,,,,,,,,,,,,,,,,,,,,,,,,,,,,,,,,,,,,,,,,,,,,,,,,,,,,,,,,,,,,,,,,,,,,,,,,,,,,,,,
,,,,,,,,,,,,,,,,,,,,,,,,,,,,,,,,,,,,,,,,,,,,,,,,,,,,,,,,,,,,,,,,,,,,,,,,,,,,,,,,,,,,,,,,,,,,,,,,,,,
,,,,,,,,,,,,,,,,,,,,,,,,,,,,,,,,,,,,,,,,,,,,,,,,,,,,,,,,,,,,,,,,,,,,,,,,,,,,,,,,,,,,,,,,,,,,,,,,,,,
,,,,,,,,,,,,,,,,,,,,,,,,,,,,,,,,,,,,,,,,,,,,,,,,,,,,,,,,,,,,,,,,,,,,,,,,,,,,,,,,,,,,,,,,,,,,,,,,,,,
,,,,,,,,,,,,,,,,,,,,,,,,,,,,,,,,,,,,,,,,,,,,,,,,,,,,,,,,,,,,,,,,,,,,,,,,24,,,,,,,,,,,,,,,,,,,,,,,,,,,
,,,,,,,,,,,,,,,,,,,,,,,,,,,,,,,,,,,,,,,,,,,,,,,,,,,,,,,,,,,,,,,,,,,,,,,,,,,,,,,,,,,,,,,,,,,,,,,,,,,
,,,,,,,,,,,,,,,,,,,,,,,,,,,,,,,,,,,,,,,,,,,,,,,,,,,,,,,,,,,,,,,,,,,,,,,,,,,,,,,,,,,,,,,,,,,,,,,,,,,
,,,,,,,,,,,,,,,,,,,,,,,,,,,,,,,,,,,,,,,,,,,,,,,,,,,,,,,,,,,,,,,,,,,,,,,,,,,203,,,,,,,,,,,,,,,,,,,,,,,,
,,,,,,,,,,,,,,,,,,,,,,,,,,,,,,,,,,,,,,,,,,,,,,,,,,,,,,,,,,,,,,,,,,,,,,,,,,,,,,,,,,,,,,,,,,,,,,,,,,,
,,,,,,,,,,,,,,,,,,,,,,,,,,,,,,,,,,,,,,,,,,,,,,,,,,,,,,,,,,,,,,,,,,,,,,,24,,,,,,,,,,,,,,,,,,,,,,,,,,,,
,,,,,,,,,,,,,,,,,,,,,,,,,,,,,,,,,,,,,,,,,,,,,,,,,,,,,,,,,,,,,,,,,,,,,,,,,,,,,,,,,,,,,,,,,,,,,,,,,,,
,,,,,,,,,,,,,,,,,,,,,,,,,,,,,,,,,,,,,,,,,,,,,,,,,,,,,,,,,,,,,,,,,,,,,,,25,,,,,,,,,,,,,,,,,,,,,,,,,,,,
,,,,,,,,,,,,,,,,,,,,,,,,,,,,,,,,,,,,,,,,,,,,,,,,,,,,,,,,,,,,,,,,,,,,,,,,,,,,,,,,,,,,,,,,,,,,,,,,,,,
,,,,,,,,,,,,,,,,,,,,,,,,,,,,,,,,,,,,,,,,,,,,,,,,,,,,,,,,,,,,,,,,,,,,,,,24,,,,,,,,,,,,,,,,,,,,,24,,,,,,,
,,,,,,,,,,,,,,,,,,,,,,,,,,,,,,,,,,,,,,,,,,,,,,,,,,,,,,,,,,,,,,,,,,,,,,,23,,,,,,,,,,,,,,,,,,,,,,,,,,,,
,,,,,,,,,,,,,,,,,,,,,,,,,,,,,,,,,,,,,,,,,,,,,,,,,,,,,,,,,,,,,,,,,,,,,,,,,,,,,,,,,,,,,,,,,,,,,,23,,,,,
,,,,,,,,,,,,,,,,,,,,,,,,,,,,,,,,,,,,,,,,,,,,,,,,,,,,,,,,,,,,,,,,,,,,,,,,,,,,,,,,,,,,,,,,,,,,,,,,,,,
,,,,,,,,,,,,,,,,,,,,,,,,,,,,,,,,,,,,,,,,,,,,,,,,,,,,,,,,,,,,,,,,,,,,,,,,,,,,,,,,,,,,,,,,,,,,,,,,,,,
,,,,,,,,,,,,,,,,,,,,,,,,,,,,,,,,,,,,,,,,23,,,,,,,,,,,,,,,,,,,,,,,,,,,,,,,,,,,,,,,,,,,,,,,,,,,,,,,,,,,
,,,,,,,,,,,,,,,,,,,,,,,,,,,,,,,,,,,,,,,,,,,,,,,,,,,,,,,,,,,,,,,,,,,,,,,,,,203,,,,,,,,,,,,,,,,,,,,24,,,,,
,,,,,,,,,,,,,,,,,,,,,,,,,,,,,,,,,,,,,,,,,,,,,,,25,,,,,,,,,,,,,,,,,,,,,,,,25,,,,,,,,,,,,,,,,,,,,,,,,,,,,
,,,,,,,,,,,,,,,,,,,,,,,,,,,,,,,,,,,,,,,,24,,,,,,,,,,,,,,,,,,,,,,,,,,,,,,,24,,,,,,,,,,,,,,,,,,,,,,,,,,,,
,,,,,,,,,,,,,,,,,,,,,,,,,,,,,,,,,,,,,,,,,,,,,,,,,23,,,,,,,,,,,,,,,,,,,,,,,,,,,,,,,,,,,,,,,,,,,,,,,,,,
,,,,,,,,,,,,,,,,,,,,,,,,,,,,,,,,,,,,,,,,,,,,23,,,,,,,,,,,,,,,,,,,,,,,,,,,23,,,,,,,,,,,,,,,,,,,,,,24,,,,,,
,,,,,,,,,,,,,,,,,,,,,,,,,,,,,,,,,,,,,,,,,,,,,,,,,,,,,,,,,,,,,,,,,,,,,,,,,,,,,,,,,,,,,,,,,,,,,,,,,,,
,,,,,,,,,,,,,,,,,,,,,,,,,,,,,,,,,,,,,,,,,,,,,,,,,,,,,,,,,,,,,,,,,,,,,,,,,,203,,,,,,,,,,,,,,,,,,,,,,,,,
,,,,,,,,,,,,,,,,,,,,,,,,,,,,,,,,,,,,,,,,,,,,25,,,,,,,,,,,,,,,,,,,,,,,,,,,,,,,,,,,,,,,,,,,,,,,25,,,,,,,,
,,,,,,,,,,,,,,,,,,,,,,,,,,,,,,,,,,,,,,,,,,,,,,,,,,,,,,,,23,,,,,,,,,,,,,,,23,,,,,,,,,,,,,,,,,,,,,,,,,,,,
,,,,,,,,,,,,,,,,,,,,,,,,,,,,,,,,,,,,,,,,,,,,,,,,,,,,,,,,,,,,,,,,,,,,,,,,,,,,,,,,,,,,,,,,,,,,,,,,,,,
,,,,,,,,,,,,,,,,,,,,,,,,,,,,,,,,,,,,,,,,,,,,,,,,,,,,,,,,,,,,,,,203,,,,,,,,,,,,,,,,,,,,,,,,,,,,,,,,,,,,
,,,,,,,,,,,,,,,,,,,,,,,,,,,,,,,,,,,,,,,,,,,,,,,,,,,,,,,,,,,,,,,,,,,,,,,,,,203,,,,,,,,,,,,,,,,,,,,,,,,,
,,,,,,,,,,,,,,,,,,,,,,,,,,,,,,,,,,,,,,,,,,,,,,,,,,,,,,,,,,,,,,,,,,,,,,,,,,203,,,,,,,,,,24,,,,,,,,,,,,,,,
,,,,,,,,,,,,,,,,,,,,,,,,,,,,,,,,,,,,,,,,,,,,,,,,,,,,,,,24,,,,,,,,,,,,,,,,25,,,,,,,,,,,,,,,,,,,,,,,,,,,,
,,,,,,,,,,,,,,,,,,,,,,,,,,,,,,,,,,,,,,,,,,,,,,,,,,,,,,,,,,,,,,,,,,,,,,,,,,,,,,,,,,,,,,,,,,,,,,,,,,,
,,,,,,,,,,,,,,,,,,,,,,,,,,,,,,,,,,,,,,,,,,,,,,,,,,,,,,,,,,,,,,,,,,,,,,24,,,,,,,,,,,,25,,,,,,,,,,,,,,,,,
,,,,,,,,,,,,,,,,,,,,,,,,,,,,,,,,,,,,,,,,,,,,,,,,,,,,,,,,,,,,,,,,,,,,,,,,,,,,,,,,,,,,,,,,,,,,,,,,,,,
,,,,,,,,,,,,,,,,,,,,,,,,,,,,,,,,,,,,,,,,,,,,,,,,,,,,,,,23,,,,,,203,,,,,,,,,,,,,,,,,,,,23,,,,,,,,,,,,,,,,,,
,,,,,,,,,,,,,,,,,,,,,,,,,,,,,,,,,,,,,,,,,,,,,,,,,,,,,,,,,,,,,,,,,,,,,,,,,203,,,,,,,,,,,,,,,,,,,,,,,,,,
,,,,,,,,,,,,,,,,,,,,,,,,,,,,,,,,,,,,,,,,,,,,,,,,,,,,,,,,,,,,,203,,,,,,,,,,,,203,,,,,,,,,,,,,,,,,,,,,,,,,,
,,,,,,,,,,,,,,,,,,,,,,,,,,,,,,,,,,,,,,,,,,,,,,,,,,,,,,,,,,,,,203,,,,,,,,,23,,,,,,,,,,,,,,,,,,,,,,,,,,,,,
,,,,,,,,,,,,,,,,,,,,,,,,,,,,,,,,,,,,,,,,,,,,,,,,,,,,,,,,,,,,,,,,,,,,,,,,,,,,,,,,,,,25,,,,,,,,,,,,,,,,
,,,,,,,,,,,,,,,,,,,,,,,,,,,,,,,,,,,,,,,,,,,,,,,,,,,,,,,,,,,,,,,,,,,,,,,,,203,,,,,,,,,,,,,,,,,,,,,,,,,,
,,,,,,,,,,,,,,,,,,,,,,,,,,,,,,,,,,,,,,,,,,,,,,,,,,,,,,,203,,,,,,,,,,,,,,,,,,,,,,,,,,,,23,,,,,,,,,,,,,,,,
,,,,,,,,,,,,,,,,,,,,,,,,,,,,,,,,,,,,,,,,,,,,,,,,,,,,,,,,,,,,,,,,,,,,,,25,,,,,,,,,,,,,,,,,,,,,,,,,,,,,
,,,,,,,,,,,,,,,,,,,,,,,,,,,,,,,,,,,,,,,,,,,,,,,,,,,,,,,,,,,,,,,,,,,,,,,,,,,,,,,,,,,,,,,,,,,,,,,,,,,
,,,,,,,,,,,,,,,,,,,,,,,,,,,,,,,,,,,,,,,,,,,,,,,,,,,,,,,,,,,,,,,,,,,,,,24,,,,,,,,,,,,,24,,,,,,,,,,,,,,,,
,,,,,,,,,,,,,,,,,,,,,,,,,,,,,,,,,,,,,,,,,,,,,,,,,,,,,,,203,,,,,,,,,,,,,,,,,,,,,,,,,,,,,,,,,,,,,,,,,,,,
,,,,,,,,,,,,,,,,,,,,,,,,,,,,,,,,,,,,,,,,,,,,,,,,,,,,,,,203,,,,,,,,,,,,,,,,,,,,,,,,,,,,,,,,,,,,,,,,,,,,
,,,,,,,,,,,,,,,,,,,,,,,,,,,,,,,,,,,,,,,,,,,,,,,,,,,,,,,203,,,,,,,,,,,,,,,,,,,,,,,,,,,,,,,,,,,,,,,,,,,,
,,,,,,,,,,,,,,,,,,,,,,,,,,,,,,,,,,,,,,,,,,,,,,,,,,,,,,,,,,,,,,,,,,,,,,,,,,,,,,,,,,,,,,,,,,,,,,,,,,,
,,,,,,,,,,,,,,,,,,,,,,,,,,,,,,,,,,,,,,,,,,,,,,,,,,,,,,,203,,,,,,,,,,,,,,,,,,,,,,,,,,,,,,,,,,,,,,,,,,,,
,,,,,,,,,,,,,,,,,,,,,,,,,,,,,,,,,,,,,,,,,,,,,,,,,,,,,,,,,,,,,,,,,,,,,,,,,,,,,,,,,,,,,,,,,,,,,,,,,,,
,,,,,,,,,,,,,,,,,,,,,,,,,,,,,,,,,,,,,,,,,,,,,,,,,,,,,,,,,,,,,,,,,,,,,,,,,,,,,,,,,,,,,,,,,,,,,,,,,,,
,,,,,,,,,,,,,,,,,,,,,,,,,,,,,,,,,,,,,,,,,,,,,,,,,,,,,,,,,,,,,,,,,,,,,,,,,,,,,,,,,,,,,,,,,,,,,,,,,,,
,,,,,,,,,,,,,,,,,,,,,,,,,,,,,,,,,,,,,,,,,,,,,,,,,,,,,,,,,,,,,,,,,,,,,,,,,,,,,,,,,,,,,,,,,,,,,,,,,,,
,,,,,,,,,,,,,,,,,,,,,,,,,,,,,,,,,,,,,,,,,,,,,,,,,,,,,,,,,,,,,,,,,,,,,,,,,,,,,,,,,,,,,,,,,,,,,,,,,,,
,,,,,,,,,,,,,,,,,,,,,,,,,,,,,,,,,,,,,,,,,,,,,,,,,,,,,,,,,,,,,,,,,,,,,,,,,,,,,,,,,,,,,,,,,,,,,,,,,,,
,,,,,,,,,,,,,,,,,,,,,,,,,,,,,,,,,,,,,,,,,,,,,,,,,,,,,,,,,,,,,,,,,,,,,,,,,,,,,,,,,,,,,,23,,,,,,,,,,,,,
,,,,,,,,,,,,,,,,,,,,,,,,,,,,,,,,,,,,,,,,,,,,,,,,,,,,,,,,,,,,,,,,,,,,,,,,,,,,,,,,,,,,,,,,,,,,,,,,,,,
,,,,,,,,,,,,,,,,,,,,,,,,,,,,,,,,,,,,,,,,,,,,,,,,,,,,,,,,,,,,,,,,,,,,,,,,,,,,,,,,,,,,,,,,,,,,,,,,,,,
,,,,,,,,,,,,,,,,,,,,,,,,,,,,,,,,,,,,,,,,,,,,,,,,,,,,,,,,,,,,,,,,,,,,,,,,,,,,,,,,,,,,,,25,,,,,,,,,,,,,
,,,,,,,,,,,,,,,,,,,,,,,,,,,,,,,,,,,,,,,,,,,,,,,,,,,,,,,,,,,,,,,,,,,,,,,,,,,,,,,,,,,,,,,,,,,,,,,,,,,
,,,,,,,,,,,,,,,,,,,,,,,,,,,,,,,,,,,,,,,,,,,,,,,,,,,,,,,,,,,,,,,,,,,,,,,,,,,,,,,,,,,,,,,,,,,,,25,,,,,,
,,,,,,,,,,,,,,,,,,,,,,,,,,,,,,,,,,,,,,,,,,,,,,,,,,,,,,,,,,,,,,,,,,,,,,,,,,,,,,,,,,,,,,,,,,,,,,,,,,,
,,,,,,,,,,,,,,,,,,,,,,,,,,,,,,,,,,,,,,,,,,,,,,,,,,,,,,,,,,,,,,,,,,,,,,,,,,,,,,,,,,,,,,,,,,,,,,,,,,,
,,,,,,,,,,,,,,,,,,,,,,,,,,,,,,,,,,,,,,,,,,,,,,,,,,,,,,,,,,,,,,,,,,,,,,,,,,,,,,,,,,,,,,,,,,,,,,,,,,,
,,,,,,,,,,,,,,,,,,,,,,,,,,,,,,,,,,,,,,,,,,,,,,,,,,,,,,,,,,,,,,,,,,,,,,,,,,,,,,,,,,,,,,,,,,,,,,,,,,,
,,,,,,,,,,,,,,,,,,,,,,,,,,,,,,,,,,,,,,,,,,,,,,,,,,,,,,,,,,,,,,,,,,,,,,,,,,,,,24,,,,,,23,,,,,,,,,,,,,,,,
,,,,,,,,,,,,,,,,,,,,,,,,,,,,,,,,,,,,,,,,,,,,,,,,,,,,,,,,,,,,,,,,,,,,,,,,,,,,,,,,,,,,,,,,,,,,,,,,,,,
,,,,,,,,,,,,,,,,,,,,,,,,,,,,,,,,,,,,,,,,,,,,,,,,,,,,,,,,,,,,,,,,,,,,,,,,,,,,,,,,,,,,,,,,,,,,,,,,,,,
,,,,,,,,,,,,,,,,,,,,,,,,,,,,,,,,,,,,,,,,,,,24,,,,,,,,,,,,,,,,,,,,,,,,,,,,,,,,,,,,,,,,,,25,,,,,,,,,,,,,,
,,,,,,,,,,,,,,,,,,,,,,,,,,,,,,,,,,,,,,,,,,,,,,,,,,,,,,,,,,,,,,,,,,,,,,,,,,,,,,,,,,,,,,,,,,,,,,,,,,,
,,,,,,,,,,,,,,,,,,,,,,,,,,,,,,,,,,,,,,,,,,,,,,24,,,,,,,,,,,,,,,,,,,,,,,,,,,,,,,,,,,,,,,,,,,,,,25,,,,,,,
,,,,,,,,,,,,,,,,,,,,,,,,,,,,,,,,,,,,,,,,,,,,,,,,,,,,,,,,,,,,,,,,,,,,,,,,,,,,,,,,,,,,,,,,,,,,,,,,,,,
,,,,,,,,,,,,,,,,,,,,,,,,,,,,,,,,,,,,,,,,,,,,,,,,,,,,,,,,,,,,,,,,,,,,,,,,,,,,,,,,,,,,,,,,,,,,,,,,,,,
,,,,,,,,,,,,,,,,,,,,,,,,,,,,,,,,,,,,,,,,,,,,,,,,,,,,,,,,,,,,,,,,,,,,,,,,,,,,,,,,,,,,,,,,,,,,,,,,,,,
,,,,,,,,,,,,,,,,,,,,,,,,,,,,,,,,,,,,,,,,,,,,,,24,,,,,,,,,,,,,,,,,,,,,,,,,,,,,,,,,,,,,,,,,,,,,,,,,,,,,
,,,,,,,,,,,,,,,,,,,,,,,,,,,,,,,,,,,,,,,,,,,,24,,,,,,,,,,,,,,,,,,,,,,,,,,,,,,,,,,,,,,,,,,,,,,,,,,,,,,,
,,,,,,,,,,,,,,,,,,,,,,,,,,,,,,,,,,,,,,,,,,,,,,,,,,,,,,,,,,,,,,,,,,,,,,,,,,,,,,,,,,,,,,,,,,,,,,,,,,,
,,,,,,,,,,,,,,,,,,,,,,,,,,,,,,,,,,,,,,,,,,,,,,,,,,,,,,,,,,,,,,,,,,,,,,,,,,,,,,,,,,,,,,,,,,,,,,,,,,,
,,,,,,,,,,,,,,,,,,,,,,,,,,,,,,,,,,,,,,,,,,,,,,,,,,,,,,,,,,,,,,,,,,,,,,,,,,,,,,,,,,,,,,,,,,,,,,,,,,,
,,,,,,,,,,,,,,,,,,,,,,,,,,,,,,,,,,,,,,,,,,,,,,,,,,,,,,,,,,,,,,,,,,,,,,,,,,,,,,,,,,,,,,,,,,,,,,,,,,,
MoveObject: type=1 stepAdvance=30 stepRecede=30 timeStopStart=10 timeStopEnd=10 posStart=1216;6080 posEnd=1408;6080 posCurrent=1408;6080 step=3 time=7 phase=49 channel=1 icon=29 
MoveObject: type=1 stepAdvance=30 stepRecede=30 timeStopStart=10 timeStopEnd=10 posStart=1664;6080 posEnd=1472;6080 posCurrent=1472;6080 step=3 time=7 phase=49 channel=1 icon=29 
MoveObject: type=7 stepAdvance=1 stepRecede=1 timeStopStart=0 timeStopEnd=0 posStart=3970;5252 posEnd=3970;5252 posCurrent=3970;5252 step=1 time=0 phase=49 channel=10 icon=29 
MoveObject: type=1 stepAdvance=60 stepRecede=60 timeStopStart=20 timeStopEnd=20 posStart=4608;6144 posEnd=4800;6144 posCurrent=4697;6144 step=2 time=28 phase=49 channel=1 icon=29 
MoveObject: type=6 stepAdvance=1 stepRecede=1 timeStopStart=0 timeStopEnd=0 posStart=4866;5576 posEnd=4866;5576 posCurrent=4866;5576 step=1 time=0 phase=49 channel=10 icon=25 
MoveObject: type=6 stepAdvance=1 stepRecede=1 timeStopStart=0 timeStopEnd=0 posStart=5570;4936 posEnd=5570;4936 posCurrent=5570;4936 step=1 time=0 phase=49 channel=10 icon=25 
MoveObject: type=1 stepAdvance=18 stepRecede=18 timeStopStart=3 timeStopEnd=3 posStart=5952;4480 posEnd=5952;4288 posCurrent=5952;4480 step=1 time=3 phase=49 channel=1 icon=29 
MoveObject: type=1 stepAdvance=18 stepRecede=18 timeStopStart=3 timeStopEnd=3 posStart=5888;4096 posEnd=5888;4288 posCurrent=5888;4096 step=1 time=3 phase=49 channel=1 icon=29 
MoveObject: type=1 stepAdvance=18 stepRecede=18 timeStopStart=3 timeStopEnd=3 posStart=5952;4096 posEnd=5952;3904 posCurrent=5952;4096 step=1 time=3 phase=49 channel=1 icon=29 
MoveObject: type=1 stepAdvance=18 stepRecede=18 timeStopStart=3 timeStopEnd=3 posStart=5888;3712 posEnd=5888;3904 posCurrent=5888;3712 step=1 time=3 phase=49 channel=1 icon=29 
MoveObject: type=1 stepAdvance=18 stepRecede=18 timeStopStart=3 timeStopEnd=3 posStart=5952;3712 posEnd=5952;3520 posCurrent=5952;3712 step=1 time=3 phase=49 channel=1 icon=29 
MoveObject: type=1 stepAdvance=18 stepRecede=18 timeStopStart=3 timeStopEnd=3 posStart=5888;3328 posEnd=5888;3520 posCurrent=5888;3328 step=1 time=3 phase=49 channel=1 icon=29 
MoveObject: type=1 stepAdvance=18 stepRecede=18 timeStopStart=3 timeStopEnd=3 posStart=5952;3328 posEnd=5952;3136 posCurrent=5952;3328 step=1 time=3 phase=49 channel=1 icon=29 
MoveObject: type=1 stepAdvance=12 stepRecede=12 timeStopStart=3 timeStopEnd=3 posStart=5312;2880 posEnd=5184;2880 posCurrent=5195;2880 step=2 time=11 phase=49 channel=1 icon=29 
MoveObject: type=1 stepAdvance=12 stepRecede=12 timeStopStart=3 timeStopEnd=3 posStart=4992;2880 posEnd=4864;2880 posCurrent=4875;2880 step=2 time=11 phase=49 channel=1 icon=29 
MoveObject: type=1 stepAdvance=12 stepRecede=12 timeStopStart=3 timeStopEnd=3 posStart=4672;2880 posEnd=4544;2880 posCurrent=4555;2880 step=2 time=11 phase=49 channel=1 icon=29 
MoveObject: type=1 stepAdvance=12 stepRecede=12 timeStopStart=3 timeStopEnd=3 posStart=4352;2880 posEnd=4224;2880 posCurrent=4235;2880 step=2 time=11 phase=49 channel=1 icon=29 
MoveObject: type=1 stepAdvance=12 stepRecede=12 timeStopStart=3 timeStopEnd=3 posStart=4032;2880 posEnd=3904;2880 posCurrent=3915;2880 step=2 time=11 phase=49 channel=1 icon=29 
MoveObject: type=5 stepAdvance=1 stepRecede=1 timeStopStart=0 timeStopEnd=0 posStart=3522;2820 posEnd=3522;2820 posCurrent=3522;2820 step=1 time=0 phase=49 channel=10 icon=6 
MoveObject: type=1 stepAdvance=12 stepRecede=12 timeStopStart=3 timeStopEnd=3 posStart=3392;2880 posEnd=3264;2880 posCurrent=3275;2880 step=2 time=11 phase=49 channel=1 icon=29 
MoveObject: type=6 stepAdvance=1 stepRecede=1 timeStopStart=0 timeStopEnd=0 posStart=2562;3464 posEnd=2562;3464 posCurrent=2562;3464 step=1 time=0 phase=49 channel=10 icon=25 
MoveObject: type=17 stepAdvance=30 stepRecede=30 timeStopStart=47 timeStopEnd=47 posStart=3904;3456 posEnd=4032;3456 posCurrent=3908;3456 step=2 time=1 phase=49 channel=10 icon=79 
MoveObject: type=6 stepAdvance=1 stepRecede=1 timeStopStart=0 timeStopEnd=0 posStart=1538;4808 posEnd=1538;4808 posCurrent=1538;4808 step=1 time=0 phase=49 channel=10 icon=25 
MoveObject: type=17 stepAdvance=30 stepRecede=30 timeStopStart=47 timeStopEnd=47 posStart=3520;3776 posEnd=3392;3776 posCurrent=3516;3776 step=2 time=1 phase=49 channel=10 icon=82 
MoveObject: type=1 stepAdvance=30 stepRecede=30 timeStopStart=10 timeStopEnd=10 posStart=2688;3328 posEnd=2688;3520 posCurrent=2688;3520 step=3 time=7 phase=49 channel=1 icon=29 
MoveObject: type=6 stepAdvance=1 stepRecede=1 timeStopStart=0 timeStopEnd=0 posStart=2946;4040 posEnd=2946;4040 posCurrent=2946;4040 step=1 time=0 phase=49 channel=10 icon=25 
MoveObject: type=6 stepAdvance=1 stepRecede=1 timeStopStart=0 timeStopEnd=0 posStart=3138;4040 posEnd=3138;4040 posCurrent=3138;4040 step=1 time=0 phase=49 channel=10 icon=25 
MoveObject: type=17 stepAdvance=15 stepRecede=15 timeStopStart=47 timeStopEnd=47 posStart=3008;3776 posEnd=3072;3776 posCurrent=3012;3776 step=2 time=1 phase=49 channel=10 icon=79 
MoveObject: type=17 stepAdvance=15 stepRecede=15 timeStopStart=47 timeStopEnd=47 posStart=3072;3904 posEnd=3008;3904 posCurrent=3068;3904 step=2 time=1 phase=49 channel=10 icon=82 
MoveObject: type=17 stepAdvance=30 stepRecede=30 timeStopStart=47 timeStopEnd=47 posStart=2176;4736 posEnd=2304;4736 posCurrent=2180;4736 step=2 time=1 phase=49 channel=10 icon=79 
MoveObject: type=17 stepAdvance=30 stepRecede=30 timeStopStart=47 timeStopEnd=47 posStart=3008;4672 posEnd=3136;4672 posCurrent=3012;4672 step=2 time=1 phase=49 channel=10 icon=79 
MoveObject: type=17 stepAdvance=15 stepRecede=15 timeStopStart=47 timeStopEnd=47 posStart=4160;4672 posEnd=4224;4672 posCurrent=4164;4672 step=2 time=1 phase=49 channel=10 icon=79 
MoveObject: type=6 stepAdvance=1 stepRecede=1 timeStopStart=0 timeStopEnd=0 posStart=4418;4488 posEnd=4418;4488 posCurrent=4418;4488 step=1 time=0 phase=49 channel=10 icon=25 
MoveObject: type=6 stepAdvance=1 stepRecede=1 timeStopStart=0 timeStopEnd=0 posStart=4354;4552 posEnd=4354;4552 posCurrent=4354;4552 step=1 time=0 phase=49 channel=10 icon=25 
MoveObject: type=6 stepAdvance=1 stepRecede=1 timeStopStart=0 timeStopEnd=0 posStart=2946;6024 posEnd=2946;6024 posCurrent=2946;6024 step=1 time=0 phase=49 channel=10 icon=25 
