DescFile: posDecor=550;1450 dimDecor=100;100 world=0 music=10 region=4 blupiPos=962;1734 blupiDir=2 
Decor: 
341,350,350,350,343,342,344,343,346,344,343,341,345,343,344,345,343,345,345,345,350,350,350,346,342,342,342,350,350,350,346,341,341,346,344,346,343,345,343,348,,,,,,,,,,,,,,,,,,,,,,,,,,,,,,,,,,,,,,,,,,,,,,,,,,,,,,,,,,,,
343,235,235,235,344,342,342,344,343,343,342,343,344,344,344,342,345,342,345,363,,,,347,341,341,356,,,,354,342,343,343,345,343,346,343,346,363,,,,,,,,,,,,,,,,,,,,,,,,,,,,,,,,,,,,,,,,,,,,,,,,,,,,,,,,,,,,
348,,,,362,342,343,345,344,345,344,344,344,345,345,343,345,343,344,341,330,,,354,343,356,,,357,,,354,350,345,344,341,345,343,343,348,,,,,,,,,,,,,,,,,,,,,,,,,,,,,,,,,,,,,,,,,,,,,,,,,,,,,,,,,,,,
363,,,,347,342,343,343,341,342,345,345,344,341,345,343,345,344,345,363,,,,,351,,,,351,,,,,347,346,342,344,345,343,363,,,,,,,,,,,,,,,,,,,,,,,,,,,,,,,,,,,,,,,,,,,,,,,,,,,,,,,,,,,,
348,,,,362,342,346,345,346,346,345,345,344,345,345,341,345,342,344,348,,,,384,363,,,378,347,355,,,,354,344,343,343,342,346,348,,,,,,,,,,,,,,,,,,,,,,,,,,,,,,,,,,,,,,,,,,,,,,,,,,,,,,,,,,,,
363,,,,347,344,343,342,345,345,342,346,342,345,345,342,342,341,343,348,,,353,350,363,,,378,347,348,,,,,347,344,344,343,342,348,,,,,,,,,,,,,,,,,,,,,,,,,,,,,,,,,,,,,,,,,,353,349,349,349,349,349,349,349,349,349,349,349,349,349,349,349,349,349,349
342,235,235,235,350,350,350,350,350,350,350,350,350,350,350,350,342,346,343,344,76,349,356,,347,355,,,362,348,,,,,347,345,341,343,346,363,,,,,,,,,,,,,,,,,,,,,,,,,,,,,,,,,,,,,,,,,,347,346,346,345,345,341,346,346,345,345,343,343,346,344,341,342,346,343,345
363,,,,,,,,,,,,,,,,347,346,342,348,,351,,378,347,356,,,362,346,355,,353,349,345,342,345,344,341,363,,,,,,,,,,,,,,,,,,,,,,,,,,,,,,,,,,,,,,,,,,347,341,344,342,344,346,343,343,346,346,345,342,346,342,345,343,342,342,343
348,,,378,4,,,378,4,55,54,378,4,,,,347,342,344,348,,351,,378,351,,,378,362,346,345,349,341,341,342,346,343,345,342,363,,,,,,,,,,,,,,,,,,,,,,,,,,,,,,,,,,,,,,,,,,347,343,341,343,344,346,345,341,341,343,345,343,344,342,344,343,343,346,342
348,,,,201,201,4,201,201,201,4,201,201,201,4,201,362,346,344,348,,351,,378,351,,,,362,346,342,343,345,342,343,342,343,345,341,348,,,,,,,,,,,,,,,,,,,,,,,,,,,,,,,,,,,,,,,,,,362,342,342,346,345,341,342,341,343,344,343,344,342,345,344,342,344,341,341
363,,,60,4,55,53,378,4,,,60,4,55,53,,347,342,345,348,,351,,,351,,,,347,345,345,342,346,341,341,345,346,344,344,348,,,,,,,,,,,,,,,,,,,,,,,,,,,,,,,,,,,,,,,,,,354,350,350,350,350,350,350,350,350,350,350,350,350,344,345,342,345,344,346
348,,,,,,,,,,,,,,,,347,345,345,348,,362,352,335,348,,353,349,342,345,341,342,345,343,346,343,343,343,344,348,,,,,,,,,,,,,,,,,,,,,,,,,,,,,,,,,,,,,,,,,,,,,,,,,,,,,,,354,350,343,346,341,343
343,235,235,349,349,349,349,384,349,349,201,201,349,355,,,347,342,345,343,76,356,,,351,,362,384,345,341,341,343,345,341,346,343,342,341,345,363,,,,,,,,,,,,,,,,,,,,,,,,,,,,,,,,,,,,,,,,,,,,,,,,,,,,,,,,,354,343,346,344
348,,,362,341,345,341,201,345,201,201,201,344,356,,,354,344,344,363,,,,,354,76,350,334,343,342,344,343,350,350,350,350,350,350,350,356,,,,,,,,,,,,,,,,,,,,,,,,,,,,,,,,,,,,,,,,,,,,,,,,,,,,,,,,,,354,344,345
363,,,362,341,341,341,201,201,201,345,345,348,,,,,354,350,356,,,,,,,,,347,344,343,356,,,,,,,,,,,,,,,,,,,,,,,,,,,,,,,,,,,,,,,,,,,,,,,,,,,,,,,,,,,,,,,,,,,362,341
363,,,362,342,342,344,341,342,345,342,342,348,,,,,202,202,,,,,,,,,,347,342,348,,,,,,,,,,,,,,,,,,,,,,,,,,,,,,,,,,,,,,,,,,,,,,,,,,,,,,,,,,,,,,,,,,,,347,341
363,,,362,341,342,344,345,342,345,342,345,363,,,,,359,355,,,,,,,,,,347,345,363,,,,,,,,,,,,,,,,,,,,,,,,,,,,,,,,,,,,,,,,,,,,,,,,,,,,,,,,,,,,,,,,,,,,354,345
341,355,,384,343,343,343,345,342,342,346,343,346,349,355,,,,351,,,,353,76,76,349,76,76,343,344,356,,,,,,,,,,,,,,,,,,,,,,,,,,,,,,,,,,,,,,,,,,,,,,,,,,,,,,,,,,,,,,,,,,,,,362
342,343,349,342,344,341,342,346,345,345,346,344,345,344,348,,,,362,76,349,336,348,,,351,,378,347,348,,,,,,,,,,,,,,,,,,,,,,,,,,,,,,,,,,,,,,,,,,,,,,,,,,,,,,,,,,,,,,,,,,,,,,347
345,344,344,344,346,342,343,341,343,346,345,346,346,343,348,,,353,356,,351,,351,,378,351,,378,362,363,,,,,,,,,,,,,,,,,,,,,,,,,,,,,,,,,,,,,,,,,,,,,,,,,,,,,,,,,,,,,,,,,,,,,,347
344,342,344,343,344,343,343,342,346,342,343,344,344,342,356,,,351,,,351,,347,138,,351,,378,347,356,,,,,,,,,,,,,,,,,,,,,,,,,,,,,,,,,,,,,,,,,,,,,,,,,,,,,,,,,,,,,,,,,,,,,,362
341,344,343,341,344,345,342,344,345,346,341,346,342,356,,,,351,,,351,,347,138,378,351,,,351,,,,,,,,,,,,,,,,,,,,,,,,,,,,,,,,,,,,,,,,,,,,,,,,,,,,,,,,,,,,,,,,,,,,,,,362
341,341,344,345,345,341,342,344,345,345,346,341,363,,,,,351,,,351,,362,138,378,362,349,421,348,,,,,,,,,,,,,,,,,,,,,,,,,,,,,,,,,,,,,,,,,,,,,,,,,,,,,,,,,,,,,,,,,,,,,,,362
344,343,341,345,341,345,345,344,341,342,346,344,348,,,,353,356,,,351,,351,,,347,348,,351,,,,,,,,,,,,,,,,,,,,,,,,,,,,,,,,,,,,,,,,,,,,,,,,,,,,,,,,,,,,,,,,,,,,,,353,345
342,343,342,343,344,344,342,345,344,342,342,344,348,,,353,356,,,353,356,,351,,,362,348,,201,,,,,,,,,,,,,,,,,,,,,,,,,,,,,,,,,,,,,,,,,,,,,,,,,,,,,,,,,,,,,,,,,,,,,359,343,342
345,343,343,343,342,345,341,343,343,343,343,343,348,,,351,,,353,356,,,351,,,354,344,349,348,,,,,,,,,,,,,,,,,,,,,,,,,,,,,,,,,,,,,,,,,,,,,,,,,,,,,,,,,,,,,,,,,,,,,,354,343
341,344,344,341,345,342,343,341,346,344,345,341,363,,,351,,,351,,,,362,355,,,354,341,348,,,,,,,,,,,,,,,,,,,,,,,,,,,,,,,,,,,,,,,,,,,,,,,,,,,,,,,,,,,,,,,,,,,,,,,347
342,345,343,345,345,343,342,344,344,341,346,341,363,,,351,,,351,,,,354,348,,,,347,345,355,,,,,,,,,,,,,,,,,,,,,,,,,,,,,,,,,,,,,,,,,,,,,,,,,,,,,,,,,,,,,,,,,,,,,,347
350,350,350,350,350,344,344,343,346,344,346,342,348,,,351,,,362,138,,,378,362,355,,,347,341,346,355,,,,,,,,,,,,,,,,,,,,,,,,,,,,,,,,,,,,,,,,,,,,,,,,,,,,,,,,,,,,,,,,,,,,,362
,,,,,362,341,342,342,345,342,342,348,,,351,,,362,138,,378,359,344,356,,,362,343,342,344,349,355,,,,,,,,,,,,,,,,,,,,,,,,,,,,,,,,,,,,,,,,,,,,,,,,,,,,,,,,,,,,,,,,,,,347
,,,,,362,344,342,341,346,342,342,348,,,351,,,362,138,,,378,351,,,,364,68,344,346,345,348,,,,,,,,,,,,,,,,,,,,,,,,,,,,,,,,,,,,,,,,,,,,,,,,,,,,,,,,,,,,,,,,,,,362
,,,,,362,344,344,343,345,344,350,356,,,351,,,351,,,384,352,363,,,,364,68,344,342,342,363,,,,,,,,,,,,,,,,,,,,,,,,,,,,,,,,,,,,,,,,,,,,,,,,,,,,,,,,,,,,,,,,,,,362
,,,,,362,341,345,342,341,356,,,,,351,,,351,,,,378,351,,,,364,68,345,345,342,348,,,,,,,,,,,,,,,,,,,,,,,,,,,,,,,,,,,,,,,,,,,,,,,,,,,,,,,,,,,,,,,,,,,362
,,,,,362,343,344,344,348,,,,,,351,,,351,,,378,359,363,,,,364,68,342,341,344,363,,,,,,,,,,,,,,,,,,,,,,,,,,,,,,,,,,,,,,,,,,,,,,,,,,,,,,,,,,,,,,,,,,353,343
,,,,,362,342,341,344,363,,,,,353,356,,,351,,,,378,351,,,,364,68,341,342,346,363,,,,,,,,,,,,,,,,,,,,,,,,,,,,,,,,,,,,,,,,,,,,,,,,,,,,,,,,,,,,,,,,,,362,342
,,,,,362,343,345,342,363,,,,,351,,,,351,,,378,359,348,,,,364,68,343,341,345,363,,,,,,,,,,,,,,,,,,,,,,,,,,,,,,,,,,,,,,,,,,,,,,,,,,,,,,,,,,,,,,,,,353,344,346
,,,,,347,342,342,346,348,,,,,351,,,,351,,,,378,347,355,,,362,343,343,346,345,356,,,,,,,,,,,,,,,,,,,,,,,,,,,,,,,,,,,,,,,,,,,,,,,,,,,,,,,,,,,,,,,,353,345,341,341
,,,,,362,344,345,342,341,349,349,355,,347,355,,,347,355,,,353,343,363,,,354,350,341,346,363,,,,,,,,,,,,,,,,,,,,,,,,,,,,,,,,,,,,,,,,,,,,,,,,,,,,,,,,,,,,,,,353,349,341,342,341,345
,,,,,347,344,345,343,345,345,345,343,349,345,342,349,384,342,348,,,362,341,345,355,,,,347,344,344,355,,,,,,,,,,,,,,,,,,,,,,,,,,,,,,,,,,,,,,,,,,,,,,,,,,,,,,,,,,,353,349,349,343,343,342,345,343,345
,,,,,362,344,343,341,341,345,341,350,350,350,350,342,350,341,344,355,,92,91,341,343,355,,,354,346,343,346,349,349,349,349,349,349,349,349,349,355,,,,,,,,,,,,,,,,,,,,,,,,,,,,,,,,,,,,,,,353,349,349,349,349,349,349,349,349,349,343,346,341,345,345,344,345,342,345
,,,,,347,341,345,344,343,345,356,,,,,358,378,347,345,350,352,342,91,342,343,345,355,,,347,342,343,345,345,341,341,342,345,342,344,346,363,,,,,,,,,,,,,,,,,,,,,,,,,,,,,,,,,,,,,,,347,343,343,344,346,344,343,342,343,346,346,345,343,343,346,341,345,345,344
,,,,,347,345,344,346,341,348,,,,,,,378,362,356,,,92,91,345,342,346,363,,378,347,341,342,346,343,346,343,345,344,345,341,346,348,,,,,,,,,,,,,,,,,,,,,,,,,,,,,,,,,,,,,,,362,346,346,345,345,343,345,342,342,342,345,346,341,346,342,341,344,343,345
,,,,,347,344,341,345,343,348,,,,353,349,355,378,358,,,,362,343,345,344,341,363,,,347,346,343,346,346,341,343,341,343,344,345,341,363,,,,,,,,,,,,,,,,,,,,,,,,,,,,,,,,,,,,,,,347,341,343,344,346,342,343,345,344,346,343,345,346,343,342,344,344,342,341
,,,,,347,343,341,341,342,304,305,305,305,350,343,363,,,,353,349,341,345,345,341,341,363,,,92,91,91,345,341,342,346,345,342,345,341,344,363,,,,,,,,,,,,,,,,,,,,,,,,,,,,,,,,,,,,,,,362,344,345,345,341,343,345,341,342,342,341,343,342,344,345,345,342,342,341
,,,,,362,344,343,345,363,,58,,58,,362,341,349,349,349,345,345,342,341,345,341,344,348,,,347,346,91,343,345,346,345,345,345,346,346,343,363,,,,,,,,,,,,,,,,,,,,,,,,,,,,,,,,,,,,,,,347,346,345,343,343,345,344,343,342,341,341,346,342,341,344,341,342,342,345
,,,,,347,341,343,344,342,11,11,22,11,11,341,343,344,341,341,341,344,343,342,345,343,344,348,,353,342,343,91,343,343,342,345,346,345,341,341,344,348,,,,,,,,,,,,,,,,,,,,,,,,,,,,,,,,,,,,,,,354,350,350,350,350,350,350,350,350,350,350,350,350,350,350,350,350,350,350
,,,,,362,342,343,344,342,11,53,,53,11,345,343,345,342,341,341,344,342,341,341,346,344,341,349,346,346,342,91,91,345,346,346,346,345,341,346,343,363,,,,,,,,,,,,,,,,,,,,,,,,,,,,,,,,,,,,,,,,,,,,,,,,,,,,,,,,,
,,,,,362,343,342,346,345,11,,,376,11,343,344,341,343,341,343,342,344,343,345,345,342,344,345,342,341,341,344,91,346,342,341,341,341,342,344,346,363,,,,,,,,,,,,,,,,,,,,,,,,,,,,,,,,,,,,,,,,,,,,,,,,,,,,,,,,,
,,,,,347,343,345,341,343,11,54,,54,11,344,345,345,342,341,345,344,345,343,341,343,345,346,344,346,346,346,343,91,343,342,344,343,344,343,346,346,348,,,,,,,,,,,,,,,,,,,,,,,,,,,,,,,,,,,,,,,,,,,,,,,,,,,,,,,,,
,,,,,362,341,342,342,341,11,11,22,11,11,341,341,343,345,341,344,341,342,342,341,346,345,346,344,346,345,342,343,91,343,342,346,346,345,344,342,342,348,,,,,,,,,,,,,,,,,,,,,,,,,,,,,,,,,,,,,,,,,,,,,,,,,,,,,,,,,
,,,,,362,343,344,345,342,345,343,341,341,345,344,344,342,341,341,345,344,344,342,342,343,343,344,345,346,346,341,344,91,341,341,346,341,346,343,343,346,363,,,,,,,,,,,,,,,,,,,,,,,,,,,,,,,,,,,,,,,,,,,,,,,,,,,,,,,,,
,,,,,362,345,342,341,344,346,344,344,344,344,342,341,342,343,344,342,345,341,341,345,341,345,346,344,346,346,346,345,91,341,345,343,344,343,343,343,344,363,,,,,,,,,,,,,,,,,,,,,,,,,,,,,,,,,,,,,,,,,,,,,,,,,,,,,,,,,
,,,,,362,345,345,344,342,342,342,344,342,344,342,346,344,343,343,343,342,343,341,345,345,344,344,341,346,344,342,343,91,345,344,345,345,345,345,344,342,363,,,,,,,,,,,,,,,,,,,,,,,,,,,,,,,,,,,,,,,,,,,,,,,,,,,,,,,,,
,,,,,362,345,341,345,344,345,343,344,345,344,342,345,341,343,344,343,344,344,341,346,343,346,346,343,342,345,343,346,91,91,344,345,346,346,345,341,346,348,,,,,,,,,,,,,,,,,,,,,,,,,,,,,,,,,,,,,,,,,,,,,,,,,,,,,,,,,
,,,,,347,341,341,342,341,343,344,345,342,341,346,344,345,344,344,344,345,341,345,342,341,345,344,343,343,345,344,343,91,91,341,342,343,343,344,341,342,348,,,,,,,,,,,,,,,,,,,,,,,,,,,,,,,,,,,,,,,,,,,,,,,,,,,,,,,,,
,,,,,347,344,343,344,344,343,346,341,346,345,346,341,343,341,345,346,341,345,344,345,342,346,345,343,346,343,344,344,91,91,343,345,342,344,345,344,342,348,,,,,,,,,,,,,,,,,,,,,,,,,,,,,,,,,,,,,,,,,,,,,,,,,,,,,,,,,
349,349,349,349,349,345,345,345,341,345,342,343,342,343,342,343,346,341,345,342,345,341,343,341,345,343,346,346,342,341,345,344,91,91,91,342,341,342,341,344,343,344,363,,,,,,,,,,,,,,,,,,,,,,,,,,,,,,,,,,,,,,,,,,,,,,,,,,,,,,,,,
344,344,341,342,344,344,345,342,343,343,341,341,343,343,343,342,342,341,341,342,342,345,350,350,346,346,344,346,344,343,343,345,91,91,91,341,342,341,345,341,344,343,363,,,,,,,,,,,,,,,,,,,,,,,,,,,,,,,,,,,,,,,,,,,,,,,,,,,,,,,,,
341,343,342,342,343,342,344,344,344,342,345,344,342,342,344,345,346,344,342,344,342,356,,,362,344,343,345,342,343,344,345,91,91,91,344,345,342,344,346,342,345,363,,,,,,,,,,,,,,,,,,,,,,,,,,,,,,,,,,,,,,,,,,,,,,,,,,,,,,,,,
343,342,344,342,344,341,346,341,346,343,341,341,345,346,346,344,342,344,345,345,356,,,,347,343,346,342,341,345,342,91,91,91,91,342,342,344,346,344,341,344,348,,,,,,,,,,,,,,,,,,,,,,,,,,,,,,,,,,,,,,,,,,,,,,,,,,,,,,,,,
342,341,341,344,342,343,345,345,344,344,341,346,346,341,346,344,344,341,345,348,,,,,347,341,341,346,346,346,341,91,91,91,91,91,343,344,344,342,346,344,348,,,,,,,,,,,,,,,,,,,,,,,,,,,,,,,,,,,,,,,,,,,,,,,,,,,,,,,,,
344,341,344,344,342,341,343,343,346,341,346,346,344,345,342,346,343,343,346,356,,,,,354,342,345,341,345,342,344,91,91,91,91,91,343,342,344,345,345,344,363,,,,,,,,,,,,,,,,,,,,,,,,,,,,,,,,,,,,,,,,,,,,,,,,,,,,,,,,,
341,341,344,344,341,343,344,344,341,346,343,343,346,344,345,346,345,342,356,,,,,,,362,346,346,345,346,343,91,91,91,91,91,346,342,341,342,341,344,363,,,,,,,,,,,,,,,,,,,,,,,,,,,,,,,,,,,,,,,,,,,,,,,,,,,,,,,,,
344,342,341,342,341,346,346,345,341,342,344,346,344,341,342,344,344,363,,,,,,,,354,345,341,345,346,341,91,91,91,91,91,344,345,345,346,341,343,363,,,,,,,,,,,,,,,,,,,,,,,,,,,,,,,,,,,,,,,,,,,,,,,,,,,,,,,,,
343,342,341,350,350,350,343,341,342,342,346,343,344,342,344,342,342,348,,,,,,,,,362,342,345,343,341,91,91,91,91,91,91,91,343,345,346,344,348,,,,,,,,,,,,,,,,,,,,,,,,,,,,,,,,,,,,,,,,,,,,,,,,,,,,,,,,,
346,343,356,,,,354,346,342,345,346,342,344,345,343,343,345,348,,,,,,,,,362,341,343,345,343,91,91,91,91,91,91,91,343,344,346,346,348,,,,,,,,,,,,,,,,,,,,,,,,,,,,,,,,,,,,,,,,,,,,,,,,,,,,,,,,,
341,356,,,357,,,362,341,341,344,341,344,341,346,344,345,348,,,,,,,,,362,342,341,345,342,341,91,91,91,91,341,346,343,344,346,342,363,,,,,,,,,,,,,,,,,,,,,,,,,,,,,,,,,,,,,,,,,,,,,,,,,,,,,,,,,
363,,,353,363,,,362,341,346,343,345,342,343,343,343,341,346,355,,,,,,,,92,91,91,91,91,91,91,91,91,91,346,343,346,341,341,344,363,,,,,,,,,,,,,,,,,,,,,,,,,,,,,,,,,,,,,,,,,,,,,,,,,,,,,,,,,
348,,,354,363,,,347,342,341,343,345,346,346,345,346,342,345,346,355,,,,,,,362,343,344,343,345,346,346,344,344,342,346,342,345,346,344,342,348,,,,,,,,,,,,,,,,,,,,,,,,,,,,,,,,,,,,,,,,,,,,,,,,,,,,,,,,,
343,355,,,358,,353,341,343,345,341,342,345,345,344,342,342,345,346,348,,,,,,,347,345,342,346,346,344,343,345,342,344,343,344,345,346,346,341,348,,,,,,,,,,,,,,,,,,,,,,,,,,,,,,,,,,,,,,,,,,,,,,,,,,,,,,,,,
346,342,355,,,,362,345,343,344,346,344,342,345,345,344,342,341,341,356,,,,,,,347,343,342,341,345,344,341,345,343,346,342,343,346,346,345,343,348,,,,,,,,,,,,,,,,,,,,,,,,,,,,,,,,,,,,,,,,,,,,,,,,,,,,,,,,,
344,344,363,,,,347,345,342,343,341,346,342,345,341,345,342,345,363,,,,,,,,68,343,343,342,341,345,346,341,345,341,343,344,343,345,341,345,348,,,,,,,,,,,,,,,,,,,,,,,,,,,,,,,,,,,,,,,,,,,,,,,,,,,,,,,,,
342,342,344,330,,,347,344,350,350,350,344,343,345,344,345,344,346,356,,,,,,,,68,341,345,343,342,343,344,346,343,345,342,345,345,342,341,342,363,,,,,,,,,,,,,,,,,,,,,,,,,,,,,,,,,,,,,,,,,,,,,,,,,,,,,,,,,
345,342,356,,,353,342,356,,,,354,343,346,346,341,344,363,,,,,,,,,68,345,346,346,342,346,344,345,346,343,344,345,342,342,342,346,363,,,,,,,,,,,,,,,,,,,,,,,,,,,,,,,,,,,,,,,,,,,,,,,,,,,,,,,,,
341,363,,,,362,356,,,,,,354,341,344,345,345,344,355,,,,,,,,68,343,344,342,343,344,345,350,350,350,350,350,350,350,350,350,356,,,,,,,,,,,,,,,,,,,,,,,,,,,,,,,,,,,,,,,,,,,,,,,,,,,,,,,,,
342,348,,,,351,,,,357,,,,347,342,345,342,341,356,,,,,,,,347,342,344,342,345,345,348,,,,,,,,,,,,,,,,,,,,,,,,,,,,,,,,,,,,,,,,,,,,,,,,,,,,,,,,,,,,,,,,,,,
344,342,138,,,201,201,352,201,201,201,352,201,362,342,346,342,363,,,,,,,,,68,343,344,345,343,341,348,,,,,,,,,,,,,,,,,,,,,,,,,,,,,,,,,,,,,,,,,,,,,,,,,,,,,,,,,,,,,,,,,,,
345,363,,,,351,,,,358,,,,347,342,345,344,348,,,,,,,,,68,345,344,341,344,342,348,,,,,,,,,,,,,,,,,,,,,,,,,,,,,,,,,,,,,,,,,,,,,,,,,,,,,,,,,,,,,,,,,,,
343,345,355,,353,343,355,,,,,,359,344,344,343,345,348,,,,,,,,,68,345,343,342,341,344,363,,,,,,,,,,,,,,,,,,,,,,,,,,,,,,,,,,,,,,,,,,,,,,,,,,,,,,,,,,,,,,,,,,,
341,342,342,349,342,342,343,349,349,355,,,,362,343,343,346,346,355,,,,,,,,362,343,343,343,341,345,348,,,,,,,,,,,,,,,,,,,,,,,,,,,,,,,,,,,,,,,,,,,,,,,,,,,,,,,,,,,,,,,,,,,
343,345,345,345,343,345,341,342,344,346,355,,,347,343,341,342,344,348,,,,,,,,362,346,345,345,342,345,348,,,,,,,,,,,,,,,,,,,,,,,,,,,,,,,,,,,,,,,,,,,,,,,,,,,,,,,,,,,,,,,,,,,
345,343,341,342,345,343,345,346,344,345,345,355,,362,342,343,346,343,341,355,,,,,,359,346,342,344,342,341,341,363,,,,,,,,,,,,,,,,,,,,,,,,,,,,,,,,,,,,,,,,,,,,,,,,,,,,,,,,,,,,,,,,,,,
344,343,342,345,345,346,346,341,341,344,346,363,,347,346,344,346,343,345,356,,,,,,,347,342,345,344,346,345,356,,,,,,,,,,,,,,,,,,,,,,,,,,,,,,,,,,,,,,,,,,,,,,,,,,,,,,,,,,,,,,,,,,,
343,341,343,341,343,341,345,343,344,345,342,348,,347,344,341,341,342,348,,,,,,359,349,346,345,341,345,341,356,,,,,,,,,,,,,,,,,,,,,,,,,,,,,,,,,,,,,,,,,,,,,,,,,,,,,,,,,,,,,,,,,,,,
345,341,344,344,345,350,343,341,343,341,344,363,,362,344,346,343,345,356,,,,,,,347,344,341,342,342,363,,,,,,,,,,,,,,,,,,,,,,,,,,,,,,,,,,,,,,,,,,,,,,,,,,,,,,,,,,,,,,,,,,,,,
345,341,343,343,356,,362,345,345,343,343,356,,362,344,343,343,348,,,,,,359,349,343,344,341,342,345,363,,,,,,,,,,,,,,,,,,,,,,,,,,,,,,,,,,,,,,,,,,,,,,,,,,,,,,,,,,,,,,,,,,,,,
341,343,344,348,,,362,343,341,341,356,,,362,342,343,343,348,,,,,,,347,346,346,346,345,343,348,,,,,,,,,,,,,,,,,,,,,,,,,,,,,,,,,,,,,,,,,,,,,,,,,,,,,,,,,,,,,,,,,,,,,
341,341,342,344,200,200,345,350,350,356,,,,362,346,345,345,344,355,,,,359,349,341,343,346,346,344,344,348,,,,,,,,,,,,,,,,,,,,,,,,,,,,,,,,,,,,,,,,,,,,,,,,,,,,,,,,,,,,,,,,,,,,,
343,341,343,363,,,201,,,,,,,347,343,346,343,344,356,,,,,362,344,345,346,344,343,342,363,,,,,,,,,,,,,,,,,,,,,,,,,,,,,,,,,,,,,,,,,,,,,,,,,,,,,,,,,,,,,,,,,,,,,
345,343,342,348,,,201,201,201,201,201,201,201,342,344,341,341,348,,,,359,349,344,345,342,346,341,344,341,363,,,,,,,,,,,,,,,,,,,,,,,,,,,,,,,,,,,,,,,,,,,,,,,,,,,,,,,,,,,,,,,,,,,,,
345,343,344,348,,,201,,,,,,,347,343,342,345,348,,,,,347,346,344,345,345,346,344,342,363,,,,,,,,,,,,,,,,,,,,,,,,,,,,,,,,,,,,,,,,,,,,,,,,,,,,,,,,,,,,,,,,,,,,,
344,341,344,344,200,200,345,349,349,355,,,,362,342,350,341,348,,,353,349,346,341,343,342,341,344,345,342,348,,,,,,,,,,,,,,,,,,,,,,,,,,,,,,,,,,,,,,,,,,,,,,,,,,,,,,,,,,,,,,,,,,,,,
341,345,344,363,,,347,345,344,348,,,,347,356,,347,363,,,68,346,346,342,346,343,346,346,341,342,356,,,,,,,,,,,,,,,,,,,,,,,,,,,,,,,,,,,,,,,,,,,,,,,,,,,,,,,,,,,,,,,,,,,,,
344,343,341,345,355,,362,343,344,363,,,,351,,,362,363,,,68,344,344,342,341,343,342,343,350,356,,,,,,,,,,,,,,,,,,,,,,,,,,,,,,,,,,,,,,,,,,,,,,,,,,,,,,,,,,,,,,,,,,,,,,
344,342,344,342,343,349,345,341,342,363,,353,349,348,,,362,363,,,68,346,346,341,345,345,345,348,,,,,,,,,,,,,,,,,,,,,,,,,,,,,,,,,,,,,,,,,,,,,,,,,,,,,,,,,,,,,,,,,,,,,,,,
346,341,343,344,346,345,341,346,341,363,,354,345,356,,,347,356,,,68,344,344,342,341,342,342,348,,,,,,,,,,,,,,,,,,,,,,,,,,,,,,,,,,,,,,,,,,,,,,,,,,,,,,,,,,,,,,,,,,,,,,,,
341,343,346,346,343,346,344,344,345,363,,,358,,,,358,,,,362,341,346,342,345,346,342,363,,,,,,,,,,,,,,,,,,,,,,,,,,,,,,,,,,,,,,,,,,,,,,,,,,,,,,,,,,,,,,,,,,,,,,,,
346,346,341,342,342,344,345,346,341,343,76,76,76,76,352,76,76,76,352,76,343,342,345,345,344,344,346,363,,,,,,,,,,,,,,,,,,,,,,,,,,,,,,,,,,,,,,,,,,,,,,,,,,,,,,,,,,,,,,,,,,,,,,,,
341,341,342,343,345,341,344,342,345,363,,,,,,,357,,,,347,344,341,342,343,345,346,363,,,,,,,,,,,,,,,,,,,,,,,,,,,,,,,,,,,,,,,,,,,,,,,,,,,,,,,,,,,,,,,,,,,,,,,,
346,342,345,344,344,344,341,342,341,345,349,349,349,349,349,349,343,349,349,349,345,346,342,341,344,343,344,348,,,,,,,,,,,,,,,,,,,,,,,,,,,,,,,,,,,,,,,,,,,,,,,,,,,,,,,,,,,,,,,,,,,,,,,,
BigDecor: 
,,,,,,,,,,,,,,,,,,,,,,,,,,,,,,,,,,,,,,,,,,,,,,,,,,,,,,,,,,,,,,,,,,,,,,,,,,,,,,,,,,,,,,,,,,,,,,,,,,,
,,,,,,,,,,,,,,,,,,,,,23,,,,,,,,,,,,,,,,,,,,,,,,,,,,,,,,,,,,,,,,,,,,,,,,,,,,,,,,,,,,,,,,,,,,,,,,,,,,,,
,,24,,,,,,,,,,,,,,,,,,,,,,,,24,,,,,,,,,,,,,,,,,,,,,,,,,,,,,,,,,,,,,,,,,,,,,,,,,,,,,,,,,,,,,,,,,,,,,,,,,
,,,,,,,,,,,,,,,,,,,,,,,,,,,,,,,23,,,,,,,,,,,,,,,,,,,,,,,,,,,,,,,,,,,,,,,,,,,,,,,,,,,,,,,,,,,,,,,,,,,,
,,23,,,,,,,,,,,,,,,,,,,,,,,,,,,,,,,,,,,,,,,,,,,,,,,,,,,,,,,,,,,,,,,,,,,,,,,,,,,,,,,,,,,,,,,,,,,,,,,,,
,,,,,,,,,,,,,,,,,,,,,,,,,,,,,,,,69,,,,,,,,,,,,,,,,,,,,,,,,,,,,,,,,,,,,,,,,,,,,,,,,,,,,,,,,,,,,,,,,,,,
,,,,,,,,,,,,,,,,,,,,,,,,,,,,,,,,,,,,,,,,,,,,,,,,,,,,,,,,,,,,,,,,,,,,,,,,,,,,,,,,,,,,,,,,,,,,,,,,,,,
,,,,,,,,,,,,,,23,,,,,,,,,,,,,,,,,,,,,,,,,,,,,,,,,,,,,,,,,,,,,,,,,,,,,,,,,,,,,,,,,,,,,,,,,,,,,,,,,,,,,
,,,,,,,,,,,,,,,,,,,,,,,,,,,,,,,,,,,,,,,,,,,,,,,,,,,,,,,,,,,,,,,,,,,,,,,,,,,,,,,,,,,,,,,,,,,,,,,,,,,
,,,,,,,,,,,,,,,,,,,,,,,,,,25,,,,,,,,,,,,,,,,,,,,,,,,,,,,,,,,,,,,,,,,,,,,,,,,,,,,,,,,,,,,,,,,,,,,,,,,,
,,,,,,,,,,,,,,24,,,,,,,,,,,,,,,,,,,,,,,,,,,,,,,,,,,,,,,,,,,,,,,,,,,,,,,,,,,,,,,,,,,,,,,,,,,,,,,,,,,,,
,,,,,,,,,,,,,,,,,,,,,,,,,,,,,,,,,,,,,,,,,,,,,,,,,,,,,,,,,,,,,,,,,,,,,,,,,,,,,,,,,,,,,,,,,,,,,,,,,,,
,,,,,,,,,,,,,,68,,,,,,,,,,,,,,,,,,,,,,,,,,,,,,,,,,,,,,,,,,,,,,,,,,,,,,,,,,,,,,,,,,,,,,,,,,,,,,,,,,,,,
,24,,,,,,,,,,,,,,,,,,,,,,,,,,,,,,,,,,,,,,,,,,,,,,,,,,,,,,,,,,,,,,,,,,,,,,,,,,,,,,,,,,,,,,,,,,,,,,,,,,
,,,,,,,,,,,,,,,,,,,,,,,,,,,,,,,,,,,,,,,,,,,,,,,,,,,,,,,,,,,,,,,,,,,,,,,,,,,,,,,,,,,,,,,,,,,,,,,,,,,
,23,,,,,,,,,,,,,,,,,,,,,,,,,,,,,,,,,,,,,,,,,,,,,,,,,,,,,,,,,,,,,,,,,,,,,,,,,,,,,,,,,,,,,,,,,,,,,,,,,,
,,,,,,,,,,,,,,,,,,,,,,,,,,,,,,,,,,,,,,,,,,,,,,,,,,,,,,,,,,,,,,,,,,,,,,,,,,,,,,,,,,,,,,,,,,,,,,,,,,,
,,,,,,,,,,,,,,,,,,,,,,,,,,,,,,,,,,,,,,,,,,,,,,,,,,,,,,,,,,,,,,,,,,,,,,,,,,,,,,,,,,,,,,,,,,,,,,,,,,,
,,,,,,,,,,,,,,,,,,,,,,,,,,,,,,,,,,,,,,,,,,,,,,,,,,,,,,,,,,,,,,,,,,,,,,,,,,,,,,,,,,,,,,,,,,,,,,,,,23,,
,,,,,,,,,,,,,,,66,,,,,,,,,,,,,,,,,,,,,,,,,,,,,,,,,,,,,,,,,,,,,,,,,,,,,,,,,,,,,,,,,,,,,,,,,,,,,,,,,,,,
,,,,,,,,,,,,,,,,,,,,23,,,,,,,,,,,,,,,,,,,,,,,,,,,,,,,,,,,,,,,,,,,,,,,,,,,,,,,,,,,,,,,,,,,,,,,,,,,,,24,,
,,,,,,,,,,,,,,,,,,,,,,,,,,,,,,,,,,,,,,,,,,,,,,,,,,,,,,,,,,,,,,,,,,,,,,,,,,,,,,,,,,,,,,,,,,,,,,,,,,,
,,,,,,,,,,,,,,,,,,,,,,,,,,,,,,,,,,,,,,,,,,,,,,,,,,,,,,,,,,,,,,,,,,,,,,,,,,,,,,,,,,,,,,,,,,,,,,,,,,,
,,,,,,,,,,,,,,,,,,,,,,,,,,,,,,,,,,,,,,,,,,,,,,,,,,,,,,,,,,,,,,,,,,,,,,,,,,,,,,,,,,,,,,,,,,,,,,,,,,,
,,,,,,,,,,,,,68,,,,,,,25,,,,,,,,,,,,,,,,,,,,,,,,,,,,,,,,,,,,,,,,,,,,,,,,,,,,,,,,,,,,,,,,,,,,,,,,,,,,,,,
,,,,,,,,,,,,,,,,,,,,,,,,,,,,,,,,,,,,,,,,,,,,,,,,,,,,,,,,,,,,,,,,,,,,,,,,,,,,,,,,,,,,,,,,,,,,,,,,,,,
,,,,,,,,,,,,,,,,67,,,,23,,,,,,,,,,,,,,,,,,,,,,,,,,,,,,,,,,,,,,,,,,,,,,,,,,,,,,,,,,,,,,,,,,,,,,,,,,,,,,,
,,,,,,,,,,,,,23,,,,,,,,,,,,,,,,,,,,,,,,,,,,,,,,,,,,,,,,,,,,,,,,,,,,,,,,,,,,,,,,,,,,,,,,,,,,,,,,,,,,25,,
,,,,,,,,,,,,,,,,,,,,,,,,,68,,,,,,,,,,,,,,,,,,,,,,,,,,,,,,,,,,,,,,,,,,,,,,,,,,,,,,,,,,,,,,,,,,,,,,,,,,
,,,,,,,,,,,,,,,,,,,,,,,,,,,,,,,,,,,,,,,,,,,,,,,,,,,,,,,,,,,,,,,,,,,,,,,,,,,,,,,,,,,,,,,,,,,,,,,,,23,,
,,,,,,,,,,,,,67,,,,,,,,,,,,,,,,,,,,,,,,,,,,,,,,,,,,,,,,,,,,,,,,,,,,,,,,,,,,,,,,,,,,,,,,,,,,,,,,,,,,,,
,,,,,,,,,,,,,,,,,,,,,,,,,,,,,,,,,,,,,,,,,,,,,,,,,,,,,,,,,,,,,,,,,,,,,,,,,,,,,,,,,,,,,,,,,,,,,,,,,,,
,,,,,,,,,,,,,,,,68,,,,,,,,,,,,,,,,,,,,,,,,,,,,,,,,,,,,,,,,,,,,,,,,,,,,,,,,,,,,,,,,,,,,,,,,,,,,,,,,,,,
,,,,,,,,,,,,,,,,,,,,,,,,,,,,,,,,,,,,,,,,,,,,,,,,,,,,,,,,,,,,,,,,,,,,,,,,,,,,,,,,,,,,,,,,,,,,,,,,,,,
,,,,,,,,,,,,,,,,,,,,,,,,,,,,,,,,,,,,,,,,,,,,,,,,,,,,,,,,,,,,,,,,,,,,,,,,,,,,,,,,,,,,,,,,,,,,,,,,,,,
,,,,,,,,,,,,,,,,,,,,,,,,,,,,,,,,,,,,,,,,,,,,,,,,,,,,,,,,,,,,,,,,,,,,,,,,,,,,,,,,,,,,,,,,,,,,,,,,,,,
,,,,,,,,,,,,,,,,,,,,,,,,,68,,,,,,,,,,,,,,,,,,,,,,,,,,,,,,,,,,,,,,,,,,,,,,,,,,,,,,,,,,,,,,,,,,,,,,,,,,
,,,,,,,,,,,,,,,,,,,,,,,,,,,,,,,,,,,,,,,,,,,,,,,,,,,,,,,,,,,,,,,,,,,,,,,,,,,,,,,,,,,,,,,,,,,,,,,,,,,
,,,,,,,,,,,,,,,,,,,,,,,,,,,,,,,,,,,,,,,,,,,,,,,,,,,,,,,,,,,,,,,,,,,,,,,,,,,,,,,,,,,,,,,,,,,,,,,,,,,
,,,,,,,,,,,,,,,,,,,,,,,,,,,,24,,,,,,,,,,,,,,,,,,,,,,,,,,,,,,,,,,,,,,,,,,,,,,,,,,,,,,,,,,,,,,,,,,,,,,,
,,,,,,,,,,,,,,,,,,,,,,,203,,,,,,,,,,,,,,,,,,,,,,,,,,,,,,,,,,,,,,,,,,,,,,,,,,,,,,,,,,,,,,,,,,,,,,,,,,,,
,,,,,,,,,,,,,,,,,,,,,,,203,,,,,23,,,,,,,,,,,,,,,,,,,,,,,,,,,,,,,,,,,,,,,,,,,,,,,,,,,,,,,,,,,,,,,,,,,,,,,
,,,,,,,,,,,,,,,,,,,,,,,,,,,,,,,,,,,,,,,,,,,,,,,,,,,,,,,,,,,,,,,,,,,,,,,,,,,,,,,,,,,,,,,,,,,,,,,,,,,
,,,,,,,,,,,,,,,,,,,,,,,,,,,,,,,,,,,,,,,,,,,,,,,,,,,,,,,,,,,,,,,,,,,,,,,,,,,,,,,,,,,,,,,,,,,,,,,,,,,
,,,,,,,,,,,,,,,,,,,,,,,,,,,,24,,,,203,,,,,,,,,,,,,,,,,,,,,,,,,,,,,,,,,,,,,,,,,,,,,,,,,,,,,,,,,,,,,,,,,,,
,,,,,,,,,,,,,,,,,,,,,,,,,,,,,,,,,,,,,,,,,,,,,,,,,,,,,,,,,,,,,,,,,,,,,,,,,,,,,,,,,,,,,,,,,,,,,,,,,,,
,,,,,,,,,,,,,,,,,,,,,,,,,,,,,,,,,,,,,,,,,,,,,,,,,,,,,,,,,,,,,,,,,,,,,,,,,,,,,,,,,,,,,,,,,,,,,,,,,,,
,,,,,,,,,,,,,,,,,,,,,,,,,,,,,,,,,,,,,,,,,,,,,,,,,,,,,,,,,,,,,,,,,,,,,,,,,,,,,,,,,,,,,,,,,,,,,,,,,,,
,,,,,,,,,,,,,,,,,,,,,,,,,,,,,,,,,,,,,,,,,,,,,,,,,,,,,,,,,,,,,,,,,,,,,,,,,,,,,,,,,,,,,,,,,,,,,,,,,,,
,,,,,,,,,,,,,,,,,,,,,,,,,,,,,,,,,203,,,,,,,,,,,,,,,,,,,,,,,,,,,,,,,,,,,,,,,,,,,,,,,,,,,,,,,,,,,,,,,,,,
,,,,,,,,,,,,,,,,,,,,,,,,,,,,,,,,,,,,,,,,,,,,,,,,,,,,,,,,,,,,,,,,,,,,,,,,,,,,,,,,,,,,,,,,,,,,,,,,,,,
,,,,,,,,,,,,,,,,,,,,,,,,,,,,,,,,,,,,,,,,,,,,,,,,,,,,,,,,,,,,,,,,,,,,,,,,,,,,,,,,,,,,,,,,,,,,,,,,,,,
,,,,,,,,,,,,,,,,,,,,,,,,,,,,,,,,,,,,,,,,,,,,,,,,,,,,,,,,,,,,,,,,,,,,,,,,,,,,,,,,,,,,,,,,,,,,,,,,,,,
,,,,,,,,,,,,,,,,,,,,,,,,,,,,,,,,,,203,,,,,,,,,,,,,,,,,,,,,,,,,,,,,,,,,,,,,,,,,,,,,,,,,,,,,,,,,,,,,,,,,
,,,,,,,,,,,,,,,,,,,,,,,,,,,,,,,,,,,,,,,,,,,,,,,,,,,,,,,,,,,,,,,,,,,,,,,,,,,,,,,,,,,,,,,,,,,,,,,,,,,
,,,,,,,,,,,,,,,,,,,,,,,,,,,,,,,,,,,,,,,,,,,,,,,,,,,,,,,,,,,,,,,,,,,,,,,,,,,,,,,,,,,,,,,,,,,,,,,,,,,
,,,,,,,,,,,,,,,,,,,,,,,,,,,,,,,,,,203,,,,,,,,,,,,,,,,,,,,,,,,,,,,,,,,,,,,,,,,,,,,,,,,,,,,,,,,,,,,,,,,,
,,,,,,,,,,,,,,,,,,,,,,,,,,,,,,,,,,203,,,,,,,,,,,,,,,,,,,,,,,,,,,,,,,,,,,,,,,,,,,,,,,,,,,,,,,,,,,,,,,,,
,,,,,,,,,,,,,,,,,,,,,,,,,,,,,,,,,,203,,,,,,,,,,,,,,,,,,,,,,,,,,,,,,,,,,,,,,,,,,,,,,,,,,,,,,,,,,,,,,,,,
,,,,,,,,,,,,,,,,,,,,,,,,,,,,,,,,,,,,,,,,,,,,,,,,,,,,,,,,,,,,,,,,,,,,,,,,,,,,,,,,,,,,,,,,,,,,,,,,,,,
,,,,,,,,,,,,,,,,,,,,,,,,,,,,,,,,,,,,,,,,,,,,,,,,,,,,,,,,,,,,,,,,,,,,,,,,,,,,,,,,,,,,,,,,,,,,,,,,,,,
,,,,,,,,,,,,,,,,,,,,,,,,,,,,,,,,,,,203,,,,,,,,,,,,,,,,,,,,,,,,,,,,,,,,,,,,,,,,,,,,,,,,,,,,,,,,,,,,,,,,
,,,,,,,,,,,,,,,,,,,,,,,,,,,,,,,,,,,,,,,,,,,,,,,,,,,,,,,,,,,,,,,,,,,,,,,,,,,,,,,,,,,,,,,,,,,,,,,,,,,
,,,,,,,,,,,,,,,,,,,,,,,,,,,,,,,,,,,,,,,,,,,,,,,,,,,,,,,,,,,,,,,,,,,,,,,,,,,,,,,,,,,,,,,,,,,,,,,,,,,
,,,,,,,,,,,,,,,,,,,,,,,,19,,,,,,,,,,,,,203,,,,,,,,,,,,,,,,,,,,,,,,,,,,,,,,,,,,,,,,,,,,,,,,,,,,,,,,,,,,,,
,,,,,,,,,,,,,,,,,,,,,,,,16,,,,,,,,,,,,,,,,,,,,,,,,,,,,,,,,,,,,,,,,,,,,,,,,,,,,,,,,,,,,,,,,,,,,,,,,,,,
,,,,,23,,,,,,,,,,,,,,,,,,,,,,,,,,,,,,,,,,,,,,,,,,,,,,,,,,,,,,,,,,,,,,,,,,,,,,,,,,,,,,,,,,,,,,,,,,,,,,
,24,,,,68,,,,,,,,,,,,,,,,,,,,,,,,,,,,,,203,,,,,,,,,,,,,,,,,,,,,,,,,,,,,,,,,,,,,,,,,,,,,,,,,,,,,,,,,,,,,,,,
,,,,,,,,,,,,,,,,,,,,,,,,18,,,,,,,,,,,,,,,,,,,,,,,,,,,,,,,,,,,,,,,,,,,,,,,,,,,,,,,,,,,,,,,,,,,,,,,,,,,
,,,,24,,,,,,,,,,,,,,,,,,,,16,,,,,,,,,,,,,,,,,,,,,,,,,,,,,,,,,,,,,,,,,,,,,,,,,,,,,,,,,,,,,,,,,,,,,,,,,,,
,,,,,,,,,,,,,,,,,,,,,,,,,,,,,,,,,,,,,,,,,,,,,,,,,,,,,,,,,,,,,,,,,,,,,,,,,,,,,,,,,,,,,,,,,,,,,,,,,,,
,,,,25,,,,,,,,,,,,,,,,,,,,,,,,,,,,,,,,,,,,,,,,,,,,,,,,,,,,,,,,,,,,,,,,,,,,,,,,,,,,,,,,,,,,,,,,,,,,,,,
,,,,,,,,,,,,,,,,,,,,,,,,,,,,,,,,,,,,,,,,,,,,,,,,,,,,,,,,,,,,,,,,,,,,,,,,,,,,,,,,,,,,,,,,,,,,,,,,,,,
,,,23,,,,,,,,,,,,,,,,,,,,,,,,,,,,,,,,,,,,,,,,,,,,,,,,,,,,,,,,,,,,,,,,,,,,,,,,,,,,,,,,,,,,,,,,,,,,,,,,
,,,,,,,,,,,,,,,,,,,,,,,,,,,,,,,,,,,,,,,,,,,,,,,,,,,,,,,,,,,,,,,,,,,,,,,,,,,,,,,,,,,,,,,,,,,,,,,,,,,
,,,,,,,,,,,,,,,,,,,,,,,,,,,,,,,,,,,,,,,,,,,,,,,,,,,,,,,,,,,,,,,,,,,,,,,,,,,,,,,,,,,,,,,,,,,,,,,,,,,
,,,,,,,,,,,,,,,,,,,,,,,,,,,,,,,,,,,,,,,,,,,,,,,,,,,,,,,,,,,,,,,,,,,,,,,,,,,,,,,,,,,,,,,,,,,,,,,,,,,
,,,,,,,,,,,,,,,,,,,,,,,,,,,,,,,,,,,,,,,,,,,,,,,,,,,,,,,,,,,,,,,,,,,,,,,,,,,,,,,,,,,,,,,,,,,,,,,,,,,
,,,,,,,,,,,,,,,,,,,,,,,,,,,,,,,,,,,,,,,,,,,,,,,,,,,,,,,,,,,,,,,,,,,,,,,,,,,,,,,,,,,,,,,,,,,,,,,,,,,
,,,,,,,,,,,,,,,,,,,,,,,,,,,,,,,,,,,,,,,,,,,,,,,,,,,,,,,,,,,,,,,,,,,,,,,,,,,,,,,,,,,,,,,,,,,,,,,,,,,
,,,,,,,,,,,,,,,,,,,,,,,,,,,,,,,,,,,,,,,,,,,,,,,,,,,,,,,,,,,,,,,,,,,,,,,,,,,,,,,,,,,,,,,,,,,,,,,,,,,
,,,,,,,,,,,,,,,,,,,,,,,,,,,,,,,,,,,,,,,,,,,,,,,,,,,,,,,,,,,,,,,,,,,,,,,,,,,,,,,,,,,,,,,,,,,,,,,,,,,
,,,,,,,,,,,,,,,,,,,,,,,,,,,,,,,,,,,,,,,,,,,,,,,,,,,,,,,,,,,,,,,,,,,,,,,,,,,,,,,,,,,,,,,,,,,,,,,,,,,
,,,,,,,,,,,,,,,,,,,,,,,,,,,,,,,,,,,,,,,,,,,,,,,,,,,,,,,,,,,,,,,,,,,,,,,,,,,,,,,,,,,,,,,,,,,,,,,,,,,
,,,,,,,,,,,,,,,,,,,,,,,,,,,,,,,,,,,,,,,,,,,,,,,,,,,,,,,,,,,,,,,,,,,,,,,,,,,,,,,,,,,,,,,,,,,,,,,,,,,
,,,,,,,,,,,,,,,,,,,,,,,,,,,,,,,,,,,,,,,,,,,,,,,,,,,,,,,,,,,,,,,,,,,,,,,,,,,,,,,,,,,,,,,,,,,,,,,,,,,
,,,,,,,,,,,,,,,,,,,,,,,,,,,,,,,,,,,,,,,,,,,,,,,,,,,,,,,,,,,,,,,,,,,,,,,,,,,,,,,,,,,,,,,,,,,,,,,,,,,
,,,,,,,,,,,,,,,,,,,,,,,,,,,,,,,,,,,,,,,,,,,,,,,,,,,,,,,,,,,,,,,,,,,,,,,,,,,,,,,,,,,,,,,,,,,,,,,,,,,
,,,,,,,,,,,,,,,,,,,,,,,,,,,,,,,,,,,,,,,,,,,,,,,,,,,,,,,,,,,,,,,,,,,,,,,,,,,,,,,,,,,,,,,,,,,,,,,,,,,
,,,,,,,,,,,,,,,,,,,,,,,,,,,,,,,,,,,,,,,,,,,,,,,,,,,,,,,,,,,,,,,,,,,,,,,,,,,,,,,,,,,,,,,,,,,,,,,,,,,
,,,,,,,,,,,,,,,,,,,,,,,,,,,,,,,,,,,,,,,,,,,,,,,,,,,,,,,,,,,,,,,,,,,,,,,,,,,,,,,,,,,,,,,,,,,,,,,,,,,
,,,,,,,,,,,,,,,,,,,,,,,,,,,,,,,,,,,,,,,,,,,,,,,,,,,,,,,,,,,,,,,,,,,,,,,,,,,,,,,,,,,,,,,,,,,,,,,,,,,
,,,,,,,,,,,,,,,,,,,,,,,,,,,,,,,,,,,,,,,,,,,,,,,,,,,,,,,,,,,,,,,,,,,,,,,,,,,,,,,,,,,,,,,,,,,,,,,,,,,
,,,,,,,,,,,,,,,,,,,,,,,,,,,,,,,,,,,,,,,,,,,,,,,,,,,,,,,,,,,,,,,,,,,,,,,,,,,,,,,,,,,,,,,,,,,,,,,,,,,
,,,,,,,,,,,,,,,,,,,,,,,,,,,,,,,,,,,,,,,,,,,,,,,,,,,,,,,,,,,,,,,,,,,,,,,,,,,,,,,,,,,,,,,,,,,,,,,,,,,
,,,,,,,,,,,,,,,,,,,,,,,,,,,,,,,,,,,,,,,,,,,,,,,,,,,,,,,,,,,,,,,,,,,,,,,,,,,,,,,,,,,,,,,,,,,,,,,,,,,
,,,,,,,,,,,,,,,,,,,,,,,,,,,,,,,,,,,,,,,,,,,,,,,,,,,,,,,,,,,,,,,,,,,,,,,,,,,,,,,,,,,,,,,,,,,,,,,,,,,
,,,,,,,,,,,,,,,,,,,,,,,,,,,,,,,,,,,,,,,,,,,,,,,,,,,,,,,,,,,,,,,,,,,,,,,,,,,,,,,,,,,,,,,,,,,,,,,,,,,
,,,,,,,,,,,,,,,,,,,,,,,,,,,,,,,,,,,,,,,,,,,,,,,,,,,,,,,,,,,,,,,,,,,,,,,,,,,,,,,,,,,,,,,,,,,,,,,,,,,
,,,,,,,,,,,,,,,,,,,,,,,,,,,,,,,,,,,,,,,,,,,,,,,,,,,,,,,,,,,,,,,,,,,,,,,,,,,,,,,,,,,,,,,,,,,,,,,,,,,
MoveObject: type=50 stepAdvance=1 stepRecede=1 timeStopStart=0 timeStopEnd=0 posStart=3010;772 posEnd=3010;772 posCurrent=3010;772 step=1 time=0 phase=979 channel=10 icon=222 
MoveObject: type=2 stepAdvance=1 stepRecede=1 timeStopStart=0 timeStopEnd=0 posStart=1858;1092 posEnd=1858;1092 posCurrent=1858;1092 step=1 time=0 phase=979 channel=10 icon=15 
MoveObject: type=2 stepAdvance=1 stepRecede=1 timeStopStart=0 timeStopEnd=0 posStart=2114;1092 posEnd=2114;1092 posCurrent=2114;1092 step=1 time=0 phase=979 channel=10 icon=15 
MoveObject: type=2 stepAdvance=1 stepRecede=1 timeStopStart=0 timeStopEnd=0 posStart=1666;1092 posEnd=1666;1092 posCurrent=1666;1092 step=1 time=0 phase=979 channel=10 icon=15 
MoveObject: type=2 stepAdvance=1 stepRecede=1 timeStopStart=0 timeStopEnd=0 posStart=1090;1092 posEnd=1090;1092 posCurrent=1090;1092 step=1 time=0 phase=979 channel=10 icon=15 
MoveObject: type=2 stepAdvance=1 stepRecede=1 timeStopStart=0 timeStopEnd=0 posStart=1474;964 posEnd=1474;964 posCurrent=1474;964 step=1 time=0 phase=979 channel=10 icon=15 
MoveObject: type=55 stepAdvance=1 stepRecede=1 timeStopStart=0 timeStopEnd=0 posStart=834;134 posEnd=834;134 posCurrent=834;134 step=1 time=0 phase=979 channel=10 icon=252 
MoveObject: type=2 stepAdvance=1 stepRecede=1 timeStopStart=0 timeStopEnd=0 posStart=642;1732 posEnd=642;1732 posCurrent=642;1732 step=1 time=0 phase=979 channel=10 icon=15 
MoveObject: type=2 stepAdvance=1 stepRecede=1 timeStopStart=0 timeStopEnd=0 posStart=5250;772 posEnd=5250;772 posCurrent=5250;772 step=1 time=0 phase=979 channel=10 icon=15 
MoveObject: type=2 stepAdvance=1 stepRecede=1 timeStopStart=0 timeStopEnd=0 posStart=5314;772 posEnd=5314;772 posCurrent=5314;772 step=1 time=0 phase=979 channel=10 icon=15 
MoveObject: type=2 stepAdvance=1 stepRecede=1 timeStopStart=0 timeStopEnd=0 posStart=5378;772 posEnd=5378;772 posCurrent=5378;772 step=1 time=0 phase=979 channel=10 icon=15 
MoveObject: type=2 stepAdvance=1 stepRecede=1 timeStopStart=0 timeStopEnd=0 posStart=5442;772 posEnd=5442;772 posCurrent=5442;772 step=1 time=0 phase=979 channel=10 icon=15 
MoveObject: type=2 stepAdvance=1 stepRecede=1 timeStopStart=0 timeStopEnd=0 posStart=5506;772 posEnd=5506;772 posCurrent=5506;772 step=1 time=0 phase=979 channel=10 icon=15 
MoveObject: type=2 stepAdvance=1 stepRecede=1 timeStopStart=0 timeStopEnd=0 posStart=5570;772 posEnd=5570;772 posCurrent=5570;772 step=1 time=0 phase=979 channel=10 icon=15 
MoveObject: type=2 stepAdvance=1 stepRecede=1 timeStopStart=0 timeStopEnd=0 posStart=5186;772 posEnd=5186;772 posCurrent=5186;772 step=1 time=0 phase=979 channel=10 icon=15 
MoveObject: type=19 stepAdvance=1 stepRecede=1 timeStopStart=0 timeStopEnd=0 posStart=5442;324 posEnd=5442;324 posCurrent=5442;324 step=1 time=0 phase=979 channel=10 icon=89 
MoveObject: type=19 stepAdvance=1 stepRecede=1 timeStopStart=0 timeStopEnd=0 posStart=5506;324 posEnd=5506;324 posCurrent=5506;324 step=1 time=0 phase=979 channel=10 icon=89 
MoveObject: type=2 stepAdvance=1 stepRecede=1 timeStopStart=0 timeStopEnd=0 posStart=4802;260 posEnd=4802;260 posCurrent=4802;260 step=1 time=0 phase=979 channel=10 icon=15 
MoveObject: type=12 stepAdvance=1 stepRecede=1 timeStopStart=0 timeStopEnd=0 posStart=2304;832 posEnd=2304;832 posCurrent=2304;832 step=1 time=0 phase=979 channel=1 icon=32 
MoveObject: type=12 stepAdvance=1 stepRecede=1 timeStopStart=0 timeStopEnd=0 posStart=2176;832 posEnd=2176;832 posCurrent=2176;832 step=1 time=0 phase=979 channel=1 icon=32 
MoveObject: type=12 stepAdvance=1 stepRecede=1 timeStopStart=0 timeStopEnd=0 posStart=2240;832 posEnd=2240;832 posCurrent=2240;832 step=1 time=0 phase=979 channel=1 icon=32 
MoveObject: type=12 stepAdvance=1 stepRecede=1 timeStopStart=0 timeStopEnd=0 posStart=2176;768 posEnd=2176;768 posCurrent=2176;768 step=1 time=0 phase=979 channel=1 icon=33 
MoveObject: type=12 stepAdvance=1 stepRecede=1 timeStopStart=0 timeStopEnd=0 posStart=2240;768 posEnd=2240;768 posCurrent=2240;768 step=1 time=0 phase=979 channel=1 icon=32 
MoveObject: type=12 stepAdvance=1 stepRecede=1 timeStopStart=0 timeStopEnd=0 posStart=2304;768 posEnd=2304;768 posCurrent=2304;768 step=1 time=0 phase=979 channel=1 icon=33 
MoveObject: type=12 stepAdvance=1 stepRecede=1 timeStopStart=0 timeStopEnd=0 posStart=2176;704 posEnd=2176;704 posCurrent=2176;704 step=1 time=0 phase=979 channel=1 icon=32 
MoveObject: type=12 stepAdvance=1 stepRecede=1 timeStopStart=0 timeStopEnd=0 posStart=2240;704 posEnd=2240;704 posCurrent=2240;704 step=1 time=0 phase=979 channel=1 icon=33 
MoveObject: type=12 stepAdvance=1 stepRecede=1 timeStopStart=0 timeStopEnd=0 posStart=2304;704 posEnd=2304;704 posCurrent=2304;704 step=1 time=0 phase=979 channel=1 icon=33 
MoveObject: type=12 stepAdvance=1 stepRecede=1 timeStopStart=0 timeStopEnd=0 posStart=384;1728 posEnd=384;1728 posCurrent=384;1728 step=1 time=0 phase=979 channel=1 icon=32 
MoveObject: type=12 stepAdvance=1 stepRecede=1 timeStopStart=0 timeStopEnd=0 posStart=5952;768 posEnd=5952;768 posCurrent=5952;768 step=1 time=0 phase=979 channel=1 icon=32 
MoveObject: type=12 stepAdvance=1 stepRecede=1 timeStopStart=0 timeStopEnd=0 posStart=4352;384 posEnd=4352;384 posCurrent=4352;384 step=1 time=0 phase=979 channel=1 icon=32 
MoveObject: type=12 stepAdvance=1 stepRecede=1 timeStopStart=0 timeStopEnd=0 posStart=4160;320 posEnd=4160;320 posCurrent=4160;320 step=1 time=0 phase=979 channel=1 icon=32 
MoveObject: type=19 stepAdvance=1 stepRecede=1 timeStopStart=0 timeStopEnd=0 posStart=5890;324 posEnd=5890;324 posCurrent=5890;324 step=1 time=0 phase=979 channel=10 icon=89 
MoveObject: type=1 stepAdvance=30 stepRecede=30 timeStopStart=3 timeStopEnd=3 posStart=960;1664 posEnd=960;1344 posCurrent=960;1664 step=4 time=30 phase=979 channel=1 icon=29 
MoveObject: type=49 stepAdvance=1 stepRecede=1 timeStopStart=0 timeStopEnd=0 posStart=386;1476 posEnd=386;1476 posCurrent=386;1476 step=1 time=0 phase=979 channel=10 icon=211 
MoveObject: type=5 stepAdvance=1 stepRecede=1 timeStopStart=0 timeStopEnd=0 posStart=450;1988 posEnd=450;1988 posCurrent=450;1988 step=1 time=0 phase=979 channel=10 icon=4 
MoveObject: type=7 stepAdvance=1 stepRecede=1 timeStopStart=0 timeStopEnd=0 posStart=1538;6148 posEnd=1538;6148 posCurrent=1538;6148 step=1 time=0 phase=979 channel=10 icon=35 
MoveObject: type=6 stepAdvance=1 stepRecede=1 timeStopStart=0 timeStopEnd=0 posStart=1410;6280 posEnd=1410;6280 posCurrent=1410;6280 step=1 time=0 phase=979 channel=10 icon=25 
MoveObject: type=6 stepAdvance=1 stepRecede=1 timeStopStart=0 timeStopEnd=0 posStart=1666;6280 posEnd=1666;6280 posCurrent=1666;6280 step=1 time=0 phase=979 channel=10 icon=25 
MoveObject: type=16 stepAdvance=40 stepRecede=40 timeStopStart=0 timeStopEnd=0 posStart=2240;896 posEnd=2240;1152 posCurrent=2240;1076 step=4 time=12 phase=979 channel=10 icon=75 
MoveObject: type=16 stepAdvance=40 stepRecede=40 timeStopStart=0 timeStopEnd=0 posStart=2304;1152 posEnd=2304;896 posCurrent=2304;972 step=4 time=12 phase=979 channel=10 icon=75 
MoveObject: type=6 stepAdvance=1 stepRecede=1 timeStopStart=0 timeStopEnd=0 posStart=3138;776 posEnd=3138;776 posCurrent=3138;776 step=1 time=0 phase=979 channel=10 icon=25 
MoveObject: type=54 stepAdvance=80 stepRecede=80 timeStopStart=200 timeStopEnd=200 posStart=1216;1344 posEnd=1472;1344 posCurrent=1472;1344 step=3 time=133 phase=979 channel=10 icon=243 
MoveObject: type=1 stepAdvance=30 stepRecede=30 timeStopStart=10 timeStopEnd=10 posStart=1984;1152 posEnd=1792;1152 posCurrent=1804;1152 step=4 time=2 phase=979 channel=1 icon=361 
MoveObject: type=16 stepAdvance=30 stepRecede=30 timeStopStart=0 timeStopEnd=0 posStart=1472;1216 posEnd=1280;1216 posCurrent=1357;1216 step=2 time=18 phase=979 channel=10 icon=75 
MoveObject: type=6 stepAdvance=1 stepRecede=1 timeStopStart=0 timeStopEnd=0 posStart=1538;1160 posEnd=1538;1160 posCurrent=1538;1160 step=1 time=0 phase=979 channel=10 icon=25 
MoveObject: type=55 stepAdvance=1 stepRecede=1 timeStopStart=0 timeStopEnd=0 posStart=898;134 posEnd=898;134 posCurrent=898;134 step=1 time=0 phase=979 channel=10 icon=252 
MoveObject: type=55 stepAdvance=1 stepRecede=1 timeStopStart=0 timeStopEnd=0 posStart=962;134 posEnd=962;134 posCurrent=962;134 step=1 time=0 phase=979 channel=10 icon=252 
MoveObject: type=55 stepAdvance=1 stepRecede=1 timeStopStart=0 timeStopEnd=0 posStart=1026;134 posEnd=1026;134 posCurrent=1026;134 step=1 time=0 phase=979 channel=10 icon=252 
MoveObject: type=6 stepAdvance=1 stepRecede=1 timeStopStart=0 timeStopEnd=0 posStart=130;200 posEnd=130;200 posCurrent=130;200 step=1 time=0 phase=979 channel=10 icon=25 
MoveObject: type=6 stepAdvance=1 stepRecede=1 timeStopStart=0 timeStopEnd=0 posStart=194;200 posEnd=194;200 posCurrent=194;200 step=1 time=0 phase=979 channel=10 icon=25 
MoveObject: type=6 stepAdvance=1 stepRecede=1 timeStopStart=0 timeStopEnd=0 posStart=258;200 posEnd=258;200 posCurrent=258;200 step=1 time=0 phase=979 channel=10 icon=25 
MoveObject: type=6 stepAdvance=1 stepRecede=1 timeStopStart=0 timeStopEnd=0 posStart=322;200 posEnd=322;200 posCurrent=322;200 step=1 time=0 phase=979 channel=10 icon=25 
MoveObject: type=51 stepAdvance=1 stepRecede=1 timeStopStart=0 timeStopEnd=0 posStart=2370;836 posEnd=2370;836 posCurrent=2370;836 step=1 time=0 phase=979 channel=10 icon=227 
MoveObject: type=16 stepAdvance=30 stepRecede=30 timeStopStart=0 timeStopEnd=0 posStart=1664;960 posEnd=1664;768 posCurrent=1664;845 step=2 time=18 phase=979 channel=10 icon=75 
MoveObject: type=16 stepAdvance=30 stepRecede=30 timeStopStart=0 timeStopEnd=0 posStart=1856;768 posEnd=1856;960 posCurrent=1856;883 step=2 time=18 phase=979 channel=10 icon=75 
MoveObject: type=16 stepAdvance=30 stepRecede=30 timeStopStart=0 timeStopEnd=0 posStart=1984;1664 posEnd=2176;1664 posCurrent=2099;1664 step=2 time=18 phase=979 channel=10 icon=75 
MoveObject: type=6 stepAdvance=1 stepRecede=1 timeStopStart=0 timeStopEnd=0 posStart=2882;1800 posEnd=2882;1800 posCurrent=2882;1800 step=1 time=0 phase=979 channel=10 icon=25 
MoveObject: type=46 stepAdvance=1 stepRecede=1 timeStopStart=0 timeStopEnd=0 posStart=3714;1476 posEnd=3714;1476 posCurrent=3714;1476 step=1 time=0 phase=979 channel=10 icon=208 
MoveObject: type=46 stepAdvance=1 stepRecede=1 timeStopStart=0 timeStopEnd=0 posStart=3778;1476 posEnd=3778;1476 posCurrent=3778;1476 step=1 time=0 phase=979 channel=10 icon=208 
MoveObject: type=46 stepAdvance=1 stepRecede=1 timeStopStart=0 timeStopEnd=0 posStart=3842;1476 posEnd=3842;1476 posCurrent=3842;1476 step=1 time=0 phase=979 channel=10 icon=208 
MoveObject: type=46 stepAdvance=1 stepRecede=1 timeStopStart=0 timeStopEnd=0 posStart=3906;1476 posEnd=3906;1476 posCurrent=3906;1476 step=1 time=0 phase=979 channel=10 icon=208 
MoveObject: type=1 stepAdvance=40 stepRecede=40 timeStopStart=10 timeStopEnd=10 posStart=5632;640 posEnd=5632;384 posCurrent=5632;436 step=2 time=32 phase=979 channel=1 icon=29 
MoveObject: type=19 stepAdvance=1 stepRecede=1 timeStopStart=0 timeStopEnd=0 posStart=5954;324 posEnd=5954;324 posCurrent=5954;324 step=1 time=0 phase=979 channel=10 icon=89 
MoveObject: type=6 stepAdvance=1 stepRecede=1 timeStopStart=0 timeStopEnd=0 posStart=6082;968 posEnd=6082;968 posCurrent=6082;968 step=1 time=0 phase=979 channel=10 icon=25 
MoveObject: type=6 stepAdvance=1 stepRecede=1 timeStopStart=0 timeStopEnd=0 posStart=6018;968 posEnd=6018;968 posCurrent=6018;968 step=1 time=0 phase=979 channel=10 icon=25 
MoveObject: type=1 stepAdvance=40 stepRecede=40 timeStopStart=10 timeStopEnd=10 posStart=5760;384 posEnd=5760;640 posCurrent=5760;588 step=2 time=32 phase=979 channel=1 icon=29 
MoveObject: type=6 stepAdvance=1 stepRecede=1 timeStopStart=0 timeStopEnd=0 posStart=5954;968 posEnd=5954;968 posCurrent=5954;968 step=1 time=0 phase=979 channel=10 icon=25 
