DescFile: posDecor=3082;4820 dimDecor=100;100 world=0 music=1 region=25 blupiPos=3330;4998 blupiDir=2 
Decor: 
,,,,,,,,,,,,,,,,,,,,,,,,,,,,,,,,,,,,,,,,,,,,,,,,,,,,,,,,,,,,,,,,,,,,,,,,,,,,,,,,,,,,,,,,,,398,397,399,397,396,396,396,400,393,107
,,,,,,,,,,,,,,,,,,,,,,,,,,,,,,,,,,,,,,,,,,,,,,,,,,,,,,,,,,,,,,,,,,,,,,,,,,,,,,,,,,,,,,,,,,398,395,399,395,393,391,396,,,107
,,,,,,,,,,,,,,,,,,,,,,,,,,,,,,,,,,,,,,,,,,,,,,,,,,,,,,,,,,,,,,,,,,,,,,,,,,,,,,,,,,,,,,,,,,,,,,398,397,393,,,107
,,,,,,,,,,,,,,,,,,,,,,,,,,,,,,,,,,,,,,,,,,,,,,,,,,,,,,,,,,,,,,,,,,,,,,,,,,,,,,,,,,,,,,,,,,,,,,398,395,,,,107
,,,,,,,,,,,,,,,,,,,,,,,,,,,,,,,,,,,,,,,,,,,,,,,,,,,,,,,,,,,,,,,,,,,,,,,,,,,,,,,,,,,,,,,,,,,,,,,,,,,107
,,,,,,,,,,,,,,,,,,,,,,,,,,,,,,,,,,,,,,,,,,,,,,,,,,,,,,,,,,,,,,,,,,,,,,,,,,,,,,,,,,,,,,,,,,,,,,,,,,,107
,,,,,,,,,,,,,,,,,,,,,,,,,,,,,,,,,,,,,,,,,,,,,,,,,,,,,,,,,,,,,,,,,,,,,,,,,,,,,,,,,,,,,,,,,,,,,,,,,,,107
,,,,,,,,,,,,,,,,,,,,,,,,,,,,,,,,,,,,,,,,,,,,,,,,,,,,,,,,,,,,,,,,,,,,,,,,,,,,,,,,,,,,,,,,,,,,,,,,,,,107
,,,,,,,,,,,,,,,,,,,,,,,,,,,,,,,,,,,,,,,,,,,,,,,,,,,,,,,,,,,,,,,,,,,,,,,,,,,,,,,,,,,,,,,,,,,,,,398,394,,,,107
,,,,,,,,,,,,,,,,,,,,,,,,,,,,,,,,,,,,,,,,,,,,,,,,,,,,,,,,,,,,,,,,,,,,,,,,,,,,,,,,,,,,,,,,,,398,394,,,398,397,392,,,107
,,,,,,,,,,,,,,,,,,,,,,,,,,,,,,,,,,,,,,,,,,,,,,,,,,,,,,,,,,,,,,,,,,,,,,,,,,,,,,,,,,,,,,,,,,398,397,399,394,392,391,396,,,107
,,,,,,,,,,,,,,,,,,,,,,,,,,,,,,,,,,,,,,,,,,,,,,,,,,,,,,,,,,,,,,,,,,,,,,,,,,,,,,,,,,,,,,,,,,398,395,399,397,396,396,396,400,392,107
,,,,,,,,,,,,,,,,,,,,,,,,,,,,,,,,,,,,,,,,,,,,,,,,,,,,,,,,,,,,,,,,,,,,,,,,,,,,,,,,,,,,,,,,,,,,,397,396,391,396,391,390,107
,,,,,,,,,,,,,,,,,,,,,,,,,,,,,,,,,,,,,,,,,,,,,,,,,,,,,,,,,,,,,,,,,,,,,,,,,,,,,,,,,,,,,,,,,,398,394,399,397,396,396,396,,395,107
,,,,,,,,,,,,,,,,,,,,,,,,,,,,,,,,,,,,,,,,,,,,,,,,,,,,,,,,,,,,,,,,,,,,,,,,,,,,,,,,,,,,,,,,,,398,397,399,395,393,391,396,,,107
,,,,,,,,,,,,,,,,,,,,,,,,,,,,,,,,,,,,,,,,,,,,,,,,,,,,,,,,,,,,,,,,,,,,,,,,,,,,,,,,,,,,,,,,,,398,395,,,398,397,393,,,107
,,,,,,,,,,,,,,,,,,,,,,,,,,,,,,,,,,,,,,,,,,,,,,,,,,,,,,,,,,,,,,,,,,,,,,,,,,,,,,,,,,,,,,,,,,,,,,398,395,,,,107
,,,,,,,,,,,,,,,,,,,,,,,,,,,,,,,,,,,,,,,,,,,,,,,,,,,,,,,,,,,,,,,,,,,,,,,,,,,,,,,,,,,,,,,,,,,,,,,,,,,107
,,,,,,,,,,,,,,,,,,,,,,,,,,,,,,,,,,,,,,,,,,,,,,,,,,,,,,,,,,,,,,,,,,,,,,,,,,,,,,,,,,,,,,,,,,,,,,,,,,,107
,,,,,,,,,,,,,,,,,,,,,,,,,,,,,,,,,,,,,,,,,,,,,,,,,,,,,,,,,,,,,,,,,,,,,,,,,,,,,,,,,,,,,,,,,,,,,,,,,,,107
,,,,,,,,,,,,,,,,,,,,,,,,,,,,,,,,,,,,,,,,,,,,,,,,,,,,,,,,,,,,,,,,,,,,,,,,,,,,,,,,,,,,,,,,,,,,,,,,,,,107
,,,,,,,,,,,,,,,,,,,,,,,,,,,,,,,,,,,,,,,,,,,,,,,,,,,,,,,,,,,,,,,,,,,,,,,,,,,,,,,,,,,,,,,,,,,,,,398,394,,,,107
,,,,,,,,,,,,,,,,,,,,,,,,,,,,,,,,,,,,,,,,,,,,,,,,,,,,,,,,,,,,,,,,,,,,,,,,,,,,,,,,,,,,,,,,,,398,394,,,398,397,392,,,107
,,,,,,,,,,,,,,,,,,,,,,,,,,,,,,,,,,,,,,,,,,,,,,,,,,,,,,,,,,,,,,,,,,,,,,,,,,,,,,,,,,,,,,,,,,398,397,399,394,392,391,396,,,107
,,,,,,,,,,,,,,,,,,,,,,,,,,,,,,,,,,,,,,,,,,,,,,,,,,,,,,,,,,,,,,,,,,,,,,,,,,,,,,,,,,,,,398,394,392,392,392,392,393,399,397,396,396,396,400,392,107
,,,,,,,,,,,,,,,,,,,,,,,,,,,,,,,,,,,,,,,,,,,,,,,,,,,,,,,,,,,,,,,,,,,,,,,,,,,,,,,,,,,,,398,397,391,396,391,396,,,397,396,391,396,400,390,107
,,,,,,,,,,,,,,,,,,,,,,,,,,,,,,,,,,,,,,,,,,,,,,,,,,,,,,,,,,,,,,,,,,,,,,,,,,,,,,,,,,,,,398,395,393,393,393,393,392,399,397,396,396,396,400,393,107
,,,,,,,,,,,,,,,,,,,,,,,,,,,,,,,,,,,,,,,,,,,,,,,,,,,,,,,,,,,,,,,,,,,,,,,,,,,,,,,,,,,,,,,,,,,397,399,395,393,391,396,,,107
,,,,,,,,,,,,,,,,,,,,,,,,,,,,,,,,,,,,,,,,,,,,,,,,,,,,,,,,,,,,,,,,,,,,,,,,,,,,,,,,,,,,,,,,,,398,395,,,398,397,393,,,107
,,,,,,,,,,,,,,,,,,,,,,,,,,,,,,,,,,,,,,,,,,,,,,,,,,,,,,,,,,,,,,,,,,,,,,,,,,,,,,,,,,,,,,,,,,,,,,398,395,,,,107
,,,,,,,,,,,,,,,,,,,,,,,,,,,,,,,,,,,,,,,,,,,,,,,,,,,,,,,,,,,,,,,,,,,,,,,,,,,,,,,,,,,,,,,,,,,,,,,,,,,107
,,,,,,,,,,,,,,,,,,,,,,,,,,,,,,,,,,,,,,,,,,,,,,,,,,,,,,,,,,,,,,,,,,,,,,,,,,,,,,,,,,,,,,,,,,,,,,,,,,,107
,,,,,,,,,,,,,,,,,,,,,,,,,,,,,,,,,,,,,,,,,,,,,,,,,,,,,,,,,,,,,,,,,,,,,,,,,,,,,,,,,,,,,,,,,,,,,,,,,,,107
,,,,,,,,,,,,,,,,,,,,,,,,,,,,,,,,,,,,,,,,,,,,,,,,,,,,,,,,,,,,,,,,,,,,,,,,,,,,,,,,,,,,,,,,,,,,,,,,,,,107
,,,,,,,,,,,,,,,,,,,,,,,,,,,,,,,,,,,,,,,,,,,,,,,,,,,,,,,,,,,,,,,,,,,,,,,,,,,,,,,,,,,,,,,,,,,,,,398,394,,,,107
,,,,,,,,,,,,,,,,,394,392,392,392,392,392,392,392,392,392,392,392,392,392,392,392,392,392,392,392,392,392,,,,,,,,,,,,,,,,,,,,,,,,,,,,,,,,,,,,,,,,,,,,,,,,,,,,398,394,,,398,397,392,,,107
,,,,,,,,,,,,,,,,,397,396,396,396,396,396,396,396,396,396,396,396,396,396,396,396,396,396,396,396,396,396,,,,,,,,,,,,,,,,,,,,,,,,,,,,,,,,,,,,,,,,,,,,,,,,,,,,398,397,399,394,392,391,396,,,107
,,,,,,,,,,,,,,,,,397,396,396,396,396,396,396,396,396,396,396,396,396,396,396,396,396,396,396,396,396,396,,,,,,,,,,,,,,,,,,,,,,,,,,,,,,,,,,,,,,,,,,,,,,,,398,394,392,392,392,393,399,397,396,396,396,,394,107
,,,,,,,,,,,,,,,,,397,396,396,396,396,396,396,396,396,396,396,396,396,396,396,396,396,396,396,396,396,396,,,,,,,,,,,,,,,,,,,,,,,,,,,,,,,,,,,,,,,,,,,,,,,,398,397,396,391,396,,,397,396,391,396,391,396,107
,,,,,,,,,,,,,,,,,397,396,396,396,396,396,396,396,396,396,396,396,396,396,396,396,396,396,396,396,396,396,,,,,,,,,,,,,,,,,,,,,,,,,,,,,,,,,,,,,,,,,,,,,,,,398,395,393,393,393,392,399,397,396,396,396,400,393,107
,,,,,,,,,,,,,,,,,397,396,396,396,396,396,396,396,396,396,396,396,396,396,396,396,396,396,396,396,396,396,,,,,,,,,,,,,,,,,,,,,,,,,,,,,,,,,,,,,,,,,,,,,,,,,,,,398,397,399,395,393,391,396,,,107
,,,,,,,,,,,,,,,,,397,396,396,396,396,393,393,393,393,393,393,391,396,393,393,393,396,396,396,396,396,396,,,,,,,,,,,,,,,,,,,,,,,,,,,,,,,,,,,,,,,,,,387,392,392,392,392,,,,,,398,395,,,398,397,393,,,107
,,,,,,,,,,,,,,,,,397,396,396,396,396,143,143,143,401,201,201,398,395,401,,,397,396,396,396,396,396,,,,,,,,,,,,,,,,,,,,,,,,,,,,,,,,,,,,,,,,,,68,397,396,396,396,,,,,,,,,,398,395,,,,107
,,,,,,,,,,,,,,,,,397,396,396,396,396,143,140,,,201,139,,,,139,76,397,396,396,396,396,396,,,,,,,,,,,,,,,,,,,,,,,,,,,,,,,,,,,,,,,,,,68,397,396,396,396,,,,,,,,,,,,,,,107
,,,,,,,,,,,,,,,,,397,396,396,396,396,139,401,,,142,,,,,,378,397,396,396,396,396,396,,,,,,,,,,,,,,,,,,,,,,,,,,,,,,,,,,,,,,,,,,68,397,396,396,396,,,,,,,,,,,,,,,107
,,,,,,,,,,,,,,,,,397,396,396,396,391,,,,,,,141,140,,,,397,396,396,396,396,396,,,,,,,,,,,,,,,,,,,,,,,,,,,,,,,,,,,,,,,,,,68,397,396,396,396,,,,,,,,,,,,,,,107
,,,,,,,,,,,,,,,,,397,396,396,396,391,,,,139,,,140,142,140,,,397,396,396,396,396,396,,,,,,,,,,,,,,,,,,,,,,,,,,,,,,,,,,,,,,,,,,68,397,396,396,396,,,,,,,,,,,,,,,107
,,,,,,,,,,,,,,,,,397,396,396,396,401,,,141,143,,378,140,140,143,,,397,396,396,396,396,396,,,,,,,,,,,,,,,,,,,,,,,,,,,,,,,,,,,,,,,,,,68,397,396,396,396,,,,,,,,,,398,394,,,,107
,,,,,,,,,,,,,,,,,397,396,396,396,,,378,143,140,,378,142,143,143,,,397,396,396,396,396,396,,,,,,,,,,,,,,,,,,,,,,,,,,,,,,,,,,,,,,,,,,68,397,396,396,396,,,,,,,394,,,,397,392,,,107
,,,,,,,,,,,,,,,,,397,396,396,396,,,,141,141,,378,139,143,143,,378,397,396,396,396,396,396,,,,,,,,,,,,,,,,,,,,,,,,,,,,,,,,,,,,,,,,,,68,397,396,396,396,,,,,,,397,76,394,392,391,396,,,107
,,,,,,,,,,,,,,,,,397,396,396,396,391,,,,139,,,142,139,140,,378,397,396,396,396,396,396,,,,,,,,,,,,,,,,,,,,,,,,,,,,,,,,,,,,,,,,,,68,397,396,396,396,,,394,392,392,392,393,76,397,396,396,396,,394,107
,,,,,,,,,,,,,,,,,397,396,396,396,391,402,,,,,,140,141,401,,,397,396,396,396,396,396,,,,,,,,,,,,,,,,,,,,,,,,,,,,,,,,,,,,,,,,398,394,68,397,396,396,396,,,397,396,396,396,,,397,396,391,396,391,396,107
,,,,,,,,,,,,,,,,,397,396,396,396,396,143,,,,142,,,,,,,397,396,396,396,396,396,,,,,,,,,,,,,,,,,,,,,,,,,,,,,,,,,,,,,,398,394,398,397,392,396,396,396,396,,,395,393,393,393,392,76,397,396,396,396,,395,107
,,,,,,,,,,,,,,,,,397,396,396,396,396,142,141,,,201,139,,,,139,76,397,396,396,396,396,396,,,,,,,,,,,,,,,,,,,,,,,,,,,,,,,,,,,,,,398,397,400,396,396,396,396,396,396,,,,,,,397,76,395,393,391,396,,,107
,,,,,,,,,,,,,,,,,397,396,396,396,396,143,142,141,402,201,201,398,394,,,,397,396,396,396,396,396,,,,,,,,,,,,,,,,,,,,,,,,,,,,,,,,,,,,,,398,397,398,397,391,396,396,396,396,,,,,,,395,,,398,397,393,,,107
,,,,,,,,,,,,,,,,,397,396,396,396,396,392,392,392,392,392,392,391,396,76,394,392,396,396,396,396,396,396,,,,,,,,,,,,,,,,,,,,,,,,,,,,,,,,,,,,,,398,397,398,397,396,396,396,396,396,,,,,,,,,,398,395,,,,107
,,,,,,,,,,,,,,,,,397,396,396,396,396,396,396,396,396,396,396,396,396,76,397,396,396,396,396,396,396,396,,,,,,,,,,,,,,,,,,,,,,,,,,,,,,,,,,,,,,398,397,400,396,396,396,391,396,396,,,,,,,,,,,,,,,107
,,,,,,,,,,,,,,,,,397,396,396,396,396,396,396,396,396,396,396,396,396,403,397,396,396,396,396,396,396,396,,,,,,,,,,,,,,,,,,,,,,,,,,,398,394,,,,398,394,,,398,394,392,396,398,397,396,396,396,396,396,,,,,,,,,,,,,,,107
,,,,,,,,,,,,,,,,,397,396,396,396,396,396,396,396,396,396,396,396,391,,397,396,396,396,396,396,396,396,,,,,,,,,,,,,,,,,,,,,,,,,,,398,397,392,392,392,392,396,400,392,386,393,393,396,76,397,396,396,396,396,391,392,,,,,,,,,,,,,,107
,,,,,,,,,,,,,,,,,397,396,396,396,396,396,396,396,396,396,396,396,396,,397,396,396,396,396,396,396,396,,,,,,,,,,,,,,,,,,,,,,,,,,,398,397,396,393,393,396,391,398,397,,,398,395,76,397,396,396,396,396,396,396,392,,,,,,,,,,,,,107
,,,,,,,,,,,,,,,,,397,396,396,396,396,396,396,396,396,396,396,396,396,76,397,396,396,396,396,396,396,396,,,,,,,,,,,,,,,,,,,,,,,,,,,398,397,396,,398,397,391,398,397,,,,,,397,396,396,396,396,396,396,391,392,,,,,,,,,,,,107
,,,,,,,,,,,,,,,,,395,393,393,393,393,393,393,393,393,396,396,396,393,76,397,396,396,396,396,396,396,396,,,,,,,,,,,,,,,,,,,,,,,,,,,398,397,396,,398,397,400,400,396,,,,,,395,396,396,396,396,396,396,396,396,392,392,392,392,392,392,392,392,392,392,392,107
,,,,,,,,,,,,,,,,,,,,,,,,,398,397,396,393,,,397,396,396,396,396,396,396,396,,,,,,,,,,,,,,,,,,,,,,,,,,,398,397,396,,398,400,400,396,396,,,,,,92,397,396,396,396,396,396,396,396,396,396,396,396,396,396,396,396,396,396,396,107
,,,,,,,,,,,,,,,,,,,,,,,,,398,395,393,,,,397,396,396,396,396,396,396,396,,,,,,,,,,,,,,,,,,,,,,,,,,,398,397,396,,398,397,396,396,396,,,398,394,,92,397,396,396,396,396,396,396,396,396,396,396,396,396,396,396,396,396,396,396,107
,,,,,,,,,,,,,,,,,,,,,,,,,,,,,,,397,396,396,396,396,396,396,396,,,,,,,,,,,,,,,,,,,,,,,,,,,398,397,396,,398,397,396,396,396,,,398,395,,92,397,396,396,396,396,396,396,396,396,396,396,396,396,396,396,396,396,396,396,107
,,,,,,,,,,,,,,,,,,,,,,,,,,,,,,,397,396,396,396,396,396,396,396,,,,,,,,,,,,,,,,,,,,,,,,,,,398,397,396,,398,400,400,396,396,,,,,,92,397,396,396,396,396,396,396,396,396,396,396,396,396,396,396,396,396,396,396,107
,,,,,,,,,,,,,,,,,,,,,,,,,,,,,,,397,396,396,396,396,396,396,396,,,,,,,,,,,,,,,,,,,,,,,,,,,398,397,396,,398,397,400,400,396,,,,,,394,396,396,396,396,396,396,396,396,396,396,396,396,396,396,396,396,396,396,396,107
,,,,,,,,,,,,,,,,,,,,,,,,,,,,,,,397,396,396,396,396,396,396,396,,,,,,,,,,,,,,,,,,,,,,,,,,,398,397,396,,398,397,391,398,397,,,,,,397,396,396,396,396,396,396,396,396,396,393,393,393,393,393,393,393,393,393,393,107
,,,,,,,,,,,,,,,,,,,,,,,,,,,,,,,397,396,396,396,396,396,396,396,,,,,,,,,,,,,,,,,,,,,,,,,,,398,397,396,392,424,397,391,398,397,,,398,394,76,397,396,396,396,396,396,396,396,396,396,261,261,261,261,261,261,261,261,261,261,261
,,,,,,,,,,,,,,,,,,,,,,,,,,,,,,,397,396,396,396,396,396,396,396,,,,,,,,,,,,,,,,,,,,,,,,,,,398,397,396,396,76,397,396,400,396,392,392,392,396,76,397,396,396,396,396,396,396,396,396,396,261,261,261,261,261,261,261,261,261,261,261
,,,,,,,,,,,,,,,,,,,,,,,,,,,,,,,397,396,396,396,396,396,396,396,,,,,,,,,,,,,,,,,,,,,,,,,,,398,397,396,393,76,397,396,396,396,396,396,396,396,,397,396,396,396,396,396,396,396,396,396,261,261,261,261,261,261,261,261,261,261,261
,,,,,,,,,,,,,,,,,,,,,,,,,,,,398,394,399,397,396,396,396,396,396,396,396,,,,,,,,,,,,,,,,,,,,,,,,,,,398,397,396,401,,395,396,396,396,396,396,396,396,76,397,396,396,396,396,396,396,396,396,396,261,261,261,261,261,261,261,261,261,261,261
,,,,,,,,,,,,,,,,,,,,,,,,,,398,394,400,391,400,396,396,396,396,396,396,396,396,,,,,,,,,,,,,,,,,,,,,,,,,,,398,397,396,,,378,397,396,396,396,396,396,396,,397,396,396,396,396,396,396,396,396,396,261,261,261,261,261,261,261,261,261,261,261
,,,,,,,,,,,,,,,,,,,,,,,,,398,394,391,335,395,335,397,396,396,396,396,396,396,396,,,,,,,,,,,,,,,,,,,,,,,,,,,398,397,396,402,,394,396,396,396,396,396,396,396,,397,396,396,396,396,396,396,396,396,396,261,261,261,261,261,261,261,261,261,261,261
,,,,,,,,,,,,,,,,,,,,,,,,398,394,396,,,,,397,396,396,396,396,396,396,396,,,,,,,,394,392,392,392,392,392,392,392,392,392,392,392,392,392,392,392,392,392,392,392,396,396,392,76,397,396,396,396,396,396,396,396,,395,393,393,396,396,396,396,396,393,393,261,261,261,261,261,261,261,261,261,261,261
,,,,,,,,,,,,,,,,,,,,,,,398,387,396,391,,398,387,399,390,396,396,396,396,396,396,396,,,,,,,,397,396,396,396,396,396,396,396,396,396,396,396,396,396,396,396,396,396,396,396,396,396,396,,397,396,396,396,396,396,396,396,76,201,,378,397,396,396,396,396,,,261,261,261,261,261,261,261,261,261,261,261
,,,,,,,,,,,,,,,,,,,,,,,,398,395,396,,,,,397,396,396,396,396,396,396,396,,,,,,,,397,396,396,396,396,396,396,396,396,396,396,396,396,396,396,396,396,396,396,396,396,396,393,76,397,396,396,396,396,396,396,396,76,201,,387,396,396,396,396,396,,,261,261,261,261,261,261,261,261,261,261,261
,,,,,,,,,,,,,,,,,,,,,,,,,398,395,391,335,394,335,397,396,396,396,396,396,396,396,,,,,,,,397,396,396,396,396,396,396,396,396,396,396,396,396,396,396,396,396,396,396,396,396,396,401,,397,396,396,396,396,396,396,396,392,392,402,,395,396,396,396,396,,,261,261,261,261,261,261,261,261,261,261,261
,,,,,,,,,,,,,,,,,,,,,,,,,,398,395,400,391,400,396,396,396,396,396,396,396,396,,,,,,,,397,396,396,396,396,396,393,393,393,393,393,393,396,396,396,396,396,396,396,396,396,396,,378,397,396,396,396,396,396,396,396,396,396,392,,,395,396,396,396,,,261,261,261,261,261,261,261,261,261,261,261
,,,,,,,,,,,,,,,,,,,,,,,,,,,,398,395,399,397,396,396,396,396,396,396,396,,,,,,,,397,396,396,396,396,396,201,201,201,201,201,201,397,396,396,396,396,396,396,396,396,396,402,,397,396,396,396,396,396,396,396,396,396,396,392,,,395,393,393,201,201,261,261,263,263,263,261,261,261,261,261,261
,,,,,,,,,,,,,,,,,,,,,,,,,,,,,,,397,396,396,396,396,396,396,396,,,,,,,,397,396,396,396,396,396,,394,392,392,392,201,397,396,396,396,396,396,396,396,396,396,392,76,397,396,396,396,396,396,396,396,396,396,396,396,392,402,,403,201,,,261,261,201,201,201,201,261,263,92,91,261
,,,,,,,,,,,,,,,,,,,,,,,,,,,,,,,397,396,396,396,396,396,396,396,,,,,,,,397,396,396,396,396,393,,397,396,396,393,201,395,393,396,393,393,393,393,396,393,393,393,76,397,396,396,396,396,396,396,396,396,396,396,396,396,392,392,392,392,201,201,261,261,401,,,,261,401,92,91,261
,,,,,,,,,,,,,,,,,,,,,,,,,,,,,,,397,396,396,396,396,396,396,396,,,,,,,,397,396,396,396,396,401,,397,396,396,,,,,397,,,,,397,,,,,397,396,396,396,396,396,396,396,396,396,396,396,396,396,396,396,396,,,261,261,,,,,201,,92,91,261
,,,,,,,,,,,,,,,,,,,,,,,,,,,,,,,397,396,396,396,396,396,396,396,,,,,,,,397,396,396,396,396,,,395,396,396,,,,,395,,,,,395,,,,,397,396,396,396,396,396,396,396,396,396,396,396,396,396,396,396,396,,,261,261,,,,,201,,92,91,261
,,,,,,,,,,,,,,,,,,,,,,,,,,,,398,394,399,397,396,396,396,396,396,396,396,,,,,,,,397,396,396,396,396,,,,397,396,,,,,,,,,,,,,,,397,396,396,396,396,396,396,396,396,396,396,396,396,396,396,396,396,201,201,261,261,,,262,,201,,92,91,261
,,,,,,,,,,,,,,,,,,,,,,,,,,398,394,400,391,400,396,396,396,396,396,396,396,396,,,,,,,,397,396,396,396,396,,,,397,396,201,201,201,201,201,201,201,201,201,201,201,201,201,201,397,396,396,396,396,396,396,396,396,396,396,396,396,396,396,396,396,,,403,201,201,201,261,,201,,92,91,261
,,,,,,,,,,,,,,,,,,,,,,,,,398,394,391,428,395,428,397,396,396,396,396,396,396,396,,,,,,,,397,396,396,396,396,,,,397,396,,,,,,,,,,,,,,,397,396,396,396,396,396,396,396,396,396,396,396,396,396,396,396,396,,,261,261,,,261,,201,,92,91,261
,,,,,,,,,,,,,,,,,,,,,,,,398,394,396,,,,,397,396,396,396,396,396,396,396,,,,,,,,397,396,396,396,396,,,378,397,396,201,201,201,201,201,201,201,201,201,201,201,201,201,201,397,396,396,396,396,396,396,396,396,396,396,396,396,396,396,396,396,,,261,261,402,,261,402,201,403,261,261,261
,,,,,,,,,,,,,,,,,,,,,,,398,387,396,391,,398,387,399,390,396,396,396,396,396,396,396,392,392,392,392,392,392,392,396,396,396,396,396,,,,397,396,,,,,,,,,,,,,,,397,396,396,396,396,396,396,396,396,396,396,396,396,396,396,396,396,,,261,261,262,262,261,261,261,262,261,261,261
,,,,,,,,,,,,,,,,,,,,,,,,398,395,396,,,,,397,396,396,396,396,396,396,396,396,396,396,396,396,396,396,396,396,396,396,396,,,,397,396,201,201,201,201,201,201,201,201,201,201,201,201,201,201,397,396,396,396,396,396,396,396,396,396,396,396,396,396,396,396,396,,,261,261,261,261,261,261,261,261,261,261,261
,,,,,,,,,,,,,,,,,,,,,,,,,398,395,391,428,394,428,397,396,396,396,396,396,396,396,396,396,396,396,396,396,396,396,396,396,396,396,,394,76,395,393,,,,,,,,,,,,,,,397,396,396,396,396,396,396,396,396,396,396,396,396,396,396,396,396,201,201,261,261,261,261,261,261,261,261,261,261,261
,,,,,,,,,,,,,,,,,,,,,,,,,,398,395,400,391,400,396,396,396,396,396,396,396,396,396,396,396,396,396,396,396,396,396,396,396,396,,397,,201,201,201,201,201,201,201,201,201,201,201,201,201,201,201,201,397,396,396,396,396,396,396,396,396,396,396,396,396,396,396,396,396,392,392,261,261,261,261,261,261,261,261,261,261,261
,,,,,,,,,,,,,,,,,,,,,,,,,,,,398,395,399,397,396,396,396,396,396,396,396,396,396,396,396,396,396,396,396,396,396,396,396,,395,76,394,392,,,,,,,,,,,,,,,397,396,396,396,396,396,396,396,396,396,396,396,396,396,396,396,396,396,396,261,261,261,261,261,261,261,261,261,261,261
,,,,,,,,,,,,,,,,,,,,,,,,,,,,,,,397,396,396,396,396,396,396,396,396,396,396,396,396,396,396,396,396,396,396,396,402,,,397,396,,,,,394,,,,,394,,,,,397,396,396,396,396,396,396,396,396,396,396,396,396,396,396,396,396,396,396,261,261,261,261,261,261,261,261,261,261,261
,,,,,,,,,,,,,,,,,,,,,,,,,,,,,,,395,396,393,393,393,396,393,393,393,396,393,393,393,393,393,393,393,393,393,393,386,392,427,397,396,,,,,397,,,,,397,,,,,397,396,396,396,396,396,396,396,396,396,396,396,396,396,396,396,396,396,396,261,261,261,261,261,261,261,261,261,261,261
,,,,,,,,,,,,,,,,,,,398,387,,,398,387,,,398,387,,,398,395,401,51,398,395,,51,398,395,401,51,,,,51,,,,51,398,395,,397,396,392,392,392,392,396,392,392,392,392,396,392,392,392,76,397,396,396,396,396,396,396,396,396,396,396,396,396,396,396,396,396,396,396,261,261,261,261,261,261,261,261,261,261,261
,,,,,,,,,,,,,,,,,,,,51,398,394,,51,398,394,,51,398,394,,51,398,394,,51,398,394,,51,398,394,402,,398,394,,,398,394,402,51,,397,396,396,396,396,396,396,396,396,396,396,396,396,396,396,76,397,396,396,396,396,396,396,396,396,396,396,396,396,396,396,396,396,396,396,261,261,261,261,261,261,261,261,261,261,261
,,,,,,,,,,,,,394,392,392,392,392,392,392,392,392,396,392,392,392,396,392,392,392,396,392,392,392,396,392,392,392,396,392,392,392,396,392,392,392,396,392,392,392,396,392,392,392,396,396,396,396,396,396,396,396,396,396,396,396,396,396,396,392,396,396,396,396,396,396,396,396,396,396,396,396,396,396,396,396,396,396,396,261,261,261,261,261,261,261,261,261,261,261
,,,,,,,,,,,,,397,396,396,396,396,396,396,396,396,396,396,396,396,396,396,396,396,396,396,396,396,396,396,396,396,396,396,396,396,396,396,396,396,396,396,396,396,396,396,396,396,396,396,396,396,396,396,396,396,396,396,396,396,396,396,396,396,396,396,396,396,396,396,396,396,396,396,396,396,396,396,396,396,396,396,396,261,261,261,261,261,261,261,261,261,261,261
,,,,,,,,,,,,,397,396,396,396,396,396,396,396,396,396,396,396,396,396,396,396,396,396,396,396,396,396,396,396,396,396,396,396,396,396,396,396,396,396,396,396,396,396,396,396,396,396,396,396,396,396,396,396,396,396,396,396,396,396,396,396,396,396,396,396,396,396,396,396,396,396,396,396,396,396,396,396,396,396,396,396,261,261,261,261,261,261,261,261,261,261,261
BigDecor: 
,,,,,,,,,,,,,,,,,,,,,,,,,,,,,,,,,,,,,,,,,,,,,,,,,,,,,,,,,,,,,,,,,,,,,,,,,,,,,,,,,,,,,,,,,,,,,,,,,,,
,,,,,,,,,,,,,,,,,,,,,,,,,,,,,,,,,,,,,,,,,,,,,,,,,,,,,,,,,,,,,,,,,,,,,,,,,,,,,,,,,,,,,,,,,,,,,,,,,87,,
,,,,,,,,,,,,,,,,,,,,,,,,,,,,,,,,,,,,,,,,,,,,,,,,,,,,,,,,,,,,,,,,,,,,,,,,,,,,,,,,,,,,,,,,,,,,,,,,,,,
,,,,,,,,,,,,,,,,,,,,,,,,,,,,,,,,,,,,,,,,,,,,,,,,,,,,,,,,,,,,,,,,,,,,,,,,,,,,,,,,,,,,,,,,,,,,,,,,,,,
,,,,,,,,,,,,,,,,,,,,,,,,,,,,,,,,,,,,,,,,,,,,,,,,,,,,,,,,,,,,,,,,,,,,,,,,,,,,,,,,,,,,,,,,,,,,,,,,,,,
,,,,,,,,,,,,,,,,,,,,,,,,,,,,,,,,,,,,,,,,,,,,,,,,,,,,,,,,,,,,,,,,,,,,,,,,,,,,,,,,,,,,,,,,,,,,,,,,,,,
,,,,,,,,,,,,,,,,,,,,,,,,,,,,,,,,,,,,,,,,,,,,,,,,,,,,,,,,,,,,,,,,,,,,,,,,,,,,,,,,,,,,,,,,,,,,,,,,,,,
,,,,,,,,,,,,,,,,,,,,,,,,,,,,,,,,,,,,,,,,,,,,,,,,,,,,,,,,,,,,,,,,,,,,,,,,,,,,,,,,,,,,,,,,,,,,,,,,,,,
,,,,,,,,,,,,,,,,,,,,,,,,,,,,,,,,,,,,,,,,,,,,,,,,,,,,,,,,,,,,,,,,,,,,,,,,,,,,,,,,,,,,,,,,,,,,,,,,,,,
,,,,,,,,,,,,,,,,,,,,,,,,,,,,,,,,,,,,,,,,,,,,,,,,,,,,,,,,,,,,,,,,,,,,,,,,,,,,,,,,,,,,,,,,,,,,,,,,,87,,
,,,,,,,,,,,,,,,,,,,,,,,,,,,,,,,,,,,,,,,,,,,,,,,,,,,,,,,,,,,,,,,,,,,,,,,,,,,,,,,,,,,,,,,,,,,,,,,,,,,
,,,,,,,,,,,,,,,,,,,,,,,,,,,,,,,,,,,,,,,,,,,,,,,,,,,,,,,,,,,,,,,,,,,,,,,,,,,,,,,,,,,,,,,,,,,,,,,,,,,
,,,,,,,,,,,,,,,,,,,,,,,,,,,,,,,,,,,,,,,,,,,,,,,,,,,,,,,,,,,,,,,,,,,,,,,,,,,,,,,,,,,,,,,,,,,,,,,,,,,
,,,,,,,,,,,,,,,,,,,,,,,,,,,,,,,,,,,,,,,,,,,,,,,,,,,,,,,,,,,,,,,,,,,,,,,,,,,,,,,,,,,,,,,,,,,,,,,,,,,
,,,,,,,,,,,,,,,,,,,,,,,,,,,,,,,,,,,,,,,,,,,,,,,,,,,,,,,,,,,,,,,,,,,,,,,,,,,,,,,,,,,,,,,,,,,,,,,,,87,,
,,,,,,,,,,,,,,,,,,,,,,,,,,,,,,,,,,,,,,,,,,,,,,,,,,,,,,,,,,,,,,,,,,,,,,,,,,,,,,,,,,,,,,,,,,,,,,,,,,,
,,,,,,,,,,,,,,,,,,,,,,,,,,,,,,,,,,,,,,,,,,,,,,,,,,,,,,,,,,,,,,,,,,,,,,,,,,,,,,,,,,,,,,,,,,,,,,,,,,,
,,,,,,,,,,,,,,,,,,,,,,,,,,,,,,,,,,,,,,,,,,,,,,,,,,,,,,,,,,,,,,,,,,,,,,,,,,,,,,,,,,,,,,,,,,,,,,,,,,,
,,,,,,,,,,,,,,,,,,,,,,,,,,,,,,,,,,,,,,,,,,,,,,,,,,,,,,,,,,,,,,,,,,,,,,,,,,,,,,,,,,,,,,,,,,,,,,,,,,,
,,,,,,,,,,,,,,,,,,,,,,,,,,,,,,,,,,,,,,,,,,,,,,,,,,,,,,,,,,,,,,,,,,,,,,,,,,,,,,,,,,,,,,,,,,,,,,,,,,,
,,,,,,,,,,,,,,,,,,,,,,,,,,,,,,,,,,,,,,,,,,,,,,,,,,,,,,,,,,,,,,,,,,,,,,,,,,,,,,,,,,,,,,,,,,,,,,,,,,,
,,,,,,,,,,,,,,,,,,,,,,,,,,,,,,,,,,,,,,,,,,,,,,,,,,,,,,,,,,,,,,,,,,,,,,,,,,,,,,,,,,,,,,,,,,,,,,,,,,,
,,,,,,,,,,,,,,,,,,,,,,,,,,,,,,,,,,,,,,,,,,,,,,,,,,,,,,,,,,,,,,,,,,,,,,,,,,,,,,,,,,,,,,,,,,,,,,,,,87,,
,,,,,,,,,,,,,,,,,,,,,,,,,,,,,,,,,,,,,,,,,,,,,,,,,,,,,,,,,,,,,,,,,,,,,,,,,,,,,,,,,,,,,,,,,,,,,,,,,,,
,,,,,,,,,,,,,,,,,,,,,,,,,,,,,,,,,,,,,,,,,,,,,,,,,,,,,,,,,,,,,,,,,,,,,,,,,,,,,,,,,,,,,,,,,,,,,,,,,,,
,,,,,,,,,,,,,,,,,,,,,,,,,,,,,,,,,,,,,,,,,,,,,,,,,,,,,,,,,,,,,,,,,,,,,,,,,,,,,,,,,,,,,,,,,,,,,,,,,,,
,,,,,,,,,,,,,,,,,,,,,,,,,,,,,,,,,,,,,,,,,,,,,,,,,,,,,,,,,,,,,,,,,,,,,,,,,,,,,,,,,,,,,,,,,,,,,,,,,,,
,,,,,,,,,,,,,,,,,,,,,,,,,,,,,,,,,,,,,,,,,,,,,,,,,,,,,,,,,,,,,,,,,,,,,,,,,,,,,,,,,,,,,,,,,,,,,,,,,87,,
,,,,,,,,,,,,,,,,,,,,,,,,,,,,,,,,,,,,,,,,,,,,,,,,,,,,,,,,,,,,,,,,,,,,,,,,,,,,,,,,,,,,,,,,,,,,,,,,,,,
,,,,,,,,,,,,,,,,,,,,,,,,,,,,,,,,,,,,,,,,,,,,,,,,,,,,,,,,,,,,,,,,,,,,,,,,,,,,,,,,,,,,,,,,,,,,,,,,,,,
,,,,,,,,,,,,,,,,,,,,,,,,,,,,,,,,,,,,,,,,,,,,,,,,,,,,,,,,,,,,,,,,,,,,,,,,,,,,,,,,,,,,,,,,,,,,,,,,,,,
,,,,,,,,,,,,,,,,,,,,,,,,,,,,,,,,,,,,,,,,,,,,,,,,,,,,,,,,,,,,,,,,,,,,,,,,,,,,,,,,,,,,,,,,,,,,,,,,,,,
,,,,,,,,,,,,,,,,,,,,,,,,,,,,,,,,,,,,,,,,,,,,,,,,,,,,,,,,,,,,,,,,,,,,,,,,,,,,,,,,,,,,,,,,,,,,,,,,,,,
,,,,,,,,,,,,,,,,,,,,,,,,,,,,,,,,,,,,,,,,,,,,,,,,,,,,,,,,,,,,,,,,,,,,,,,,,,,,,,,,,,,,,,,,,,,,,,,,,,,
,,,,,,,,,,,,,,,,,,,,,,,,,,,,,,,,,,,,,,,,,,,,,,,,,,,,,,,,,,,,,,,,,,,,,,,,,,,,,,,,,,,,,,,,,,,,,,,,,,,
,,,,,,,,,,,,,,,,,,,,,,,,,,,,,,,,,,,,,,,,,,,,,,,,,,,,,,,,,,,,,,,,,,,,,,,,,,,,,,,,,,,,,,,,,,,,,,,,,87,,
,,,,,,,,,,,,,,,,,,,,,,,,,,,,,,,,,,,,,,,,,,,,,,,,,,,,,,,,,,,,,,,,,,,,,,,,,,,,,,,,,,,,,,,,,,,,,,,,,,,
,,,,,,,,,,,,,,,,,,,,,,,,,,,,,,,,,,,,,,,,,,,,,,,,,,,,,,,,,,,,,,,,,,,,,,,,,,,,,,,,,,,,,,,,,,,,,,,,,,,
,,,,,,,,,,,,,,,,,,,,,,,,,,,,,,,,,,,,,,,,,,,,,,,,,,,,,,,,,,,,,,,,,,,,,,,,,,,,,,,,,,,,,,,,,,,,,,,,,,,
,,,,,,,,,,,,,,,,,,,,,,,,,,,,,,,,,,,,,,,,,,,,,,,,,,,,,,,,,,,,,,,,,,,,,,,,,,,,,,,,,,,,,,,,,,,,,,,,,,,
,,,,,,,,,,,,,,,,,,,,,,,,,,,,,,,,,,,,,,,,,,,,,,,,,,,,,,,,,,,,,,,,,,,,,,,,,,,,,,,,,,,,,,,,,,,,,,,,,87,,
,,,,,,,,,,,,,,,,,,,,,,,,,,,,,,,,,,,,,,,,,,,,,,,,,,,,,,,,,,,,,,,,,,,,,,,,,,,,,,,,,,,,,,,,,,,,,,,,,,,
,,,,,,,,,,,,,,,,,,,,,,,,,,,,,,,,,,,,,,,,,,,,,,,,,,,,,,,,,,,,,,,,,,,,,,,,,,,,,,,,,,,,,,,,,,,,,,,,,,,
,,,,,,,,,,,,,,,,,,,,,,,,,,,,,,,,,,,,,,,,,,,,,,,,,,,,,,,,,,,,,,,,,,,,,,,,,,,,,,,,,,,,,,,,,,,,,,,,,,,
,,,,,,,,,,,,,,,,,,,,,,,,,,,,,,,,,,,,,,,,,,,,,,,,,,,,,,,,,,,,,,,,,,,,,,,,,,,,,,,,,,,,,,,,,,,,,,,,,,,
,,,,,,,,,,,,,,,,,,,,,,,,,,,,,,,,,,,,,,,,,,,,,,,,,,,,,,,,,,,,,,,,,,,,,,,,,,,,,,,,,,,,,,,,,,,,,,,,,,,
,,,,,,,,,,,,,,,,,,,,,,,,,,,,,,,87,,,,,,,,,,,,,,,,,,,,,,,,,,,,,,,,,,,,,,,,,,,,,,,,,,,,,,,,,,,,,,,,,,,,
,,,,,,,,,,,,,,,,,,,,,,,,,,87,,,,,,,,,,,,,,,,,,,,,,,,,,,,,,,,,,,,,,,,,,,,,,,,,,,,,,,,,,,,,,,,,,,,,,,,,
,,,,,,,,,,,,,,,,,,,,,,,,,,87,,,,,,,,,,,,,,,,,,,,,,,,,,,,,,,,,,,,,,,,,,,,,,,,,,,,,,,,,,,,,,,,,,,,,,,87,,
,,,,,,,,,,,,,,,,,,,,,,,,,,,,,,,87,,,,,,,,,,,,,,,,,,,,,,,,,,,,,,,,,,,,,,,,,,,,,,,,,,,,,,,,,,,,,,,,,,,,
,,,,,,,,,,,,,,,,,,,,,,,,,,,,,,,,,,,,,,,,,,,,,,,,,,,,,,,,,,,,,,,,,,,,,,,,,,,,,,,,,,,,,,,,,,,,,,,,,,,
,,,,,,,,,,,,,,,,,,,,,,,,,,,,,,,,,,,,,,,,,,,,,,,,,,,,,,,,,,,,,,,,,,,,,,,,,,,,,,,,,,,,,,,,,,,,,,,,,,,
,,,,,,,,,,,,,,,,,,,,,,,,,,,,,,,,,,,,,,,,,,,,,,,,,,,,,,,,,,,,,,,,,,,,,,,,,,,,,,,,,,,,,,,,,,,,,,,,,,,
,,,,,,,,,,,,,,,,,,,,,,,,,,,,,,,,,,,,,,,,,,,,,,,,,,,,,,,,,,,,,,,,,,,,,,,,,,,,,,,,,,,,,,,,,,,,,,,,,87,,
,,,,,,,,,,,,,,,,,,,,,,,,,,,,,,,,,,,,,,,,,,,,,,,,,,,,,,,,,,,,,,,,,,,,,,,,,,,,,,,,,,,,,,,,,,,,,,,,,,,
,,,,,,,,,,,,,,,,,,,,,,,,,,,,,,,,,,,,,,,,,,,,,,,,,,,,,,,,,,,,,,,,,,,,,,,,,,,,,,,,,,,,,,,,,,,,,,,,,,,
,,,,,,,,,,,,,,,,,,,,,,,,,,,,,,,,,,,,,,,,,,,,,,,,,,,,,,,,,,,,,,,,,,,,,,,,,,,,,,,,,,,,,,,,,,,,,,,,,,,
,,,,,,,,,,,,,,,,,,,,,,,,,,,,,,,,,,,,,,,,,,,,,,,,,,,,,,,,,,,,,,,,,,,,,,,,,,,,,,,,,,,,,,,,,,,,,,,,,,,
,,,,,,,,,,,,,,,,,,,,,,,,,,,,,,,,,,,,,,,,,,,,,,,,,,,,,,,,,,,,,,,,,,,,,,,,,,,,,,,,,,,,,,,,,,,,,,,,,,,
,,,,,,,,,,,,,,,,,,,,,,,,,,,,,,,,,,,,,,,,,,,,,,,,,,,,,,,,,,,,,,,,,,,,,,,,,,,,,,,,,,,,,,,,,,,,,,,,,,,
,,,,,,,,,,,,,,,,,,,,,,,,,,,,,,,,,,,,,,,,,,,,,,,,,,,,,,,,,,,,,,,,,,,,87,,,,,,,,,23,,,,,,,,,,,,,,,,,,,,,,
,,,,,,,,,,,,,,,,,,,,,,,,,,,,,,,,,,,,,,,,,,,,,,,,,,,,,,,,,,,,,,,,,,,,,,,,,,,,,,,,,,,,,,,,,,,,,,,,,,,
,,,,,,,,,,,,,,,,,,,,,,,,,,,,,,,,,,,,,,,,,,,,,,,,,,,,,,,,,,,,,,,,,,,,,,,,,,,,,,,,,,,,,,,,,,,,,,,,,,,
,,,,,,,,,,,,,,,,,,,,,,,,,,,,,23,,,,,,,,,,,,,,,,,,,,,,,,,,,,,,,,,,,,,,,87,,,,,,,89,,,87,,,,,,,,,,,,,,,,,,,,,
,,,,,,,,,,,,,,,,,,,,,,,,,,,,,88,,,,,,,,,,,,,,,,,,,,,,,,,,,,,,,,,,,,,,,,,,,,,,,,,,,,,,,,,,,,,,,,,,,,,,
,,,,,,,,,,,,,,,,,,,,,,,,,,,,,24,,,,,,,,,,,,,,,,,,,,,,,,,,,,,,,,,,,,,,,,,,,,,,,,,,,,,,,,,,,,,,,,,,,,,,
,,,,,,,,,,,,,,,,,,,,,,,,,,,,,,,,,,,,,,,,,,,,,,,,,,,,,,,,,,,,,,,,,,,,87,,,,,,,,,25,,,,,,,,,,,,,,,,,,,,,,
,,,,,,,,,,,,,,,,,,,,,,,,,,,,,,,,,,,,,,,,,,,,,,,,,,,,,,,,,,,,,,,,,,,,,,,,,,,,,,,,,,,,,,,,,,,,,,,,,,,
,,,,,,,,,,,,,,,,,,,,,,,,,,,,,,,,,,,,,,,,,,,,,,,,,,,,,,,,,,,,,,,,,,,,,,,,,,,,,,,,,,,,,,,,,,,,,,,,,,,
,,,,,,,,,,,,,,,,,,,,,,,,,,,,,,,,,,,,,,,,,,,,,,,,,,,,,,,,,,,,,,,,,,,,,,,,,,,,,,,,,,,,,,,,,,,,,,,,,,,
,,,,,,,,,,,,,,,,,,,,,,,,,,,,,,,,,,,,,,,,,,,,,,,,,,,,,,,,,,,,,,,,,,,,,,,,,,,,,,,,,,,,,,,,,,,,,,,,,,,
,,,,,,,,,,,,,,,,,,,,,,,,,,,,,,,,,,,,,,,,,,,,,,,,,,,,,,,,,,,,,,,,,,,,,,,,,,,,,,,,,,,,,,,,,,,,,,,,,,,
,,,,,,,,,,,,,,,,,,,,,,,,,,,,,,,,,,,,,,,,,,,,,,,,,,,,,,,,,,,,,,,,,,,,,,,,,,,,,,,,,,,,,,,,,,,,,,,,,,,
,,,,,,,,,,,,,,,,,,,,,,,,,,,,,,,,,,,,,,,,,,,,,,,,,,,,,,,,,,,,,,,,,,,,,,,,,,,,,,,,,,,,,,,,,,,,,,,,,,,
,,,,,,,,,,,,,,,,,,,,,,,,,,,,,,,,,,,,,,,,,,,,,,,,,,,,,,,,,,,,,,,,,,,,,,,,,,,,,,,,,,,,,,,,,,,,,,,,,,,
,,,,,,,,,,,,,,,,,,,,,,,,,,,,,,,,,,,,,,,,,,,,,,,,,,,,,,,,,,,,,,,,,,,,,,,,,,,,,,,,,,,,,,,,,,,,,,,,,,,
,,,,,,,,,,,,,,,,,,,,,,,,,,,,,,,,,,,,,,,,,,,,,,,,,,,,,,,,,,,,,,,,,,,,,,,,,,,,,,,,,,,,,,,,,,,,,,,,,,,
,,,,,,,,,,,,,,,,,,,,,,,,,,,,,,,,,,,,,,,,,,,,,,,,,,,,,,,,,,,,,,,,,,,,,,,,,,,,,,,,,,,,,,,,,,,,,,,,,,,
,,,,,,,,,,,,,,,,,,,,,,,,,,,,,,,,,,,,,,,,,,,,,,,,,,,,,,,,,,,,,,,,,,,,,,,,,,,,,,,,,,,,,,,,,,,,,,,,,,,
,,,,,,,,,,,,,,,,,,,,,,,,,,,,,,,,,,,,,,,,,,,,,,,,,,,,,,,,,,,,,,,,,,,,,,,,,,,,,,,,,,,,,,,,,,,,,,,,,,,
,,,,,,,,,,,,,,,,,,,,,,,,,,,,,,,,,,,,,,,,,,,,,,,,,,,,,,,,,,,,,,,,,,,,,,,,,,,,,,,,,,,,,,,,,,,,,,,,,,203,
,,,,,,,,,,,,,,,,,,,,,,,,,,,,,,,,,,,,,,,,,,,,,,,,,,,,,,,,,,,,,,,,,,,,,,,,,,,,,,,,,,,,,,,,,,,,,,,,,,,
,,,,,,,,,,,,,,,,,,,,,,,,,,,,,,,,,,,,,,,,,,,,,,,,,,,,,,,,,,28,,,,,29,,,,,,,,,,,,,,,,,,,,,,,,,,,,,,,,,,,203,
,,,,,,,,,,,,,,,,,,,,,,,,,,,,,,,,,,,,,,,,,,,,,,,,,,,,,,,,,,,,,,,,,,,,30,,,,,,,,,,,,,,,,,,,,,,,,,,,,,,,
,,,,,,,,,,,,,,,,,,,,,,,,,,,,,,,,,,,,,,,,,,,,,,,,,,,,,,,,,,,,,,,,,,,,,,,,,,,,,,,,,,,,,,,,,,,,,,,,,,,
,,,,,,,,,,,,,,,,,,,,,,,,,,,,,,,,,,,,,,,,,,,,,,,,,,,,,,,,,,,,,,,,,,,,,,,,,,,,,,,,,,,,,,,,,,,,,,,,,,203,
,,,,,,,,,,,,,,,,,,,,,,,,,,,,,,,,,,,,,,,,,,,,,,,,,,,,,,,,,,,,,,,,,,,,,,,,,,,,,,,,,,,,,,,,,,,,,,,,,,,
,,,,,,,,,,,,,,,,,,,,,,,,,,,,,,,,,,,,,,,,,,,,,,,,,,,,,,,,,,,,,,,,,,,,,,,,,,,,,,,,,,,,,,,,,,,,,,,,,,,
,,,,,,,,,,,,,,,,,,,,,,,,,,,,,,,,,,,,,,,,,,,,,,,,,,,,,,,,,,,,,,,,,,,,,,,,,,,,,,,,,,,,,,,,,,,,,,,,,,,
,,,,,,,,,,,,,,,,,,,,,,,,,,,,,,,,,,,,,,,,,,,,,,,,,,,,,,,,,,,,,,,,,,,,,,,,,,,,,,,,,,,,,,,,,,,,,,,,,,,
,,,,,,,,,,,,,,,,,,,,,,,,,,,,,,,,,,,,,,,,,,,,,,,,,,,,,,,,,,,,,,,,,,,,,,,,,,,,,,,,,,,,,,,,,,,,,,,,,,,
,,,,,,,,,,,,,,,,,,,,,,,,,,,,,,,,,,,,,,,,,,,,,,,,,,,,,,,,,,,,,,,,,,,,,,,,,,,,,,,,,,,,,,,,,,,,,,,,,,,
,,,,,,,,,,,,,,,,,,,,,,,,,,,,,,,,,,,,,,,,,,,,,,,,,,,,,,,,,,,,,,,,,,,,30,,,,,,,,,,,,,,,,,,,,,,,,,,,,,,,
,,,,,,,,,,,,,,,,,,,,,,,,,,,,,,,,,,,,,,,,,,,,,,,,,,,,,,,,,,28,,,,,29,,,,,,,,,,,,,,,,,,,,,,,,,,,,,,,,,,,,
,,,,,,,,,,,,,,,,,,,,,,,,,,,,,,,,,,,,,,,,,,,,,,,,,,,,,,,,,,,,,,,,,,,,,,,,,,,,,,,,,,,,,,,,,,,,,,,,,,,
,,,,,,,,,,,,,,,,,,,,,,,,,,,,,,,,,,,,,,,,,,,,,,,,,,,,,,,,,,,,,,,,,,,,,,,,,,,,,,,,,,,,,,,,,,,,,,,,,,,
,,,,,,,,,,,,,,,,,,,,,,,,,,,,,,,,,,,,,,,,,,,,,,,,,,,,,,,,,,,,,,,,,,,,,,,,,,,,,,,,,,,,,,,,,,,,,,,,,,,
,,,,,,,,,,,,,,,,,,,,,,,,,,,,,,,,,,,,,,,,,,,,,,,,,,,,,,,,,,,,,,,,,,,,,,,,,,,,,,,,,,,,,,,,,,,,,,,,,,,
,,,,,,,,,,,,,,,,,,,,,,,,,,,,,,,,,,,,,,,,,,,,,,,,,,,,,,,,,,,,,,,,,,,,,,,,,,,,,,,,,,,,,,,,,,,,,,,,,,,
,,,,,,,,,,,,,,,,,,,,,,,,,,,,,,,,,,,,,,,,,,,,,,,,,,,,,,,,,,,,,,,,,,,,,,,,,,,,,,,,,,,,,,,,,,,,,,,,,,,
MoveObject: type=12 stepAdvance=1 stepRecede=1 timeStopStart=0 timeStopEnd=0 posStart=4480;4992 posEnd=4480;4992 posCurrent=4480;4992 step=1 time=0 phase=3568 channel=1 icon=32 
MoveObject: type=12 stepAdvance=1 stepRecede=1 timeStopStart=0 timeStopEnd=0 posStart=5568;5888 posEnd=5568;5888 posCurrent=5568;5888 step=1 time=0 phase=3568 channel=1 icon=32 
MoveObject: type=12 stepAdvance=1 stepRecede=1 timeStopStart=0 timeStopEnd=0 posStart=5184;6016 posEnd=5184;6016 posCurrent=5184;6016 step=1 time=0 phase=3568 channel=1 icon=33 
MoveObject: type=12 stepAdvance=1 stepRecede=1 timeStopStart=0 timeStopEnd=0 posStart=5632;5632 posEnd=5632;5632 posCurrent=5632;5632 step=1 time=0 phase=3568 channel=1 icon=33 
MoveObject: type=12 stepAdvance=1 stepRecede=1 timeStopStart=0 timeStopEnd=0 posStart=5696;5632 posEnd=5696;5632 posCurrent=5696;5632 step=1 time=0 phase=3568 channel=1 icon=32 
MoveObject: type=12 stepAdvance=1 stepRecede=1 timeStopStart=0 timeStopEnd=0 posStart=5696;5568 posEnd=5696;5568 posCurrent=5696;5568 step=1 time=0 phase=3568 channel=1 icon=32 
MoveObject: type=12 stepAdvance=1 stepRecede=1 timeStopStart=0 timeStopEnd=0 posStart=5248;5632 posEnd=5248;5632 posCurrent=5248;5632 step=1 time=0 phase=3568 channel=1 icon=32 
MoveObject: type=12 stepAdvance=1 stepRecede=1 timeStopStart=0 timeStopEnd=0 posStart=4992;5632 posEnd=4992;5632 posCurrent=4992;5632 step=1 time=0 phase=3568 channel=1 icon=32 
MoveObject: type=12 stepAdvance=1 stepRecede=1 timeStopStart=0 timeStopEnd=0 posStart=4928;5632 posEnd=4928;5632 posCurrent=4928;5632 step=1 time=0 phase=3568 channel=1 icon=33 
MoveObject: type=12 stepAdvance=1 stepRecede=1 timeStopStart=0 timeStopEnd=0 posStart=4864;5632 posEnd=4864;5632 posCurrent=4864;5632 step=1 time=0 phase=3568 channel=1 icon=33 
MoveObject: type=12 stepAdvance=1 stepRecede=1 timeStopStart=0 timeStopEnd=0 posStart=4928;5568 posEnd=4928;5568 posCurrent=4928;5568 step=1 time=0 phase=3568 channel=1 icon=33 
MoveObject: type=12 stepAdvance=1 stepRecede=1 timeStopStart=0 timeStopEnd=0 posStart=4800;5632 posEnd=4800;5632 posCurrent=4800;5632 step=1 time=0 phase=3568 channel=1 icon=33 
MoveObject: type=12 stepAdvance=1 stepRecede=1 timeStopStart=0 timeStopEnd=0 posStart=5120;3328 posEnd=5120;3328 posCurrent=5120;3328 step=1 time=0 phase=3568 channel=1 icon=32 
MoveObject: type=12 stepAdvance=1 stepRecede=1 timeStopStart=0 timeStopEnd=0 posStart=5184;3328 posEnd=5184;3328 posCurrent=5184;3328 step=1 time=0 phase=3568 channel=1 icon=32 
MoveObject: type=12 stepAdvance=1 stepRecede=1 timeStopStart=0 timeStopEnd=0 posStart=5632;3392 posEnd=5632;3392 posCurrent=5632;3392 step=1 time=0 phase=3568 channel=1 icon=32 
MoveObject: type=6 stepAdvance=1 stepRecede=1 timeStopStart=0 timeStopEnd=0 posStart=2;5768 posEnd=2;5768 posCurrent=2;5768 step=1 time=0 phase=3568 channel=10 icon=24 
MoveObject: type=1 stepAdvance=30 stepRecede=30 timeStopStart=10 timeStopEnd=10 posStart=5440;5952 posEnd=5440;5760 posCurrent=5440;5767 step=2 time=29 phase=3568 channel=1 icon=261 
MoveObject: type=1 stepAdvance=30 stepRecede=30 timeStopStart=10 timeStopEnd=10 posStart=5120;5696 posEnd=5120;5504 posCurrent=5120;5511 step=2 time=29 phase=3568 channel=1 icon=261 
MoveObject: type=6 stepAdvance=1 stepRecede=1 timeStopStart=0 timeStopEnd=0 posStart=4418;4616 posEnd=4418;4616 posCurrent=4418;4616 step=1 time=0 phase=3568 channel=10 icon=24 
MoveObject: type=5 stepAdvance=1 stepRecede=1 timeStopStart=0 timeStopEnd=0 posStart=5954;3780 posEnd=5954;3780 posCurrent=5954;3780 step=1 time=0 phase=3568 channel=10 icon=1 
MoveObject: type=5 stepAdvance=1 stepRecede=1 timeStopStart=0 timeStopEnd=0 posStart=5314;3780 posEnd=5314;3780 posCurrent=5314;3780 step=1 time=0 phase=3568 channel=10 icon=1 
MoveObject: type=1 stepAdvance=80 stepRecede=80 timeStopStart=10 timeStopEnd=10 posStart=5824;4032 posEnd=5824;3520 posCurrent=5824;3642 step=2 time=61 phase=3568 channel=1 icon=387 
MoveObject: type=5 stepAdvance=1 stepRecede=1 timeStopStart=0 timeStopEnd=0 posStart=5314;4100 posEnd=5314;4100 posCurrent=5314;4100 step=1 time=0 phase=3568 channel=10 icon=1 
MoveObject: type=1 stepAdvance=50 stepRecede=50 timeStopStart=10 timeStopEnd=10 posStart=6080;3072 posEnd=6080;2752 posCurrent=6080;2899 step=4 time=23 phase=3568 channel=1 icon=387 
MoveObject: type=5 stepAdvance=1 stepRecede=1 timeStopStart=0 timeStopEnd=0 posStart=4354;4868 posEnd=4354;4868 posCurrent=4354;4868 step=1 time=0 phase=3568 channel=10 icon=1 
MoveObject: type=1 stepAdvance=30 stepRecede=30 timeStopStart=10 timeStopEnd=10 posStart=5312;6080 posEnd=5504;6080 posCurrent=5497;6080 step=2 time=29 phase=3568 channel=1 icon=261 
MoveObject: type=5 stepAdvance=1 stepRecede=1 timeStopStart=0 timeStopEnd=0 posStart=5186;6276 posEnd=5186;6276 posCurrent=5186;6276 step=1 time=0 phase=3568 channel=10 icon=1 
MoveObject: type=6 stepAdvance=1 stepRecede=1 timeStopStart=0 timeStopEnd=0 posStart=4866;5576 posEnd=4866;5576 posCurrent=4866;5576 step=1 time=0 phase=3568 channel=10 icon=24 
MoveObject: type=6 stepAdvance=1 stepRecede=1 timeStopStart=0 timeStopEnd=0 posStart=5122;6024 posEnd=5122;6024 posCurrent=5122;6024 step=1 time=0 phase=3568 channel=10 icon=24 
MoveObject: type=1 stepAdvance=30 stepRecede=30 timeStopStart=10 timeStopEnd=10 posStart=5440;4352 posEnd=5440;4160 posCurrent=5440;4167 step=2 time=29 phase=3568 channel=1 icon=387 
MoveObject: type=1 stepAdvance=40 stepRecede=40 timeStopStart=10 timeStopEnd=10 posStart=5568;4288 posEnd=5568;4032 posCurrent=5568;4154 step=2 time=21 phase=3568 channel=1 icon=387 
MoveObject: type=1 stepAdvance=40 stepRecede=40 timeStopStart=10 timeStopEnd=10 posStart=5696;4160 posEnd=5696;3904 posCurrent=5696;4026 step=2 time=21 phase=3568 channel=1 icon=387 
MoveObject: type=6 stepAdvance=1 stepRecede=1 timeStopStart=0 timeStopEnd=0 posStart=2690;2056 posEnd=2690;2056 posCurrent=2690;2056 step=1 time=0 phase=3568 channel=10 icon=24 
MoveObject: type=7 stepAdvance=1 stepRecede=1 timeStopStart=0 timeStopEnd=0 posStart=4802;1796 posEnd=4802;1796 posCurrent=4802;1796 step=1 time=0 phase=3568 channel=10 icon=34 
MoveObject: type=50 stepAdvance=1 stepRecede=1 timeStopStart=0 timeStopEnd=0 posStart=5634;1796 posEnd=5634;1796 posCurrent=5634;1796 step=1 time=0 phase=3568 channel=10 icon=221 
MoveObject: type=6 stepAdvance=1 stepRecede=1 timeStopStart=0 timeStopEnd=0 posStart=4802;1480 posEnd=4802;1480 posCurrent=4802;1480 step=1 time=0 phase=3568 channel=10 icon=24 
MoveObject: type=6 stepAdvance=1 stepRecede=1 timeStopStart=0 timeStopEnd=0 posStart=5634;1480 posEnd=5634;1480 posCurrent=5634;1480 step=1 time=0 phase=3568 channel=10 icon=24 
MoveObject: type=5 stepAdvance=1 stepRecede=1 timeStopStart=0 timeStopEnd=0 posStart=3074;2052 posEnd=3074;2052 posCurrent=3074;2052 step=1 time=0 phase=3568 channel=10 icon=1 
MoveObject: type=5 stepAdvance=1 stepRecede=1 timeStopStart=0 timeStopEnd=0 posStart=3586;4996 posEnd=3586;4996 posCurrent=3586;4996 step=1 time=0 phase=3568 channel=10 icon=1 
MoveObject: type=5 stepAdvance=1 stepRecede=1 timeStopStart=0 timeStopEnd=0 posStart=3778;4868 posEnd=3778;4868 posCurrent=3778;4868 step=1 time=0 phase=3568 channel=10 icon=1 
MoveObject: type=6 stepAdvance=1 stepRecede=1 timeStopStart=0 timeStopEnd=0 posStart=6082;1224 posEnd=6082;1224 posCurrent=6082;1224 step=1 time=0 phase=3568 channel=10 icon=24 
