DescFile: posDecor=0;5920 dimDecor=100;100 world=0 music=9 region=9 blupiPos=194;6214 blupiDir=2 
Decor: 
,,,,,,,,,,,,,,,,,,,,,,,,,,,,,,,,,,,,,,,,,,,,,,,,,,,,,,,,,,,,,,,,,,,,,,,,,,,,,,,,,,,,,,,,,,,,,,,,,265,247,248
,,,,,,,,,,,,,,,,,,,,,,,,,,,,,,,,,,,,,,,,,,,,,,,,,,,,,,,,,,,,,,,,,,,,,,,,,,,,,,,,,,,,,,,,,,56,10,59,,,,,282,247,249
,,,,,,,,,,,,,,,,,,,,,,,,,,,,,,,,,,,,,,,,,,,,,,,,,,,,,,,,,,,,,,,,,,,,,,,,,,,,,,,,,,,,,,,,56,10,59,,56,10,59,,,282,247,246
,,,,,,,,,,,,,,,,,,,,,,,,,,,,,,,,,,,,,,,,,,,,,,,,,,,,,,,,,,,,,,,,,,,,,,,,,,,,,,,,,,,,,,,,,,,,,,,,,282,247,246
,,,,,,,,,,,,,,,,,,,,,,,,,,,,,,,,,,,,,,,,,,,,,,,,,,,,,,,,,,,,,,,,,,,,,,,,,,,,,,,,,,,,,,,,,,,,,,,,,273,248,246
,,,,,,,,,,,,,,,,,,,,,,,,,,,,,,,,,,,,,,,,,,,,,,,,,,,,,,,,,,,,,,,,,,,,,,,,,,,,,,,,,,,,56,10,59,,56,10,59,,56,10,59,,273,248,249,247
,,,,,,,,,,,,,,,,,,,,,,,,,,,,,,,,,,,,,,,,,,,,,,,,,,,,,,,,,,,,,,,,,,,,,,,,,,,,,,,,,,,,,,56,10,59,,,,,,,273,249,248,339,248
,,,,,,,,,,,,,,,,,,,,,,,,,,,,,,,,,,,,,,,,,,,,,,,,,,,,,,,,,,,,,,,,,,,,,,,,,,,,,,,,,,58,,,,,58,,,,54,,,273,246,339,247,339,248
10,10,10,10,10,10,10,10,10,10,10,10,10,10,10,10,10,10,10,10,10,10,10,10,10,10,10,10,10,10,10,10,10,10,10,10,10,10,10,10,10,10,10,10,10,10,10,10,10,10,10,10,10,10,10,10,10,10,10,10,10,10,10,10,10,10,10,10,10,10,10,10,10,10,10,10,10,10,10,10,10,10,10,10,10,10,10,10,10,10,10,10,10,334,248,248,248,247,247,249
,,,,,,,,,,,,,,,,,,,,,,,,,,,,,,,,,,,,,,,,,,,,,,,,,,,,,,,,,,,,,,,,,,,,,,,,,,,,,,,53,53,,53,,,,,10,,,,53,267,273,247,246,248,246,248,248
,,,,,,,,,,,,,,,,,,,,,,,,,,,,,,,,,,,,,,,,,,,,,,,,,,,,,,,,,,,,,,,,,,,,,,,,,,,,,,,,,,,,,,,18,,,,273,246,249,248,246,247,247,248,248
,,,,,,,,,,,,,,,,,,,,,,,,,,,,,,,,,,,,,,,,,,,,,,,,,,,,,,,,,,,,,,,,,,,,,,,,,,,,,,,,,,,,,,,,,,273,248,339,246,249,249,246,248,248,249
,,,,,,,,,,,,,,,,,,,,,,,,,,,,,,,,,,,,,,,,,,,,,,,,,,,,,,,,,,,,,,,,,,,,,,,,,,,,,,,,,,,,,,,,,273,249,248,249,249,249,246,246,247,247,249
,,,,,,,,,,,,,,,,,,,,,,,,,,,,,,,,,,,,,,,,,,,,,,,,,,,,,,,,,,,,,,,,,,,,,,,,,,,,,,,,,,,,,,,,273,247,249,246,249,247,247,249,248,248,246,247
,,,,,,,,,,,,,,,,,,,,,,,,,,,,,,,,,,,,,,,,,,,,,,,,,,,,,,,,,,,,,,,,,,,,,,,,,,,,,,,,,,,,,,,273,339,246,249,247,246,249,249,246,248,249,249,247
,,,,,,,,,,,,,,,,,,,,,,,,,,,,,,,,,,,,,,,,,,,,,,,,,,,,,,,,,,,,,,,,,,,,,,,,,,,,,,,,,,,,,,273,339,339,248,247,249,249,246,248,246,246,246,247,246
,,,,,,,,,,,,,,,,,,,,,,,,,,,,,,,,,,,,,,,,,,,,,,,,,,,,,,,,,,,,,,,,,,,,,,,,,,,,,,,,,,,,,273,339,339,339,249,246,247,246,246,248,246,247,248,247,246
,,,,,,,,,,,,,,,,,,,,,,,,,,,,,,,,,,,,,,,,,,,,,,,,,,,,,,,,,,,,,,,,,,,,,,,,,,,,,,,,,,,,273,339,339,339,339,248,249,246,246,247,246,246,248,246,247,246
,,,,,,,,,,,,,,,,,,,,,,,,,,,,,,,,,,,,,,,,,,,,,,,,,,,,,,,,,,,,,,,,,,,,,,,,,,,,,,,,,,,273,249,247,246,249,278,248,246,246,249,248,248,248,247,248,246,246
,,,,,,,,,,,,,,,,,,,,,,,,,,,,,,,,,,,,,,,,,,,,,,,,,,,,,,,,,,,,,,,,,,,,,,,,,,,,,,,,,,273,249,249,339,247,248,248,247,249,248,246,247,246,248,246,247,248,248
,,,,,,,,,,,,,,,,,,,,,,,,,,,,,,,,,,,,,,,,,,,,,,,,,,,,,,,,,,,,,,,,,,,,,,,,,,,,,,,,,273,248,248,339,246,246,247,247,248,248,247,247,247,248,247,246,248,246,246
,,,,,,,,,,,,,,,,,,,,,,,,,,,,,,,,,,,,,,,,,,,,,,,,,,,,,,,,,,,,,,,,,,,,,,,,,,,,,,,,273,247,339,249,248,249,249,247,248,247,249,246,248,246,248,248,246,248,270,266
,,,,,,,,,,,,,,,,,,,,,,,,,,,,,,,,,,,,,,,,,,,,,,,,,,,,,,,,,,,,,,,,,,,,,,,,,,,54,,,,273,246,246,339,249,246,249,249,248,249,249,249,248,249,246,247,248,247,246,264,
10,10,10,10,10,10,10,10,10,10,10,10,10,10,10,10,10,10,10,10,10,10,10,10,10,10,10,10,10,10,10,10,10,10,10,10,10,10,10,10,10,10,10,10,10,10,10,10,10,10,10,10,10,10,10,10,10,10,10,10,10,10,10,10,10,10,10,10,10,10,10,10,10,10,10,10,10,,273,339,249,249,246,248,247,248,249,247,249,246,247,249,249,247,246,248,247,248,281,
,,,,,,,,,,,,,,,,,,,,,,,,,,,,,,,,,,,,,,,,,,,,,,,,,,,,,,,,,,,,,,,,,,,,,,53,,53,53,,57,,273,247,339,248,249,246,248,247,248,246,248,247,246,247,248,249,248,248,246,246,248,281,
,,,,,,,,,,,,,,,,,,,,,,,,,,,,,,,,,,,,,,,,,,,,,,,,,,,,,,,,,,,,,,,,,,,,,,,,,,,,273,339,247,339,247,248,249,247,249,247,247,248,249,249,248,248,248,249,247,248,248,246,281,
,,,,,,,,,,,,,,,,,,,,,,,,,,,,,,,,,,,,,,,,,,,,,,,,,,,,,,,,,,,,,,,,,,,,,,,,,,,273,246,339,248,274,246,246,249,249,247,248,247,248,246,248,248,249,248,247,248,270,266,266,,
,,,,,,,,,,,,,,,,,,,,,,,,,,,,,,,,,,,,,,,,,,,,,,,,,,,,,,,,,,,,,,,,,,,,,,,,,,273,248,249,274,247,271,92,91,249,247,247,249,247,248,247,247,248,247,247,247,247,281,,,,
,,,,,,,,,,,,,,,,,,,,,,,,,,,,,,,,,,,,,,,,,,,,,,,,,,,,,,,,,,,,,,,,,,,,,,,,,273,248,248,247,279,249,246,249,91,249,246,246,247,246,249,248,247,249,247,247,247,246,264,,,,
,,,,,,,,,,,,,,,,,,,,,,,,,,,,,,,,,,,,,,,,,,,,,,,,,,,,,,,,,,,,,,,,,,,,,,,,273,246,246,249,249,279,248,270,92,91,249,249,248,247,249,247,246,249,246,248,247,247,246,264,,,,
,,,,,,,,,,,,,,,,,,,,,,,,,,,,,,,,,,,,,,,,,,,,,,,,,,,,,,,,,,,,,,,,,,,,,,,273,249,339,247,249,247,271,280,273,246,246,248,247,249,249,249,249,249,249,246,248,247,249,247,264,,,,
,,,,,,,,,,,,,,,,,,,,,,,,,,,,,,,,,,,,,,,,,,,,,,,,,,,,,,,,,,,,,,,,,,,,,,273,249,249,339,339,249,246,247,248,246,249,248,247,247,247,246,248,246,249,246,249,270,266,272,249,281,,,,
,,,,,,,,,,,,,,,,,,,,,,,,,,,,,,,,,,,,,,,,,,,,,,,,,,,,,,,,,,,,,,,,,,,,,273,249,248,247,246,339,248,249,247,248,247,248,246,249,249,246,248,247,248,247,247,248,264,,,266,,,,,
,,,,,,,,,,,,,,,,,,,,,,,,,,,,,,,,,,,,,,,,,,,,,,,,,,,,,,,,,,,,,,,,,,,,273,247,246,247,246,247,247,249,248,249,247,248,247,248,249,248,248,249,246,248,247,248,246,281,,,,,,,,
,,,,,,,,,,,,,,,,,,,,,,,,,,,,,,,,,,,,,,,,,,,,,,,,,,,,,,,,,,,,,,,,,,,273,248,339,249,249,246,246,248,249,248,249,249,248,247,248,248,247,248,248,249,247,247,248,246,281,,,,,,,,
,,,,,,,,,,,,,,,,,,,,,,,,,,,,,,,,,,,,,,,,,,,,,,,,,,,,,,,,,,,,,,,,,,273,248,247,339,247,246,248,247,247,247,246,247,246,248,248,248,246,248,248,248,246,246,249,246,247,281,,,,,,,,
,,,,,,,,,,,,,,,,,,,,,,,,,,,,,,,,,,,,,,,,,,,,,,,,,,,,,,,,,,,,,,,,,273,246,249,247,248,247,248,248,248,248,247,247,246,247,246,247,246,247,248,246,249,246,249,248,247,248,281,,,,,,,,
,,,,,,,,,,,,,,,,,,,,,,,,,,,,,,,,,,,,,,,,,,,,,,,,,,,,,,,,,,,,,,,,273,246,247,247,248,249,246,246,247,248,248,248,246,246,246,248,248,247,246,248,248,246,249,248,246,246,248,264,,,,,,,,
,,,,,,,,,,,,,,,,,,,,,,,,,,,,,,,,,,,,,,,,,,,,,,,,,,,,,,,,,,,,,,,273,246,248,247,247,246,246,248,248,246,246,248,248,247,248,248,246,249,249,249,246,247,249,247,249,247,249,249,281,,,,,,,,
,,,,,,,,,,,,,,,,,,,,,,,,,,,,,,,,,,,,,,,,,,,,,,,,,,,,,,,,,,,,,,273,249,339,339,249,246,249,247,246,248,249,246,247,247,248,246,246,246,247,247,247,247,248,248,247,247,247,246,248,281,,,,,,,,
,,,,,,,,,,,,,,,,,56,15,,54,54,,,,,,,,,,,,,,,,,,,,,,,,,,,,,,,,,,,,,,,,273,249,247,248,249,249,247,246,246,249,248,247,248,246,246,247,248,248,247,246,247,247,247,247,247,247,246,248,248,247,264,,,,,,,,
,,,,,,,,,,,,,,,,,,10,10,10,10,10,,,,,,,,,,,,,,,,,,,,,,,,,,,,,,,,,,,,,,273,247,249,246,248,249,247,247,247,247,248,249,249,246,246,247,247,248,248,246,248,248,248,247,248,248,247,247,247,247,247,281,,,,,,,,
,,,,,,,,,,,,,,,,,60,10,10,3,27,10,59,,,,,,,,,,,,,,,,,,,,,,,,,,,,,,,,,,,,273,249,339,246,246,248,249,248,247,248,248,247,246,248,248,247,248,247,246,247,248,247,246,247,248,246,248,246,247,247,248,248,264,,,,,,,,
,,,,,,,,,,,,,,,56,9,,10,18,,,10,,,,,,,,,,,,,,,,,,,,,,,,,,,,,,,,,,,,273,249,249,248,249,246,249,246,246,248,247,249,246,247,248,248,246,247,248,246,248,248,248,246,248,246,248,247,248,246,248,246,246,281,,,,,,,,
,,,,,,,,,,,,,60,3,27,9,27,10,,,,10,59,,,,,,,,,,,,,,,,,,,,,,,,,,,,,,,,,,273,249,246,339,249,248,247,248,247,247,246,249,246,247,246,248,270,266,266,266,266,266,266,266,266,266,266,266,266,266,266,266,266,266,,,,,,,,,
,,,,,,,,,,,,,,,56,9,,10,55,,56,10,15,,,,,,,,,,,,,,,,,,,,,,,,,,,,,,,,,273,246,249,248,246,247,249,248,248,249,248,249,249,247,246,248,247,281,,,,,,,,,,,,,,,,,,,,,,,,,,
,,,,,,,,,,,,,,,,9,,25,,,,60,18,,,,,,,,,,,,,,,,,,,,,,,,,,,,,,,,273,246,248,248,246,247,246,249,247,246,246,248,247,248,246,247,246,248,281,,,,,,,,,,,,,,,,,,,,,,,,,,
,,,,,,,,,,,,,,,,9,55,5,138,,,,,,,,,,,,,,,,,,,,,,,,,,,,,,,,,,,273,339,249,248,247,248,249,248,247,247,246,247,246,247,246,247,270,266,266,,,,,,,,,,,,,,,,,,,,,,,,,,,
,,,,,,,,,,,,,,,,9,,25,,,,60,16,,,,,,,,,,,,,,,,,,,,,,,,,,,,,,273,249,339,247,248,248,247,247,248,249,248,247,248,248,246,248,248,264,,,,,,,,,,,,,,,,,,,,,,,,,,,,,
,,,,,,,,,,,,,,,56,9,,10,55,,56,10,17,,,,,54,,,,,,,,,,,,,,,,,,,,,,,,273,339,248,339,247,247,249,249,248,248,248,246,246,246,248,248,248,248,264,,,,,,,,,,,,,,,,,,,,,,,,,,,,,
,,,,,,,,,,,,,60,3,27,9,27,10,,,,10,59,,,,60,10,,,,,,,,,,,,,,,,,,,,,,,273,249,339,339,339,249,248,248,247,248,249,247,247,248,246,246,246,246,247,264,,,,,,,,,,,,,,,,,,,,,,,,,,,,,
,,,,,,,,,,,,,,,56,9,,10,16,,,10,,,,,,53,,,,,,,,,,,,,,,,,,,,,,273,249,247,248,248,249,246,249,246,247,248,249,249,246,248,248,247,247,248,247,264,,,,,,,,,,,,,,,,,,,,,,,,,,,,,
,,,,,,,,,,,,,,,,,60,10,10,3,27,10,59,,,,,,,,,,,,,,,,,,,,,,,,,,273,249,339,247,339,246,246,339,247,249,249,249,247,247,246,246,246,248,246,248,246,264,,,,,,,,,,,,,,,,,,,,,,,,,,,,,
,,,,,,,,,,,,,,,,,,10,10,10,10,10,,,,,,,,,,,,,,,,,,,,,,,,,,273,246,339,339,247,248,249,246,247,247,246,247,247,246,247,246,247,270,266,266,266,266,,,,,,,,,,,,,,,,,,,,,,,,,,,,,,
,,,,,,,,,,,,,,,,,56,17,,53,53,,,,,,,,,,,,,,,,,,,,,,,,,,273,249,249,249,247,247,247,247,246,249,248,246,248,247,247,247,248,247,264,,,,,,,,,,,,,,,,,,,,,,,,,,,,,,,,,,
,,,,,,,,,,,,,,,,,,,,,,,,,,,,,,,,,,,,,,,,,,,,,,273,249,247,249,249,247,247,249,249,247,248,249,247,246,248,247,246,248,246,264,,,,,,,,,,,,,,,,,,,,,,,,,,,,,,,,,,
,,,,,,,,,,,,,,,,,,,,,,,,,,,,,,58,,,,,,,,,,,,,,,273,246,339,339,248,246,247,248,248,246,247,249,247,248,248,248,246,247,248,246,264,,,,,,,,,,,,,,,,,,,,,,,,,,,,,,,,,,
,,,,,,,,,,,,,,,,,,,,,,,,,15,,54,,,10,,,54,,,,54,,,,58,,,273,248,247,247,339,249,248,248,249,247,246,249,248,247,247,246,246,247,247,247,248,264,,,,,,,,,,,,,,,,,,,,,,,,,,,,,,,,,,
,,,,,,,,,,,,,,,,,,,,60,3,236,236,236,10,10,10,10,10,10,10,10,10,10,10,10,10,10,10,10,10,10,335,246,246,246,247,247,247,249,247,247,246,246,248,248,248,248,247,270,266,266,266,266,,,,,,,,,,,,,,,,,,,,,,,,,,,,,,,,,,,
,,,,,,,,,,,,56,15,,,,,,,,,,,,17,,57,,,57,,,57,,,,57,,,,53,267,273,248,246,249,247,248,247,247,248,246,248,248,246,246,247,248,248,281,,,,,,,,,,,,,,,,,,,,,,,,,,,,,,,,,,,,,,,
,,,,,,,,,,,,,10,27,27,16,,,,,,,,,54,,54,,,,,,,,,,,,,,273,247,249,249,246,249,246,248,249,247,249,246,246,246,246,246,248,246,246,281,,,,,,,,,,,,,,,,,,,,,,,,,,,,,,,,,,,,,,,
,,,,,,,,,,,58,,10,,,10,,,,,,,,,10,27,10,59,,54,,54,,,,,,,,273,247,248,339,249,247,246,248,248,246,248,248,248,247,247,246,248,248,246,247,281,,,,,,,,,,,,,,,,,,,,,,,,,,,,,,,,,,,,,,,
,,,,,,,,,,,10,56,10,59,,10,55,,,,,,,,53,,10,,,10,27,10,59,,,,,,273,249,339,249,249,246,248,248,246,249,247,247,246,249,248,248,247,246,248,248,247,264,,,,,,,,,,,,,,,,,,,,,,,,,,,,,,,,,,,,,,,
,,,,,,,,,,60,10,27,10,55,,10,15,,,,56,15,,,,,53,,,53,,10,,,,,,273,249,339,249,248,247,249,248,248,246,246,248,249,247,248,247,270,266,266,266,266,266,,,,,,,,,,,,,,,,,,,,,,,,,,,,,,,,,,,,,,,,
,,,,,,,,,,,10,,25,,,51,49,,,60,3,25,,,,,,,,,,53,,,,,273,248,247,246,249,247,246,249,246,249,247,246,248,246,247,248,270,,,,,,,,,,,,,,,,,,,,,,,,,,,,,,,,,,,,,,,,,,,,,,
,,,,,,,,,,60,10,27,10,55,,10,17,,,,56,17,,,,,,,,,,,,,,273,339,249,339,246,248,246,247,246,247,247,249,248,248,248,246,270,,,,,,,,,,,,,,,,,,,,,,,,,,,,,,,,,,,,,,,,,,,,,,,
,,,,,,,,,,,10,56,10,59,,10,55,,,,,,,,,,,,,,,,,,273,339,339,249,249,247,249,247,247,247,248,246,248,247,246,246,270,,,,,,,,,,,,,,,,,,,,,,,,,,,,,,,,,,,,,,,,,,,,,,,,
,,,,,,,,,,,57,,10,,,10,,,,,,,,,,,,,,,,,,273,246,248,339,249,248,247,248,248,249,247,249,248,248,248,270,266,,,,,,,,,,,,,,,,,,,,,,,,,,,,,,,,,,,,,,,,,,,,,,,,,
,,,,,,,,,,,,,10,27,27,18,,,,,,,,,,,,,,,,,273,246,246,247,339,248,249,246,248,248,249,249,246,248,246,270,,,,,,,,,,,,,,,,,,,,,,,,,,,,,,,,,,,,,,,,,,,,,,,,,,,
,,,,,,,,,,,,56,17,,,,,,,,,,,,,,,,,,,273,246,339,248,247,339,246,247,246,248,249,246,248,247,247,248,281,,,,,,,,,,,,,,,,,,,,,,,,,,,,,,,,,,,,,,,,,,,,,,,,,,,
,,,,,,,,,,,,,,,,,,,,,,,,,,,,,,,273,246,339,339,246,246,339,246,248,249,249,247,247,248,247,247,247,281,,,,,,,,,,,,,,,,,,,,,,,,,,,,,,,,,,,,,,,,,,,,,,,,,,,
,,,,,,,,,,,,,,,,,,,,,,,,,,,,,,273,249,247,248,247,247,247,339,249,246,248,249,246,246,248,248,248,246,264,,,,,,,,,,,,,,,,,,,,,,,,,,,,,,,,,,,,,,,,,,,,,,,,,,,
,,,,,,,,,,,,,,,,,,,,,,,,,,,,,273,248,249,246,247,249,249,246,278,248,249,248,247,248,247,247,247,248,248,264,,,,,,,,,,,,,,,,,,,,,,,,,,,,,,,,,,,,,,,,,,,,,,,,,,,
,,,,,,,,,,,,,,,,,,,,,,,,,,,,273,248,247,249,246,249,246,246,248,339,247,247,246,248,248,247,247,247,247,246,264,,,,,,,,,,,,,,,,,,,,,,,,,,,,,,,,,,,,,,,,,,,,,,,,,,,
,,,,,,,,,,,,,,,,,,,,,,,,,,,273,247,248,247,248,247,246,248,215,215,52,215,215,246,248,248,248,248,246,246,246,281,,,,,,,,,,,,,,,,,,,,,,,,,,,,,,,,,,,,,,,,,,,,,,,,,,,
,,,,,,,,,,,,,,,,,,,,,,,,,,273,247,248,247,248,246,249,246,249,215,,,,215,248,246,248,246,247,248,270,266,,,,,,,,,,,,,,,,,,,,,,,,,,,,,,,,,,,,,,,,,,,,,,,,,,,,
,,,,,,,,,,,,,,,,,,,,,,,,,273,247,247,249,248,249,249,248,248,249,215,,,,215,248,246,246,246,246,246,281,,,,,,,,,,,,,,,,,,,,,,,,,,,,,,,,,,,,,,,,,,,,,,,,,,,,,
,,,,,,,,,,,,,,,,,,,,,,,,265,247,248,247,247,249,247,247,249,248,248,215,,,,215,248,247,248,248,247,246,264,,,,,,,,,,,,,,,,,,,,,,,,,,,,,,,,,,,,,,,,,,,,,,,,,,,,,
,,,,,,,,,,,,,,,,,,,,,,,267,265,248,246,249,247,248,246,247,247,247,249,215,215,52,215,215,248,248,246,248,248,248,281,,,,,,,,,,,,,,,,,,,,,,,,,,,,,,,,,,,,,,,,,,,,,,,,,,,,,
,,,,,,,,,,,,,,,58,,58,58,,,,273,248,268,247,249,249,247,248,247,246,246,246,247,249,247,248,246,246,248,246,248,248,248,248,264,,,,,,,,,,,,,,,,,,,,,,,,,,,,,,,,,,,,,,,,,,,,,,,,,,,,,
10,10,10,10,10,10,10,10,10,10,10,10,10,10,10,10,10,10,10,10,10,336,246,249,279,248,248,248,248,248,247,246,248,247,246,246,248,249,248,247,246,248,248,247,248,246,264,,,,,,,,,,,,,,,,,,,,,,,,,,,,,,,,,,,,,,,,,,,,,,,,,,,,,
,,,,,,,,,,,,,,,57,,57,57,,267,273,247,246,279,246,248,249,249,248,248,247,248,249,247,246,247,248,247,246,248,246,246,247,247,248,264,,,,,,,,,,,,,,,,,,,,,,,,,,,,,,,,,,,,,,,,,,,,,,,,,,,,,
,,,,,,,,,,,,,,,,,,,273,247,247,247,249,279,246,246,247,246,270,266,68,248,246,248,246,249,248,249,247,248,247,246,248,248,248,264,,,,,,,,,,,,,,,,,,,,,,,,,,,,,,,,,,,,,,,,,,,,,,,,,,,,,
,,,,,,,,,,,,,,,,,,273,249,248,249,339,339,268,247,248,247,248,281,,68,249,246,248,249,247,246,246,247,248,247,247,247,248,246,264,,,,,,,,,,,,,,,,,,,,,,,,,,,,,,,,,,,,,,,,,,,,,,,,,,,,,
,,,,,,,,,,,,,,,,,273,247,247,247,246,339,248,268,246,249,246,246,281,,68,247,248,247,247,248,246,246,247,248,247,248,246,246,248,264,,,,,,,,,,,,,,,,,,,,,,,,,,,,,,,,,,,,,,,,,,,,,,,,,,,,,
,,,,,,,,,,,,,,,,273,246,249,247,248,247,339,246,268,249,247,247,246,264,,68,249,246,249,249,249,246,249,270,266,266,266,266,266,266,,,,,,,,,,,,,,,,,,,,,,,,,,,,,,,,,,,,,,,,,,,,,,,,,,,,,,
,,,,,,,,,,,,,,,273,249,246,246,249,249,247,274,249,279,249,247,249,248,264,,68,248,246,249,247,247,249,249,264,,,,,,,,,,,,,,,,,,,,,,,,,,,,,,,,,,,,,,,,,,,,,,,,,,,,,,,,,,,,
,,,,,,,,,,,,,,273,247,246,248,249,249,249,249,279,247,275,247,248,248,249,281,,68,247,247,246,248,246,249,249,264,,,,,,,,,,,,,,,,,,,,,,,,,,,,,,,,,,,,,,,,,,,,,,,,,,,,,,,,,,,,
,,,,,,,,,,,,,273,249,249,246,247,248,249,249,248,279,246,249,247,246,247,270,,,68,247,246,247,247,249,248,246,264,,,,,,,,,,,,,,,,,,,,,,,,,,,,,,,,,,,,,,,,,,,,,,,,,,,,,,,,,,,,
,,,,,,,,,,,,273,249,247,247,246,247,249,246,249,248,268,248,270,280,272,248,281,267,282,246,247,249,248,247,249,249,246,264,,,,,,,,,,,,,,,,,,,,,,,,,,,,,,,,,,,,,,,,,,,,,,,,,,,,,,,,,,,,
,,,,,,,,,,,273,248,249,249,247,246,248,270,266,272,247,264,280,265,246,281,280,282,246,279,248,248,246,247,248,249,248,248,281,,,,,,,,,,,,,,,,,,,,,,,,,,,,,,,,,,,,,,,,,,,,,,,,,,,,,,,,,,,,
,,,,,,,,,,273,248,248,248,248,249,274,247,281,267,267,280,273,246,271,280,273,246,264,266,265,248,247,248,246,249,246,249,249,264,,,,,,,,,,,,,,,,,,,,,,,,,,,,,,,,,,,,,,,,,,,,,,,,,,,,,,,,,,,,
,,,,,,,,,273,246,248,246,246,246,246,279,249,268,247,246,247,248,249,246,247,248,246,271,,,68,248,248,246,248,246,246,246,281,,,,,,,,,,,,,,,,,,,,,,,,,,,,,,,,,,,,,,,,,,,,,,,,,,,,,,,,,,,,
,,,,,,,,273,249,248,248,246,247,247,247,268,247,264,266,266,68,248,247,249,248,248,247,246,264,,68,249,247,249,248,249,246,247,281,,,,,,,,,,,,,,,,,,,,,,,,,,,,,,,,,,,,,,,,,,,,,,,,,,,,,,,,,,,,
,,,,,,,273,247,247,249,249,249,248,248,246,268,249,281,,,68,249,247,246,249,247,248,246,264,,68,249,249,247,249,249,248,246,264,,,,,,,,,,,,,,,,,,,,,,,,,,,,,,,,,,,,,,,,,,,,,,,,,,,,,,,,,,,,
,,,,,,273,248,247,249,249,247,248,248,247,249,279,249,264,267,267,68,246,248,246,249,249,249,246,264,,68,248,247,249,246,248,249,247,264,,,,,,,,,,,,,,,,,,,,,,,,,,,,,,,,,,,,,,,,,,,,,,,,,,,,,,,,,,,,
,,,,,273,248,246,249,248,247,248,248,248,248,249,268,248,279,249,249,246,247,248,246,247,246,249,247,264,,68,248,249,247,248,248,246,249,264,,,,,,,,,,,,,,,,,,,,,,,,,,,,,,,,,,,,,,,,,,,,,,,,,,,,,,,,,,,,
,,,,282,249,246,247,246,247,248,246,246,247,246,246,271,280,273,249,248,247,246,246,246,249,249,247,246,264,,68,249,246,249,248,246,246,249,281,,,,,,,,,,,,,,,,,,,,,,,,,,,,,,,,,,,,,,,,,,,,,,,,,,,,,,,,,,,,
,,,,265,248,248,249,246,249,246,247,248,248,247,246,246,246,247,247,246,246,249,247,247,246,247,246,246,271,267,68,248,248,247,246,246,247,249,264,,,,,,,,,,,,,,,,,,,,,,,,,,,,,,,,,,,,,,,,,,,,,,,,,,,,,,,,,,,,
,,,,265,249,247,246,248,246,246,248,249,247,248,247,246,247,246,249,249,247,248,246,248,248,247,249,248,247,248,247,247,248,246,247,247,246,247,281,,,,,,,,,,,,,,,,,,,,,,,,,,,,,,,,,,,,,,,,,,,,,,,,,,,,,,,,,,,,
BigDecor: 
,,,,,,,,,,,,,,,,,,,,,,,,,,,,,,,,,,,,,,,,,,,,,,,,,,,,,,,,,,,,,,,,,,,,,,,,,,,,,,,,,,,,,,,,,,,,,,,,,,,
,,,,,,,,,,,,,,,,,,,,,,,,,,,,,,,,,,,,,,,,,,,,,,,,,,,,,,,,,,,,,,,,,,,,,,,,,,,,,,,,,,,,,,,,,,,,,,,,,,,
,,,,,,,,,,,,,,,,,,,,,,,,,,,,,,,,,,,,,,,,,,,,,,,,,,,,,,,,,,,,,,,,,,,,,,,,,,,,,,,,,,,,,,,,,,,,,,,,27,,,
,,,,,,,,,,,,,,,,,,,,,,,,,,,,,,,,,,,,,,,,,,,,,,,,,,,,,,,,,,,,,,,,,,,,,,,,,,,,,,,,,,,,,,,,,,,,,,,,,,,
,,,,,,,,,,,,,,,,,,,,,,,,,,,,,,,,,,,,,,,,,,,,,,,,,,,,,,,,,,,,,,,,,,,,,,,,,,,,,,,,,,,,,,,,,,,,,,,,,,,
,,,,,,,,,,,,,,,,,,,,,,,,,,,,,,,,,,,,,,,,,,,,,,,,,,,,,,,,,,,,,,,,,,,,,,,,,,,,,,,,,,,,,,,,,,,,,,,,,,,
,,,,,,,,,,,,,,,,,,,,,,,,,,,,,,,,,,,,,,,,,,,,,,,,,,,,,,,,,,,,,,,,,,,,,,,,,,,,,,,,,,,,,,,,,,,,,,,,,,,
,,,,,,,,,,,,,,,,,,,,,,,,,,,,,,,,,,,,,,,,,,,,,,,,,,,,,,,,,,,,,,,,,,,,,,,,,,,,,,,,,,,,,,,,,,,,,,,,,,,
,,,,,,,,,,,,,,,,,,,,,,,,,,,,,,,,,,,,,,,,,,,,,,,,,,,,,,,,,,,,,,,,,,,,,,,,,,,,,,,,,,,,,,,,,,,,,,,,,,,
,,,,,,,,,,,,,,,,,,,,,,,,,,,,,,,,,,,,,,,,,,,,,,,,,,,,,,,,,,,,,,,,,,,,,,,,,,,,,,,,,,,,,,,,,,,,,,,,,,,
,,,,,,,,,,,,,,,,,,,,,,,,,,,,,,,,,,,,,,,,,,,,,,,,,,,,,,,,,,,,,,,,,,,,,,,,,,,,,,,,,,,,,,,,,,,,,,,,,,,
,,,,,,,,,,,,,,,,,,,,,,,,,,,,,,,,,,,,,,,,,,,,,,,,,,,,,,,,,,,,,,,,,,,,,,,,,,,,,,,,,,,,,,,,,,,,,,,,,,,
,,,,,,,,,,,,,,,,,,,,,,,,,,,,,,,,,,,,,,,,,,,,,,,,,,,,,,,,,,,,,,,,,,,,,,,,,,,,,,,,,,,,,,,,,,,,,,,,,,,
,,,,,,,,,,,,,,,,,,,,,,,,,,,,,,,,,,,,,,,,,,,,,,,,,,,,,,,,,,,,,,,,,,,,,,,,,,,,,,,,,,,,,,,,,,,,,,,,,,,
,,,,,,,,,,,,,,,,,,,,,,,,,,,,,,,,,,,,,,,,,,,,,,,,,,,,,,,,,,,,,,,,,,,,,,,,,,,,,,,,,,,,,,,,,,,,,,,,,,,
,,,,,,,,,,,,,,,,,,,,,,,,,,,,,,,,,,,,,,,,,,,,,,,,,,,,,,,,,,,,,,,,,,,,,,,,,,,,,,,,,,,,,,,,,,,,,,,,,,,
,,,,,,,,,,,,,,,,,,,,,,,,,,,,,,,,,,,,,,,,,,,,,,,,,,,,,,,,,,,,,,,,,,,,,,,,,,,,,,,,,,,,,,,,,,,,,,,,,,,
,,,,,,,,,,,,,,,,,,,,,,,,,,,,,,,,,,,,,,,,,,,,,,,,,,,,,,,,,,,,,,,,,,,,,,,,,,,,,,,,,,,,,,,,,,,,,,,,,,,
,,,,,,,,,,,,,,,,,,,,,,,,,,,,,,,,,,,,,,,,,,,,,,,,,,,,,,,,,,,,,,,,,,,,,,,,,,,,,,,,,,,,,,,,,,,,,,,,,,,
,,,,,,,,,,,,,,,,,,,,,,,,,,,,,,,,,,,,,,,,,,,,,,,,,,,,,,,,,,,,,,,,,,,,,,,,,,,,,,,,,,,,,,,,,,,,,,,,,,,
,,,,,,,,,,,,,,,,,,,,,,,,,,,,,,,,,,,,,,,,,,,,,,,,,,,,,,,,,,,,,,,,,,,,,,,,,,,,,,,,,,,,,,,,,,,,,,,,,,,
,,,,,,,,,,,,,,,,,,,,,,,,,,,,,,,,,,,,,,,,,,,,,,,,,,,,,,,,,,,,,,,,,,,,,,,,,,,,,,,,,,,,,,,,,,,,,,,,,,,
,,,,,,,,,,,,,,,,,,,,,,,,,,,,,,,,,,,,,,,,,,,,,,,,,,,,,,,,,,,,,,,,,,,,,,,,,,,,,,,,,,,,,,,,,,,,,,,,,,,
,,,,,,,,,,,,,,,,,,,,,,,,,,,,,,,,,,,,,,,,,,,,,,,,,,,,,,,,,,,,,,,,,,,,,,,,,,,,,,,,,,,,,,,,,,,,,,,,,,,
,,,,,,,,,,,,,,,,,,,,,,,,,,,,,,,,,,,,,,,,,,,,,,,,,,,,,,,,,,,,,,,,,,,,,,,,,,,,,,,,,,,,,,,,,,,,,,,,,,,
,,,,,,,,,,,,,,,,,,,,,,,,,,,,,,,,,,,,,,,,,,,,,,,,,,,,,,,,,,,,,,,,,,,,,,,,,,,,,,,,,,,,,,,,,,,,,,,,,,,
,,,,,,,,,,,,,,,,,,,,,,,,,,,,,,,,,,,,,,,,,,,,,,,,,,,,,,,,,,,,,,,,,,,,,,,,,,,,,,,,,,,,,,,,,,,,,,,,,,,
,,,,,,,,,,,,,,,,,,,,,,,,,,,,,,,,,,,,,,,,,,,,,,,,,,,,,,,,,,,,,,,,,,,,,,,,,,,,,,,,,,,,,,,,,,,,,,,,,,,
,,,,,,,,,,,,,,,,,,,,,,,,,,,,,,,,,,,,,,,,,,,,,,,,,,,,,,,,,,,,,,,,,,,,,,,,,,,,,,,,,,,,,,,,,,,,,,,,,,,
,,,,,,,,,,,,,,,,,,,,,,,,,,,,,,,,,,,,,,,,,,,,,,,,,,,,,,,,,,,,,,,,,,,,,,,,,,,,,,,,,,,,,,,,,,,,,,,,,,,
,,,,,,,,,,,,,,,,,,,,,,,,,,,,,,,,,,,,,,,,,,,,,,,,,,,,,,,,,,,,,,,,,,,,,,,,,,,,,,,,,,,,,,,,,,,,,,,,,,,
,,,,,,,,,,,,,,,,,,,,,,,,,,,,,,,,,,,,,,,,,,,,,,,,,,,,,,,,,,,,,,,,,,,,,,,,,,,,,,,,,,,,,,,,,,,,,,,,,,,
,,,,,,,,,,,,,,,,,,,,,,,,,,,,,,,,,,,,,,,,,,,,,,,,,,,,,,,,,,,,,,,,,,,,,,,,,,,,,,,,,,,,,,,,,,,,,,,,,,,
,,,,,,,,,,,,,,,,,,,,,,,,,,,,,,,,,,,,,,,,,,,,,,,,,,,,,,,,,,,,,,,,,,,,,,,,,,,,,,,,,,,,,,,,,,,,,,,,,,,
,,,,,,,,,,,,,,,,,,,,,,,,,,,,,,,,,,,,,,,,,,,,,,,,,,,,,,,,,,,,,,,,,,,,,,,,,,,,,,,,,,,,,,,,,,,,,,,,,,,
,,,,,,,,,,,,,,,,,,,,,,,,,,,,,,,,,,,,,,,,,,,,,,,,,,,,,,,,,,,,,,,,,,,,,,,,,,,,,,,,,,,,,,,,,,,,,,,,,,,
,,,,,,,,,,,,,,,,,,,,,,,,,,,,,,,,,,,,,,,,,,,,,,,,,,,,,,,,,,,,,,,,,,,,,,,,,,,,,,,,,,,,,,,,,,,,,,,,,,,
,,,,,,,,,,,,,,,,,,,,,,,,,,,,,,,,,,,,,,,,,,,,,,,,,,,,,,,,,,,,,,,,,,,,,,,,,,,,,,,,,,,,,,,,,,,,,,,,,,,
,,,,,,,,,,,,,,,,,,,,,,,,,,,,,,,,,,,,,,,,,,,,,,,,,,,,,,,,,,,,,,,,,,,,,,,,,,,,,,,,,,,,,,,,,,,,,,,,,,,
,,,,,,,,,,,,,,,,,,,,,,,,,,,,,,,,,,,,,,,,,,,,,,,,,,,,,,,,,,,,,,,,,,,,,,,,,,,,,,,,,,,,,,,,,,,,,,,,,,,
,,,,,,,,,,,,,,,,,,,,,,,,,,,,,,,,,,,,,,,,,,,,,,,,,,,,,,,,,,,,,,,,,,,,,,,,,,,,,,,,,,,,,,,,,,,,,,,,,,,
,,,,,,,,,,,,,,,,,,,,,,,,,,,,,,,,,,,,,,,,,,,,,,,,,,,,,,,,,,,,,,,,,,,,,,,,,,,,,,,,,,,,,,,,,,,,,,,,,,,
,,,,,,,,,,,,,,,,,,,,,,,,,,,,,,,,,,,,,,,,,,,,,,,,,,,,,,,,,,,,,,,,,,,,,,,,,,,,,,,,,,,,,,,,,,,,,,,,,,,
,,,,,,,,,,,,,,,,,,,,,,,,,,,,,,,,,,,,,,,,,,,,,,,,,,,,,,,,,,,,,,,,,,,,,,,,,,,,,,,,,,,,,,,,,,,,,,,,,,,
,,,,,,,,,,,,,,,,,,,,,,,,,,,,,,,,,,,,,,,,,,,,,,,,,,,,,,,,,,,,,,,,,,,,,,,,,,,,,,,,,,,,,,,,,,,,,,,,,,,
,,,,,,,,,,,,,,,,,,,,,,,,,,,,,,,,,,,,,,,,,,,,,,,,,,,,,,,,,,,,,,,,,,,,,,,,,,,,,,,,,,,,,,,,,,,,,,,,,,,
,,,,,,,,,,,,,,,,,,,,,,,,,,,,,,,,,,,,,,,,,,,,,,,,,,,,,,,,,,,,,,,,,,,,,,,,,,,,,,,,,,,,,,,,,,,,,,,,,,,
,,,,,,,,,,,,,,,,,,,,,,,,,,,,,,,,,,,,,,,,,,,,,,,,,,,,,,,,,,,,,,,,,,,,,,,,,,,,,,,,,,,,,,,,,,,,,,,,,,,
,,,,,,,,,,,,,,,,,,,,,,,,,,,,,,,,,,,,,,,,,,,,,,,,,,,,,,,,,,,,,,,,,,,,,,,,,,,,,,,,,,,,,,,,,,,,,,,,,,,
,,,,,,,,,,,,,,,,,,,,,,,,,,,,,,,,,,,,,,,,,,,,,,,,,,,,,,,,,,,,,,,,,,,,,,,,,,,,,,,,,,,,,,,,,,,,,,,,,,,
,,,,,,,,,,,,,,,,,,,,,,,,,,,,,,,,,,,,,,,,,,,,,,,,,,,,,,,,,,,,,,,,,,,,,,,,,,,,,,,,,,,,,,,,,,,,,,,,,,,
,,,,,,,,,,,,,,,,,,,,,,,,,,,,,,,,,,,,,,,,,,,,,,,,,,,,,,,,,,,,,,,,,,,,,,,,,,,,,,,,,,,,,,,,,,,,,,,,,,,
,,,,,,,,,,,,,,,,,,,,,,,,,,,,,,,,,,,,,,,,,,,,,,,,,,,,,,,,,,,,,,,,,,,,,,,,,,,,,,,,,,,,,,,,,,,,,,,,,,,
,,,,,,,,,,,,,,,,,,,,,,,,,,,,,,,,,,,,,,,,,,,,,,,,,,,,,,,,,,,,,,,,,,,,,,,,,,,,,,,,,,,,,,,,,,,,,,,,,,,
,,,,,,,,,,,,,,,,,,,,,,,,,,,,,,,,,,,,,,,,,,,,,,,,,,,,,,,,,,,,,,,,,,,,,,,,,,,,,,,,,,,,,,,,,,,,,,,,,,,
,,,,,,,,,,,,,,,,,,,,,,,,,,,,,,,,,,,,,,,,,,,,,,,,,,,,,,,,,,,,,,,,,,,,,,,,,,,,,,,,,,,,,,,,,,,,,,,,,,,
,,,,,,,,,,,,,,,,,,,,,,,,,,,,,,,,,,,,,,,,,,,,,,,,,,,,,,,,,,,,,,,,,,,,,,,,,,,,,,,,,,,,,,,,,,,,,,,,,,,
,,,,,,,,,,,,,,,,,,,,,,,,,,,,,,,,,,,,,,,,,,,,,,,,,,,,,,,,,,,,,,,,,,,,,,,,,,,,,,,,,,,,,,,,,,,,,,,,,,,
,,,,,,,,,,,,,,,,,,,,,,,,,,,,,,,,,,,,,,,,,,,,,,,,,,,,,,,,,,,,,,,,,,,,,,,,,,,,,,,,,,,,,,,,,,,,,,,,,,,
,,,,,,,,,,,,,,,,,,,,,,,,,,,,,,,,,,,,,,,,,,,,,,,,,,,,,,,,,,,,,,,,,,,,,,,,,,,,,,,,,,,,,,,,,,,,,,,,,,,
,,,,,,,,,,,,,,,,,,,,,,,,,,,,,,,,,,,,,,,,,,,,,,,,,,,,,,,,,,,,,,,,,,,,,,,,,,,,,,,,,,,,,,,,,,,,,,,,,,,
,,,,,,,,,,,,,,,,,,,,,,,,,,,,,,,,,,,,,,,,,,,,,,,,,,,,,,,,,,,,,,,,,,,,,,,,,,,,,,,,,,,,,,,,,,,,,,,,,,,
,,,,,,,,,,,,,,,,,,,,,,,,,,,,,,,,,,,,,,,,,,,,,,,,,,,,,,,,,,,,,,,,,,,,,,,,,,,,,,,,,,,,,,,,,,,,,,,,,,,
,,,,,,,,,,,,,,,,,,,,,,,,,,,,,,,,,,,,,,,,,,,,,,,,,,,,,,,,,,,,,,,,,,,,,,,,,,,,,,,,,,,,,,,,,,,,,,,,,,,
,,,,,,,,,,,,,,,,,,,,,,,,,,,,,,,,,,,,,,,,,,,,,,,,,,,,,,,,,,,,,,,,,,,,,,,,,,,,,,,,,,,,,,,,,,,,,,,,,,,
,,,,,,,,,,,,,,,,,,,,,,,,,,,,,,,,,,,,,,,,,,,,,,,,,,,,,,,,,,,,,,,,,,,,,,,,,,,,,,,,,,,,,,,,,,,,,,,,,,,
,,,,,,,,,,,,,,,,,,,,,,,,,,,,,,,,,,,,,,,,,,,,,,,,,,,,,,,,,,,,,,,,,,,,,,,,,,,,,,,,,,,,,,,,,,,,,,,,,,,
,,,,,,,,,,,,,,,,,,,,,,,,,,,,,,,,,,,,,,,,,,,,,,,,,,,,,,,,,,,,,,,,,,,,,,,,,,,,,,,,,,,,,,,,,,,,,,,,,,,
,,,,,,,,,,,,,,,,,,,,,,,,,,,,,,,,,,,,,,,,,,,,,,,,,,,,,,,,,,,,,,,,,,,,,,,,,,,,,,,,,,,,,,,,,,,,,,,,,,,
,,,,,,,,,,,,,,,,,,,,,,,,,,,,,,,,,,,,,,,,,,,,,,,,,,,,,,,,,,,,,,,,,,,,,,,,,,,,,,,,,,,,,,,,,,,,,,,,,,,
,,,,,,,,,,,,,,,,,,,,,,,,,,,,,,,,,,,,,,,,,,,,,,,,,,,,,,,,,,,,,,,,,,,,,,,,,,,,,,,,,,,,,,,,,,,,,,,,,,,
,,,,,,,,,,,,,,,,,,,,,,,,,,,,,,,,,,,,,,,,,,,,,,,,,,,,,,,,,,,,,,,,,,,,,,,,,,,,,,,,,,,,,,,,,,,,,,,,,,,
,,,,,,,,,,,,,,,,,,,,,,,,,,,,,,,,,,,,,,,,,,,,,,,,,,,,,,,,,,,,,,,,,,,,,,,,,,,,,,,,,,,,,,,,,,,,,,,,,,,
,,,,,,,,,,,,,,,,,,,,,,,,,,,,,,,,,,,,,,,,,,,,,,,,,,,,,,,,,,,,,,,,,,,,,,,,,,,,,,,,,,,,,,,,,,,,,,,,,,,
,,,,,,,,,,,,,,,,,,,,,,,,,,,,,,,,,,,,,,,,,,,,,,,,,,,,,,,,,,,,,,,,,,,,,,,,,,,,,,,,,,,,,,,,,,,,,,,,,,,
,,,,,,,,,,,,,,,,,,,,,,,,,,,,,,,,,,,,,45,,,,,,,,,,,,,,,,,,,,,,,,,,,,,,,,,,,,,,,,,,,,,,,,,,,,,,,,,,,,,,
,,,,,,,,,,,,,,,,,,,,,,,,,,,,,,,,,,,,,47,,,,,,,,,,,,,,,,,,,,,,,,,,,,,,,,,,,,,,,,,,,,,,,,,,,,,,,,,,,,,,
,,,,,,,,,,,,,,,,,,,,,,,,,,,,,,,,,,,,,,,,,,,,,,,,,,,,,,,,,,,,,,,,,,,,,,,,,,,,,,,,,,,,,,,,,,,,,,,,,,,
,,,,,,,,,,,,,,,,,,,,,,,,,,,,,,,,,,,,,,,,,,,,,,,,,,,,,,,,,,,,,,,,,,,,,,,,,,,,,,,,,,,,,,,,,,,,,,,,,,,
,,,,,,,,,,,,,,,,,,,,,,,,,,,,,,,,,,,,,,,,,,,,,,,,,,,,,,,,,,,,,,,,,,,,,,,,,,,,,,,,,,,,,,,,,,,,,,,,,,,
,,,,,,,,,,,,,,,,,,,,,,,,,,,,,,,,,,,,,,,,,,,,,,,,,,,,,,,,,,,,,,,,,,,,,,,,,,,,,,,,,,,,,,,,,,,,,,,,,,,
,,,,,,,,,,,,,,,,,,,,,,,,,,,,,,,,,,,,,,,,,,,,,,,,,,,,,,,,,,,,,,,,,,,,,,,,,,,,,,,,,,,,,,,,,,,,,,,,,,,
,,,,,,,,,,,,,,,,,,,,,,,,,,,,,,,,,,,,,,,,,,,,,,,,,,,,,,,,,,,,,,,,,,,,,,,,,,,,,,,,,,,,,,,,,,,,,,,,,,,
,,,,,,,,,,,,,,,,,,,,,,,,,,,,,,,,,,,,,,,,,,,,,,,,,,,,,,,,,,,,,,,,,,,,,,,,,,,,,,,,,,,,,,,,,,,,,,,,,,,
,,,,,,,,,,,,,,,,,,,,,,,,,,,,,,,,,,,,,,,,,,,,,,,,,,,,,,,,,,,,,,,,,,,,,,,,,,,,,,,,,,,,,,,,,,,,,,,,,,,
,,,,,,,,,,,,,,,,,,,,,,,,,,,,,,,,,,,,,,,,,,,,,,,,,,,,,,,,,,,,,,,,,,,,,,,,,,,,,,,,,,,,,,,,,,,,,,,,,,,
,,,,,,,,,,,,,,,,,,,,,,,,,,,,,,,,,,,,,,,,,,,,,,,,,,,,,,,,,,,,,,,,,,,,,,,,,,,,,,,,,,,,,,,,,,,,,,,,,,,
,,,,,,,,,,,,,,,,,,,,,,,,,,,,,,,,,,,,,,,,,,,,,,,,,,,,,,,,,,,,,,,,,,,,,,,,,,,,,,,,,,,,,,,,,,,,,,,,,,,
,,,,,,,,,,,,,,,,,,,,,,,,,,,,,,,,,,,,,,,,,,,,,,,,,,,,,,,,,,,,,,,,,,,,,,,,,,,,,,,,,,,,,,,,,,,,,,,,,,,
,,,,,,,,,,,,,,,,,,,,,,,,,,,,,,,,,,,,,,,,,,,,,,,,,,,,,,,,,,,,,,,,,,,,,,,,,,,,,,,,,,,,,,,,,,,,,,,,,,,
,,,,,,,,,,,,,,,,,,,,,,,,,,,,,,,,,,,,,,,,,,,,,,,,,,,,,,,,,,,,,,,,,,,,,,,,,,,,,,,,,,,,,,,,,,,,,,,,,,,
,,,,,,,,,,,,,,,,,,,,,,,,,,,,,,,,,,,,,,,,,,,,,,,,,,,,,,,,,,,,,,,,,,,,,,,,,,,,,,,,,,,,,,,,,,,,,,,,,,,
,,,,,,,,,,,,,,,,,,,,,,,,,,,,,,,,,,,,,,,,,,,,,,,,,,,,,,,,,,,,,,,,,,,,,,,,,,,,,,,,,,,,,,,,,,,,,,,,,,,
,,,,,,,,,,,,,,,,,,,,,,,,,,,,,,,,,,,,,,,,,,,,,,,,,,,,,,,,,,,,,,,,,,,,,,,,,,,,,,,,,,,,,,,,,,,,,,,,,,,
,,,,,,,,,,,,,,,,,,,,,,,,,,,,,,,,,,,,,,,,,,,,,,,,,,,,,,,,,,,,,,,,,,,,,,,,,,,,,,,,,,,,,,,,,,,,,,,,,,,
,,,,,,,,,,,,,,,,,,,,,,,,,,,,,,,,,,,,,,,,,,,,,,,,,,,,,,,,,,,,,,,,,,,,,,,,,,,,,,,,,,,,,,,,,,,,,,,,,,,
,,,,,,,,,,,,,,,,,,,,,,,,,,,,,,,,,,,,,,,,,,,,,,,,,,,,,,,,,,,,,,,,,,,,,,,,,,,,,,,,,,,,,,,,,,,,,,,,,,,
,,,,,,,,,,,,,,,,,,,,,,,,,,,,,,,,,,,,,,,,,,,,,,,,,,,,,,,,,,,,,,,,,,,,,,,,,,,,,,,,,,,,,,,,,,,,,,,,,,,
,,,26,,,,,,,,,,,,,,,,,,,,,,,,,,,,,,,,,,,,,,,,,,,,,,,,,,,,,,,,,,,,,,,,,,,,,,,,,,,,,,,,,,,,,,,,,,,,,,,,
,,,,,,,,,,,,,,,,,,,,,,,,,,,,,,,,,,,,,,,,,,,,,,,,,,,,,,,,,,,,,,,,,,,,,,,,,,,,,,,,,,,,,,,,,,,,,,,,,,,
MoveObject: type=3 stepAdvance=1 stepRecede=1 timeStopStart=0 timeStopEnd=0 posStart=1474;4928 posEnd=1474;4928 posCurrent=1474;4928 step=1 time=0 phase=10122 channel=10 icon=50 
MoveObject: type=2 stepAdvance=1 stepRecede=1 timeStopStart=0 timeStopEnd=0 posStart=1154;5316 posEnd=1154;5316 posCurrent=1154;5316 step=1 time=0 phase=10122 channel=10 icon=14 
MoveObject: type=2 stepAdvance=1 stepRecede=1 timeStopStart=0 timeStopEnd=0 posStart=1218;5252 posEnd=1218;5252 posCurrent=1218;5252 step=1 time=0 phase=10122 channel=10 icon=14 
MoveObject: type=2 stepAdvance=1 stepRecede=1 timeStopStart=0 timeStopEnd=0 posStart=1986;4484 posEnd=1986;4484 posCurrent=1986;4484 step=1 time=0 phase=10122 channel=10 icon=14 
MoveObject: type=2 stepAdvance=1 stepRecede=1 timeStopStart=0 timeStopEnd=0 posStart=2114;4356 posEnd=2114;4356 posCurrent=2114;4356 step=1 time=0 phase=10122 channel=10 icon=14 
MoveObject: type=2 stepAdvance=1 stepRecede=1 timeStopStart=0 timeStopEnd=0 posStart=2370;4100 posEnd=2370;4100 posCurrent=2370;4100 step=1 time=0 phase=10122 channel=10 icon=14 
MoveObject: type=2 stepAdvance=1 stepRecede=1 timeStopStart=0 timeStopEnd=0 posStart=2562;3908 posEnd=2562;3908 posCurrent=2562;3908 step=1 time=0 phase=10122 channel=10 icon=14 
MoveObject: type=2 stepAdvance=1 stepRecede=1 timeStopStart=0 timeStopEnd=0 posStart=3010;3460 posEnd=3010;3460 posCurrent=3010;3460 step=1 time=0 phase=10122 channel=10 icon=14 
MoveObject: type=2 stepAdvance=1 stepRecede=1 timeStopStart=0 timeStopEnd=0 posStart=3074;3396 posEnd=3074;3396 posCurrent=3074;3396 step=1 time=0 phase=10122 channel=10 icon=14 
MoveObject: type=12 stepAdvance=1 stepRecede=1 timeStopStart=0 timeStopEnd=0 posStart=4352;2368 posEnd=4352;2368 posCurrent=4352;2368 step=1 time=0 phase=10122 channel=1 icon=32 
MoveObject: type=3 stepAdvance=1 stepRecede=1 timeStopStart=0 timeStopEnd=0 posStart=3650;1984 posEnd=3650;1984 posCurrent=3650;1984 step=1 time=0 phase=10122 channel=10 icon=50 
MoveObject: type=2 stepAdvance=1 stepRecede=1 timeStopStart=0 timeStopEnd=0 posStart=3970;2500 posEnd=3970;2500 posCurrent=3970;2500 step=1 time=0 phase=10122 channel=10 icon=14 
MoveObject: type=2 stepAdvance=1 stepRecede=1 timeStopStart=0 timeStopEnd=0 posStart=4354;2116 posEnd=4354;2116 posCurrent=4354;2116 step=1 time=0 phase=10122 channel=10 icon=14 
MoveObject: type=2 stepAdvance=1 stepRecede=1 timeStopStart=0 timeStopEnd=0 posStart=4418;2052 posEnd=4418;2052 posCurrent=4418;2052 step=1 time=0 phase=10122 channel=10 icon=14 
MoveObject: type=2 stepAdvance=1 stepRecede=1 timeStopStart=0 timeStopEnd=0 posStart=4482;1988 posEnd=4482;1988 posCurrent=4482;1988 step=1 time=0 phase=10122 channel=10 icon=14 
MoveObject: type=2 stepAdvance=1 stepRecede=1 timeStopStart=0 timeStopEnd=0 posStart=4546;1924 posEnd=4546;1924 posCurrent=4546;1924 step=1 time=0 phase=10122 channel=10 icon=14 
MoveObject: type=2 stepAdvance=1 stepRecede=1 timeStopStart=0 timeStopEnd=0 posStart=4610;1860 posEnd=4610;1860 posCurrent=4610;1860 step=1 time=0 phase=10122 channel=10 icon=14 
MoveObject: type=2 stepAdvance=1 stepRecede=1 timeStopStart=0 timeStopEnd=0 posStart=4674;1796 posEnd=4674;1796 posCurrent=4674;1796 step=1 time=0 phase=10122 channel=10 icon=14 
MoveObject: type=2 stepAdvance=1 stepRecede=1 timeStopStart=0 timeStopEnd=0 posStart=4738;1732 posEnd=4738;1732 posCurrent=4738;1732 step=1 time=0 phase=10122 channel=10 icon=14 
MoveObject: type=16 stepAdvance=40 stepRecede=40 timeStopStart=0 timeStopEnd=0 posStart=5888;576 posEnd=5888;320 posCurrent=5888;320 step=3 time=0 phase=10122 channel=10 icon=74 
MoveObject: type=16 stepAdvance=40 stepRecede=40 timeStopStart=0 timeStopEnd=0 posStart=6016;448 posEnd=6016;192 posCurrent=6016;192 step=3 time=0 phase=10122 channel=10 icon=74 
MoveObject: type=2 stepAdvance=1 stepRecede=1 timeStopStart=0 timeStopEnd=0 posStart=1538;4932 posEnd=1538;4932 posCurrent=1538;4932 step=1 time=0 phase=10122 channel=10 icon=14 
MoveObject: type=12 stepAdvance=1 stepRecede=1 timeStopStart=0 timeStopEnd=0 posStart=1152;5632 posEnd=1152;5632 posCurrent=1152;5632 step=1 time=0 phase=10122 channel=1 icon=33 
MoveObject: type=30 stepAdvance=1 stepRecede=1 timeStopStart=0 timeStopEnd=0 posStart=3970;966 posEnd=3970;966 posCurrent=3970;966 step=1 time=0 phase=10122 channel=10 icon=178 
MoveObject: type=30 stepAdvance=1 stepRecede=1 timeStopStart=0 timeStopEnd=0 posStart=4226;966 posEnd=4226;966 posCurrent=4226;966 step=1 time=0 phase=10122 channel=10 icon=178 
MoveObject: type=2 stepAdvance=1 stepRecede=1 timeStopStart=0 timeStopEnd=0 posStart=4802;1668 posEnd=4802;1668 posCurrent=4802;1668 step=1 time=0 phase=10122 channel=10 icon=14 
MoveObject: type=12 stepAdvance=1 stepRecede=1 timeStopStart=0 timeStopEnd=0 posStart=5120;1536 posEnd=5120;1536 posCurrent=5120;1536 step=1 time=0 phase=10122 channel=1 icon=246 
MoveObject: type=12 stepAdvance=1 stepRecede=1 timeStopStart=0 timeStopEnd=0 posStart=5056;1536 posEnd=5056;1536 posCurrent=5056;1536 step=1 time=0 phase=10122 channel=1 icon=246 
MoveObject: type=12 stepAdvance=1 stepRecede=1 timeStopStart=0 timeStopEnd=0 posStart=5184;1536 posEnd=5184;1536 posCurrent=5184;1536 step=1 time=0 phase=10122 channel=1 icon=246 
MoveObject: type=12 stepAdvance=1 stepRecede=1 timeStopStart=0 timeStopEnd=0 posStart=4992;1536 posEnd=4992;1536 posCurrent=4992;1536 step=1 time=0 phase=10122 channel=1 icon=246 
MoveObject: type=12 stepAdvance=1 stepRecede=1 timeStopStart=0 timeStopEnd=0 posStart=5248;1536 posEnd=5248;1536 posCurrent=5248;1536 step=1 time=0 phase=10122 channel=1 icon=246 
MoveObject: type=49 stepAdvance=1 stepRecede=1 timeStopStart=0 timeStopEnd=0 posStart=322;5380 posEnd=322;5380 posCurrent=322;5380 step=1 time=0 phase=10122 channel=10 icon=210 
MoveObject: type=13 stepAdvance=1 stepRecede=1 timeStopStart=0 timeStopEnd=0 posStart=578;5188 posEnd=578;5188 posCurrent=578;5188 step=1 time=0 phase=10122 channel=10 icon=68 
MoveObject: type=1 stepAdvance=20 stepRecede=20 timeStopStart=10 timeStopEnd=10 posStart=1856;4544 posEnd=1856;4672 posCurrent=1856;4544 step=1 time=10 phase=10122 channel=1 icon=340 
MoveObject: type=16 stepAdvance=20 stepRecede=20 timeStopStart=0 timeStopEnd=0 posStart=1856;4480 posEnd=1728;4480 posCurrent=1850;4480 step=2 time=1 phase=10122 channel=10 icon=74 
MoveObject: type=1 stepAdvance=10 stepRecede=10 timeStopStart=10 timeStopEnd=10 posStart=2304;4160 posEnd=2368;4160 posCurrent=2304;4160 step=1 time=2 phase=10122 channel=1 icon=340 
MoveObject: type=1 stepAdvance=6 stepRecede=6 timeStopStart=3 timeStopEnd=3 posStart=2560;3968 posEnd=2496;3968 posCurrent=2560;3968 step=1 time=2 phase=10122 channel=1 icon=340 
MoveObject: type=16 stepAdvance=30 stepRecede=30 timeStopStart=0 timeStopEnd=0 posStart=2752;3712 posEnd=2560;3712 posCurrent=2695;3712 step=2 time=9 phase=10122 channel=10 icon=74 
MoveObject: type=16 stepAdvance=30 stepRecede=30 timeStopStart=0 timeStopEnd=0 posStart=2880;3584 posEnd=2688;3584 posCurrent=2823;3584 step=2 time=9 phase=10122 channel=10 icon=74 
MoveObject: type=1 stepAdvance=80 stepRecede=80 timeStopStart=20 timeStopEnd=20 posStart=3584;2368 posEnd=3584;2624 posCurrent=3584;2615 step=4 time=3 phase=10122 channel=1 icon=29 
MoveObject: type=1 stepAdvance=80 stepRecede=80 timeStopStart=20 timeStopEnd=20 posStart=3648;2368 posEnd=3648;2112 posCurrent=3648;2121 step=4 time=3 phase=10122 channel=1 icon=29 
MoveObject: type=1 stepAdvance=80 stepRecede=80 timeStopStart=20 timeStopEnd=20 posStart=3392;1856 posEnd=3584;2112 posCurrent=3577;2103 step=4 time=3 phase=10122 channel=1 icon=29 
MoveObject: type=1 stepAdvance=80 stepRecede=80 timeStopStart=20 timeStopEnd=20 posStart=3328;1856 posEnd=3072;1856 posCurrent=3081;1856 step=4 time=3 phase=10122 channel=1 icon=29 
MoveObject: type=1 stepAdvance=80 stepRecede=80 timeStopStart=20 timeStopEnd=20 posStart=3008;1600 posEnd=3008;1856 posCurrent=3008;1847 step=4 time=3 phase=10122 channel=1 icon=29 
MoveObject: type=50 stepAdvance=1 stepRecede=1 timeStopStart=0 timeStopEnd=0 posStart=2818;1348 posEnd=2818;1348 posCurrent=2818;1348 step=1 time=0 phase=10122 channel=10 icon=221 
MoveObject: type=6 stepAdvance=1 stepRecede=1 timeStopStart=0 timeStopEnd=0 posStart=3202;1352 posEnd=3202;1352 posCurrent=3202;1352 step=1 time=0 phase=10122 channel=10 icon=23 
MoveObject: type=26 stepAdvance=1 stepRecede=1 timeStopStart=0 timeStopEnd=0 posStart=4866;2440 posEnd=4866;2440 posCurrent=4866;2440 step=1 time=0 phase=10122 channel=10 icon=140 
MoveObject: type=26 stepAdvance=1 stepRecede=1 timeStopStart=0 timeStopEnd=0 posStart=3650;1544 posEnd=3650;1544 posCurrent=3650;1544 step=1 time=0 phase=7016 channel=10 icon=139 
MoveObject: type=51 stepAdvance=1 stepRecede=1 timeStopStart=0 timeStopEnd=0 posStart=5890;1028 posEnd=5890;1028 posCurrent=5890;1028 step=1 time=0 phase=10122 channel=10 icon=228 
MoveObject: type=12 stepAdvance=1 stepRecede=1 timeStopStart=0 timeStopEnd=0 posStart=5952;1024 posEnd=5952;1024 posCurrent=5952;1024 step=1 time=0 phase=10122 channel=1 icon=32 
MoveObject: type=6 stepAdvance=1 stepRecede=1 timeStopStart=0 timeStopEnd=0 posStart=3010;968 posEnd=3010;968 posCurrent=3010;968 step=1 time=0 phase=10122 channel=10 icon=23 
MoveObject: type=6 stepAdvance=1 stepRecede=1 timeStopStart=0 timeStopEnd=0 posStart=2946;968 posEnd=2946;968 posCurrent=2946;968 step=1 time=0 phase=10122 channel=10 icon=23 
MoveObject: type=6 stepAdvance=1 stepRecede=1 timeStopStart=0 timeStopEnd=0 posStart=3074;968 posEnd=3074;968 posCurrent=3074;968 step=1 time=0 phase=10122 channel=10 icon=23 
MoveObject: type=6 stepAdvance=1 stepRecede=1 timeStopStart=0 timeStopEnd=0 posStart=4098;648 posEnd=4098;648 posCurrent=4098;648 step=1 time=0 phase=10122 channel=10 icon=23 
MoveObject: type=21 stepAdvance=1 stepRecede=1 timeStopStart=0 timeStopEnd=0 posStart=6210;260 posEnd=6210;260 posCurrent=6210;260 step=1 time=0 phase=10122 channel=10 icon=123 
MoveObject: type=16 stepAdvance=20 stepRecede=20 timeStopStart=0 timeStopEnd=0 posStart=5440;896 posEnd=5568;896 posCurrent=5446;896 step=2 time=1 phase=10122 channel=10 icon=74 
MoveObject: type=1 stepAdvance=40 stepRecede=40 timeStopStart=20 timeStopEnd=20 posStart=5952;1280 posEnd=6080;1280 posCurrent=6080;1280 step=3 time=16 phase=10122 channel=1 icon=340 
MoveObject: type=16 stepAdvance=20 stepRecede=20 timeStopStart=0 timeStopEnd=0 posStart=5760;704 posEnd=5632;704 posCurrent=5754;704 step=2 time=1 phase=10122 channel=10 icon=74 
MoveObject: type=6 stepAdvance=1 stepRecede=1 timeStopStart=0 timeStopEnd=0 posStart=5698;1928 posEnd=5698;1928 posCurrent=5698;1928 step=1 time=0 phase=10122 channel=10 icon=23 
MoveObject: type=6 stepAdvance=1 stepRecede=1 timeStopStart=0 timeStopEnd=0 posStart=5762;1928 posEnd=5762;1928 posCurrent=5762;1928 step=1 time=0 phase=10122 channel=10 icon=23 
MoveObject: type=6 stepAdvance=1 stepRecede=1 timeStopStart=0 timeStopEnd=0 posStart=5826;1928 posEnd=5826;1928 posCurrent=5826;1928 step=1 time=0 phase=10122 channel=10 icon=23 
MoveObject: type=2 stepAdvance=1 stepRecede=1 timeStopStart=0 timeStopEnd=0 posStart=1282;5188 posEnd=1282;5188 posCurrent=1282;5188 step=1 time=0 phase=10122 channel=10 icon=14 
MoveObject: type=1 stepAdvance=20 stepRecede=20 timeStopStart=10 timeStopEnd=10 posStart=576;5504 posEnd=576;5376 posCurrent=576;5504 step=1 time=10 phase=10122 channel=1 icon=17 
MoveObject: type=1 stepAdvance=80 stepRecede=80 timeStopStart=20 timeStopEnd=20 posStart=3456;2880 posEnd=3520;2624 posCurrent=3518;2633 step=4 time=3 phase=10122 channel=1 icon=29 
MoveObject: type=26 stepAdvance=1 stepRecede=1 timeStopStart=0 timeStopEnd=0 posStart=3778;1544 posEnd=3778;1544 posCurrent=3778;1544 step=1 time=0 phase=7002 channel=10 icon=140 
