DescFile: posDecor=0;3400 dimDecor=100;100 world=0 music=5 region=1 blupiPos=130;3654 blupiDir=2 
Decor: 
,,,,,,,,,,,,,,,,,,,,,,,,,,,,,,,,,,,,,,,,,,,,,,,362,344,343,343,345,345,345,350,350,343,343,343,342,345,341,342,343,341,346,342,345,343,363,,,,,,,,,,,,,,,,,,,,,,,,,,,,,,
,,,,,,,,,,,,,,,,,,,,,,,,,,,,,,,,,,,,,,,,,,,,,,,347,346,343,342,346,343,348,,,347,350,341,341,342,345,345,344,345,343,344,342,346,363,,,,,,,,,,,,,,,,,,,,,,,,,,,,,,
,,,,,,,,,,,,,,,,,,,,,,,,,,,,,,,,,,,,,,,,,,,,,,,362,342,342,342,343,342,363,,,358,,354,350,342,346,342,345,344,345,342,343,344,348,,,,,,,,,,,,,,,,,,,,,,,,,,,,,,
,,,,,,,,,,,,,,,,,,,,,,,,,,,,,,,,,,,,,,,,,,,,,,,362,346,346,346,342,342,343,355,,,,,,354,343,345,341,345,341,345,344,341,348,,,,,,,,,,,,,,,,,,,,,,,,,,,,,,
,,,,,,,,,,,,,,,,,,,,,,,,,,,,,,,,,,,,,,,,,,,,,,,362,343,342,344,341,346,346,348,,,,,,,354,344,345,345,341,344,346,344,348,,,,,,,,,,,,,,,,,,,,,,,,,,,,,,
,,,,,,,,,,,,,,,,,,,,,,,,,,,,,,,,,,,,,,,,,,,,,,,362,341,341,346,341,342,350,356,,,,353,355,,,362,346,343,343,342,342,345,348,,,,,,,,,,,,,,,,,,,,,,,,,,,,,,
,,,,,,,,,,,,,,,,,,,,,,,,,,,,,,,,,,,,,,,,,,,,,,,362,342,345,344,345,363,,,,,353,346,363,,,354,341,346,346,344,343,342,363,,,,,,,,,,,,,,,,,,,,,,,,,,,,,,
,,,,,,,,,,,,,,,,,,,,,,,,,,,,,,,,,,,,,,,,,,,,,,,362,341,341,341,346,348,,,,,347,342,345,355,,,347,345,342,343,346,343,348,,,,,,,,,,,,,,,,,,,,,,,,,,,,,,
,,,,,,,,,,,,,,,,,,,,,,,,,,,,,,,,,,,,,,,,,,,,,,,347,344,342,344,343,356,,,,353,343,341,341,356,,,347,344,341,343,342,346,363,,,,,,,,,,,,,,,,,,,,,,,,,,,,,,
,,,,,,,,,,,,,,,,,,,,,,,,,,,,,,,,,,,,,,,,,,,,,,,362,342,344,343,363,,,,359,350,343,341,348,,,,347,342,346,346,345,343,363,,,,,,,,,,,,,,,,,,,,,,,,,,,,,,
,,,,,,,,,,,,,,,,,,,,,,,,,,,,,,,,,,,,,,,,,,,,,,,347,341,344,345,348,,,,,,347,346,348,,,,347,345,346,346,344,341,363,,,,,,,,,,,,,,,,,,,,,,,,,,,,,,
,,,,,,,,,,,,,,,,,,,,,,,,,,,,,,,,,,,,,,,,,,,,,,,362,342,346,345,363,,,,,,354,343,348,,,353,341,342,342,342,346,341,363,,,,,,,,,,,,,,,,,,,,,,,,,,,,,,
,,,,,,,,,,,,,,,,,,,,,,,,,,,,,,,,,,,,,,,,,,,,,,,362,344,343,345,343,355,,,357,,,354,356,,,347,343,342,344,345,341,345,363,,,,,,,,,,,,,,,,,,,,,,,,,,,,,,
,,,,,,,,,,,,,,,,,,,,,,,,,,,,,,,,,,,,,,,,,,,,,,,362,342,345,345,345,363,,359,348,,,,,,,347,345,341,341,344,342,342,363,,,,,,,,,,,,,,,,,,,,,,,,,,,,,,
,,,,,,,,,,,,,,,,,,,,,,,,,,,,,,,,,,,,,,,,,,,,,,,362,343,345,344,346,348,,,351,,,,357,,,354,345,343,341,345,342,342,363,,,,,,,,,,,,,,,,,,,,,,,,,,,,,,
,,,,,,,,,,,,,,,,,,,,,,,,,,,,,,,,,,,,,,,,,,,,,,,347,344,346,346,341,344,355,,351,,353,349,363,,,,362,341,342,341,345,344,348,,,,,,,,,,,,,,,,,,,,,,,,,,,,,,
,,,,,,,,,,,,,,,,,,,,,,,,,,,,,,,,,,,,,,,,,,,,,,,362,342,343,345,344,344,363,,351,,347,346,345,355,,,354,344,341,341,346,344,348,,,,,,,,,,,,,,,,,,,,,,,,,,,,,,
,,,,,,,,,,,,,,,,,,,,,,,,,,,,,,,,,,,,,,,353,349,349,349,349,349,349,349,345,346,343,346,346,342,356,,347,349,342,346,346,343,355,,,347,345,346,346,343,363,,,,,,,,,,,,,,,,,,,,,,,,,,,,,,
,,,,,,,,,,,,,,,,,,,,,,,,,,,,,,,,,,,,,,,347,341,342,342,344,345,346,342,344,345,343,346,345,348,,,354,345,344,346,346,343,346,355,,362,341,342,345,344,348,,,,,,,,,,,,,,,,,,,,,,,,,,,,,,
,,,,,,,,,,,,,,,,,,,,,,,,,,,,,,,,,,,,,,,347,344,341,345,346,345,342,341,345,342,341,346,341,348,,,,347,341,346,343,346,342,348,,362,344,345,345,342,348,,,,,,,,,,,,,,,,,,,,,,,,,,,,,,
,,,,,,,,,,,,,,,,,,,,,,,,,,,,,,,,,,,,,,,362,343,346,341,344,346,343,342,346,341,343,342,341,342,355,,,362,345,341,343,341,345,343,349,346,341,341,344,346,348,,,,,,,,,,,,,,,,,,,,,,,,,,,,,,
,,,,,,,,,,,,,,,,,,,,,,,,,,,,,,,,,,,,,,,347,344,343,346,346,342,345,341,346,345,344,341,344,343,348,,359,350,350,342,346,343,341,346,343,345,341,342,345,343,348,,,,,,,,,,,,,,,,,,,,,,,,,,,,,,
,,,,,,,,,,,,,,,,,,,,,,,,,,,,,,,,,,,,,,,362,341,342,344,343,346,341,345,345,341,345,346,345,344,356,,,,,362,346,343,344,346,346,341,344,344,342,344,363,,,,,,,,,,,,,,,,,,,,,,,,,,,,,,
,,,,,,,,,,,,,,,,,,,,,,,,,,,,,,,,,,84,80,80,84,82,80,81,81,79,81,83,82,79,82,81,346,350,350,363,,,,,,354,342,345,345,341,344,343,346,342,345,343,348,,,,,,,,,,,,,,,,,,,,,,,,,,,,,,
,,,,,,,,,,,,,,,,,,,,,,,,,,,,,,,,,,80,81,84,79,81,79,78,81,79,79,81,79,63,63,201,201,201,201,201,201,201,201,201,201,201,341,341,345,344,341,346,346,346,344,341,348,,,,,,,,,,,,,,,,,,,,,,,,,,,,,,
,,,,,,,,,,,,,,,,,,,,,,,,,,,,,,,,,,81,84,83,80,82,79,78,80,84,82,78,81,,64,81,344,349,348,,,,,,347,349,344,345,344,342,341,344,342,343,342,341,348,,,,,,,,,,,,,,,,,,,,,,,,,,,,,,
,,,,,,,,,,,,,,,,,,,,,,,,,,,,,,,,,,82,84,78,80,79,79,84,81,80,81,84,201,201,80,79,345,343,344,349,355,,,353,341,344,344,342,341,341,345,344,345,346,341,344,342,349,349,349,349,355,,,,,,,,,,,,,,,,,,,,,,,,,
,,,,,,,,,,,,,,,,,,,,,,,,,,,,,,,,,,80,79,82,83,80,80,81,81,82,80,201,201,79,82,84,345,343,345,344,342,355,,347,344,341,345,344,343,344,346,342,342,343,345,341,343,346,342,344,344,348,,,,,,,,,,,,,,,,,,,,,,,,,
,,,,,,,,,,,,,,,,,,,,,,,,,,,,,,,,,,80,81,81,83,79,81,81,80,84,201,201,81,81,79,78,343,341,343,346,346,348,,362,342,345,346,341,341,343,342,342,341,345,344,345,346,343,341,342,344,341,349,349,349,349,355,,,,,,,,,,,,,,,,,,,,
,,,,,,,,,,,,,,,,,,,,,,,,,,,,,,,,,,82,79,79,84,80,79,82,84,201,201,79,83,79,78,80,345,342,343,346,344,348,,362,342,344,344,345,341,344,346,344,346,342,346,346,341,341,346,345,343,342,343,345,344,341,348,,,,,,,,,,,,,,,,,,,,
,,,,,,,,,,,,,,,,,,,,,,,,,,,,,,,,,,82,80,81,81,84,81,83,201,201,78,82,80,78,81,78,341,345,345,342,345,341,349,346,343,342,344,342,344,341,344,343,350,341,344,342,343,343,346,343,341,342,345,345,343,344,348,,,,,,,,,,,,,,,,,,,,
,,,,,,,,,,,,,,,,,,,,,,,,,,,,,,,,,,81,82,81,82,78,83,81,201,79,78,82,78,82,80,80,341,345,342,342,343,345,342,342,344,342,346,341,342,345,343,356,,347,345,344,343,343,341,345,346,346,343,346,346,342,348,,,,,,,,,,,,,,,,,,,,
,,,,,,,,,,,,,,,,,,,,,,,,,,,,,,,,,,82,83,78,79,79,80,79,201,79,79,80,84,79,82,80,346,341,344,343,342,342,345,341,343,344,346,346,343,344,363,,,347,346,344,344,346,341,344,342,341,342,344,343,345,346,349,349,355,,,,,,,,,,,,,,,,,
,,,,,,,,,,,,,,,,,,,,,,,,,,,,,,,,,,84,84,84,84,79,84,83,201,81,78,83,83,78,83,84,341,344,346,342,345,346,343,343,345,344,342,346,342,345,348,,,354,350,350,345,343,343,343,341,344,341,345,344,341,342,341,341,363,,,,,,,,,,,,,,,,,
,,,,,,,,,,,,,,,,,,,,,,,,,,,,,,,,,,82,78,81,81,79,201,63,,87,63,373,345,343,344,343,350,350,350,350,350,350,350,346,345,341,341,346,343,344,356,,,,,,354,350,345,346,341,343,343,344,344,341,343,342,345,348,,,,,,,,,,,,,,,,,
,,,,,,,,,,,,,,,,,,,,,,,,,,,,,,,,,,84,81,83,79,78,201,,,,,373,345,342,341,348,,,,,,,,347,342,344,342,346,342,363,,,,,357,,,,354,345,342,341,345,346,341,341,342,345,341,348,,,,,,,,,,,,,,,,,
,,,,,,,,,,,,,,,,,,,,,,,,,,,,,,,,,,78,83,82,82,83,201,,,,,373,342,343,344,348,,,,,,,,362,344,345,346,346,341,344,355,,,201,344,349,355,,,354,345,342,341,341,343,342,343,345,344,363,,,,,,,,,,,,,,,,,
,,,,,,,,,,,,,,,,,,,,,,,,,,,,,,,,,,78,82,84,80,83,201,,,,,373,343,346,345,348,,,,,,,,362,342,341,342,342,344,346,348,,,201,201,201,344,355,,,354,342,342,346,343,343,343,342,342,348,,,,,,,,,,,,,,,,,
,,,,,,,,,,,,,,,,,,,,,,,,,,,,,,,,,,83,79,84,83,79,201,,,,,373,341,341,342,363,,,,,,,,362,346,344,344,343,346,345,345,349,349,348,,201,201,343,355,,,354,346,345,346,342,343,343,342,363,,,,,,,,,,,,,,,,,
,,,,,,,,,,,,,,,,,,,,,,,,,,,,,,,,,,84,84,80,78,82,201,,,,,373,346,346,342,363,,,,,,,,362,341,344,343,342,344,344,342,344,344,348,,,201,201,346,355,,,354,346,344,342,346,341,345,348,,,,,,,,,,,,,,,,,
,,,,,,,,,,,,,,,,,,,,,,,,,,,,,,,,,,80,84,79,81,82,201,,,,,373,345,342,346,363,,,,,,,,362,343,343,342,346,341,344,344,343,343,363,,,,201,201,344,355,,,354,341,345,345,341,346,363,,,,,,,,,,,,,,,,,
,,,,,,,,,,,,,,,,,,,,,,,,,,,,,,,,,,83,79,79,81,83,201,,,,,373,346,344,346,363,,,,,,,,362,345,343,344,346,341,346,346,341,345,363,,,,,201,201,343,355,,,347,341,345,345,344,348,,,,,,,,,,,,,,,,,
,,,,,,,,,,,,,,,,,,,,,,,,,,,,,,,,,,78,78,83,80,82,201,64,,89,64,373,344,343,341,346,78,82,82,84,78,81,78,80,78,78,81,81,81,79,78,341,344,348,,,,,,201,201,363,,,347,345,344,343,343,363,,,,,,,,,,,,,,,,,
,,,,,,,,,,,,,,,,,,,,,,,,,,,,,,,,,,78,78,79,79,78,84,78,201,79,81,80,79,80,80,80,80,78,79,78,82,83,83,83,80,84,84,80,84,78,82,342,343,348,,,,,,,201,363,,,362,344,345,346,346,363,,,,,,,,,,,,,,,,,
,,,,,,,,,,,,,,,,,,,,,,,,,,,,,,,,,,80,79,82,78,79,84,82,201,81,84,81,83,80,79,84,80,80,82,81,82,79,80,78,78,84,83,83,82,78,84,346,345,363,,,,,,,,358,,,362,343,345,343,343,363,,,,,,,,,,,,,,,,,
,,,,,,,,,,,,,,,,,,,,,,,,,,,,,,,,,,78,80,78,80,84,80,78,201,83,80,84,84,84,81,82,83,81,80,81,78,80,79,80,84,83,78,82,78,78,82,343,345,363,,,,,,,,,,,362,341,343,341,346,363,,,,,,,,,,,,,,,,,
,,,,,,,,,,,,,,,,,,,,,,,,,,,,,,,81,79,78,78,80,80,84,81,82,78,201,83,78,78,80,78,81,84,81,79,83,82,80,80,78,81,78,78,80,81,79,78,81,346,342,363,,,,,,,201,355,,,347,342,344,341,343,363,,,,,,,,,,,,,,,,,
,,,,,,,,,,,,,,,,,,,,,,,,,,,,,,,81,78,79,84,80,78,78,81,82,81,201,81,78,78,82,78,84,78,82,83,84,82,81,79,80,79,78,84,78,84,84,78,81,343,342,363,,,,,,201,344,348,,,347,343,342,345,341,348,,,,,,,,,,,,,,,,,
,,,,,,,,,,,,,,,,,,,,,,,,,,,,,,,79,81,84,82,83,82,81,82,82,84,201,78,80,83,78,80,83,81,84,80,79,78,81,82,201,201,201,201,82,81,78,78,79,341,343,348,,,,,201,342,344,348,,,362,344,345,344,341,363,,,,,,,,,,,,,,,,,
,,,,,,,,,,,,,,,,,,,,,,,,,,,,,,,82,83,79,83,78,78,78,84,78,83,201,83,82,82,81,82,83,79,82,81,81,79,87,,,,80,201,82,78,82,78,82,344,342,363,,,,201,342,345,344,348,,,347,345,344,345,346,348,,,,,,,,,,,,,,,,,
,,,,,,,,,,,,,,,,,,,,,,,,,,,,,,,78,82,80,78,81,80,79,84,201,82,,,347,356,,82,83,82,78,81,83,87,,,,,82,201,78,78,81,78,78,345,345,348,,,201,345,343,343,341,348,,,362,342,341,342,344,363,,,,,,,,,,,,,,,,,
,,,,,,,,,,,,,,,,,,,,,,,,,,,,,,,79,84,80,83,83,82,81,82,201,78,,,351,,,84,80,81,81,79,87,,,,,,83,201,78,81,79,78,80,350,350,350,201,201,345,343,346,350,350,356,,,347,345,345,341,346,348,,,,,,,,,,,,,,,,,
,,,,,,,,,,,,,,,,,,,,,,,,,,,,,,,83,83,79,79,82,78,81,82,201,83,,,351,,,86,86,86,86,86,,,,,,,78,201,201,201,201,201,201,,,,,347,344,344,356,,,,,353,342,344,343,342,346,348,,,,,,,,,,,,,,,,,
,,,,,,,,,,,,,,,,,,,,,,,,,,,,,,,78,83,80,80,84,80,84,78,81,78,200,349,363,,,82,84,79,81,84,89,,,,,,78,201,78,83,83,83,83,349,349,355,,362,343,363,,,,357,,362,346,341,342,346,343,363,,,,,,,,,,,,,,,,,
,,,,,,,,,,,,,,,,,,,,,,,,,,,,,,,83,81,79,81,80,82,81,80,201,86,,354,341,349,201,78,82,82,78,82,80,89,,,,,82,201,78,82,79,82,78,345,344,348,,347,342,363,,,353,345,349,345,344,344,342,345,344,348,,,,,,,,,,,,,,,,,
,,,,,,,,,,,,,,,,,,,,,,,,,,,,,,,79,82,84,82,84,83,78,80,201,81,,,373,348,,82,84,79,82,79,79,81,89,,,,84,201,83,84,83,78,78,344,343,348,,347,341,363,,353,343,345,345,346,344,342,344,341,341,363,,,,,,,,,,,,,,,,,
,,,,,,,,,,,,,,,,,,,,,,,,,,,,,,,81,83,83,82,82,83,84,79,201,80,,,373,356,,201,201,79,78,82,79,84,81,84,201,201,201,201,80,80,84,79,83,345,341,363,,347,344,363,,347,341,344,346,345,344,341,342,341,345,363,,,,,,,,,,,,,,,,,
,,,,,,,,,,,,,,,,,,,,,,,,,,,,,,,81,80,79,84,80,83,84,80,201,82,,,351,,,81,201,83,83,81,84,83,83,78,82,83,84,84,81,83,81,81,81,341,342,343,201,350,350,345,201,345,344,345,342,345,342,346,344,344,342,348,,,,,,,,,,,,,,,,,
,,,,,,,,,,,,,,,,,,,,,,,,,,,,,,,84,82,79,81,81,82,79,84,201,84,,,362,355,,84,201,81,80,81,82,80,84,78,84,84,83,80,82,78,79,83,80,343,344,348,,,,358,,347,345,341,342,344,342,341,342,341,342,348,,,,,,,,,,,,,,,,,
,,,,,,,,,,,,,,,,,,,,,,,,,,,,,,,84,78,84,78,84,84,84,84,201,86,,,347,348,,80,201,79,83,81,83,82,83,80,80,84,81,83,84,83,79,83,82,342,346,363,,,,,,362,342,346,344,342,345,345,345,350,350,356,,,,,,,,,,,,,,,,,
,,,,,,,,,,,,,,,,,,,,,,,,,,,,,,,79,83,83,84,78,78,78,81,79,78,,,347,363,,79,201,80,80,79,78,82,81,81,80,79,78,78,78,79,79,78,80,344,342,341,355,,,,353,346,343,341,345,342,343,342,363,,,,,,,,,,,,,,,,,,,,
,,,,,,,,,,,,,,,,,,,,,,,,,,,,,,,81,78,80,84,82,84,81,79,86,79,,,347,363,,201,201,79,78,84,82,83,84,81,84,82,82,79,81,83,82,80,83,342,342,343,346,349,349,349,345,345,345,342,343,344,343,342,363,,,,,,,,,,,,,,,,,,,,
,,,,,,,,,,,,,,,,,,,,,,,,,,,,,,,84,80,78,80,78,84,81,83,86,79,,353,345,356,,82,82,78,83,78,80,83,78,82,80,83,78,79,80,81,84,78,81,346,344,345,344,342,345,346,344,343,342,345,343,345,342,343,363,,,,,,,,,,,,,,,,,,,,
,,,,,,,,,,,,,,,,,,,,,,,,,,,,,,,79,79,83,79,79,79,78,82,82,78,200,345,363,,,201,201,78,81,81,78,81,81,79,80,86,80,81,78,86,86,83,81,344,341,345,345,346,344,345,343,343,341,346,345,344,342,344,363,,,,,,,,,,,,,,,,,,,,
,,,,,,,,,,,,,,,,,,,,,,,,,,,,,,,79,81,82,82,83,80,81,83,83,82,,347,348,,,79,86,80,82,78,80,86,86,86,81,79,78,84,82,86,86,84,80,341,341,344,343,342,342,344,342,344,344,341,346,344,343,341,363,,,,,,,,,,,,,,,,,,,,
,,,,,,,,,,,,,,,,,,,,,,,,,,,,,,,81,82,80,79,84,83,82,82,79,201,,347,348,,,82,86,84,201,201,201,201,78,201,201,201,201,201,81,86,86,82,79,345,345,344,344,343,341,342,342,343,342,343,344,341,345,343,363,,,,,,,,,,,,,,,,,,,,
,,,,,,,,,,,,,,,,,,,,,,,,,,,,,,,82,83,81,80,81,81,79,82,84,201,,354,363,,,83,201,79,201,201,201,201,79,84,81,84,83,201,82,81,81,78,79,344,344,342,341,341,343,341,343,341,345,344,343,343,341,341,363,,,,,,,,,,,,,,,,,,,,
,,,,,,,,,,,,,,,,,,,,,,,,,,,,,,,78,82,84,80,81,83,78,82,79,201,,,347,355,,63,,354,343,343,343,344,343,343,343,344,342,342,344,341,343,342,342,341,342,345,345,342,343,343,341,342,342,341,341,342,345,343,363,,,,,,,,,,,,,,,,,,,,
,,,,,,,,,,,,,,,,,,,,,,,,,,,,,,,,,,78,82,79,81,82,80,79,,,354,348,,,,,362,343,345,341,344,343,344,343,345,342,344,341,343,345,341,342,345,344,345,345,343,343,344,344,345,345,342,343,344,345,363,,,,,,,,,,,,,,,,,,,,
,,,,,,,,,,,,,,,,,,,,,,,,,,,,,,,,,,80,81,84,78,81,86,84,,,,354,349,355,,,347,345,342,343,341,344,341,343,343,343,345,342,344,344,341,345,342,344,345,344,345,341,345,342,341,345,342,344,343,341,363,,,,,,,,,,,,,,,,,,,,
,,,,,,,,,,,,,,,,,,,,,,,,,,,,,,,,,,80,79,78,82,82,86,80,,89,,,354,356,,,362,343,341,345,341,344,341,341,343,343,345,341,341,344,343,343,342,342,341,343,344,342,344,342,345,341,342,344,345,341,363,,,,,,,,,,,,,,,,,,,,
,,,,,,,,,,,,,,,,,,,,,,,,,,,,,,,,,,82,80,81,79,84,86,80,200,84,,,,,,353,341,344,343,344,342,341,343,345,345,341,343,343,342,343,345,341,345,341,342,343,342,341,350,350,350,350,350,350,350,350,356,,,,,,,,,,,,,,,,,,,,
,,,,,,,,,,,,,,,,,,,,,,,,,,,,,,,,,,78,78,78,82,82,80,82,64,80,,90,64,,353,345,343,345,83,79,201,81,84,201,81,79,79,81,80,81,82,78,79,82,82,79,78,81,,,,,,,,,,,,,,,,,,,,,,,,,,,,,
,,,,,,,,,,,,,,,,,,,,,,,,,,,,,,,,,,83,78,78,79,82,83,82,78,78,201,84,79,201,78,201,201,201,84,82,201,82,79,201,78,86,86,83,83,84,81,78,82,79,84,80,80,83,,,,,,,,,,,,,,,,,,,,,,,,,,,,,
,,,,,,,,,,,,,,,,,,,,,,,,,,,,,,,,,,82,81,78,78,78,78,84,83,79,81,79,86,78,84,78,79,80,84,78,64,84,82,201,80,82,80,83,78,78,78,84,84,81,83,78,83,78,,,,,,,,,,,,,,,,,,,,,,,,,,,,,
,,,,,,,,,,,,,,,,,,,,,,,,,,,,,,,,,,80,79,81,83,78,78,81,81,78,80,83,86,80,82,79,83,79,83,82,78,80,78,79,84,80,82,81,79,80,78,83,81,82,81,83,84,84,,,,,,,,,,,,,,,,,,,,,,,,,,,,,
,,,,,,,,,,,,,,,,,,,,,,,,,,,,,,,,,,81,79,82,84,79,84,81,81,80,83,79,84,81,84,84,82,84,80,82,84,80,78,83,83,83,81,80,80,81,83,84,81,83,80,84,81,79,,,,,,,,,,,,,,,,,,,,,,,,,,,,,
,,,,,,,,,,,,,,,,,,,,,,,,,,,,,,,,,,81,79,80,80,84,82,83,84,80,84,84,80,79,84,80,82,79,81,79,83,79,82,83,79,81,83,84,80,81,79,81,84,78,79,80,78,78,,,,,,,,,,,,,,,,,,,,,,,,,,,,,
,,,,,,,,,,,,,,,,,,,,,,,,,,,,,,,,,,79,81,84,78,78,83,80,82,80,81,84,84,80,78,79,81,82,83,83,81,81,84,78,79,84,81,80,82,80,78,79,83,84,78,79,82,84,,,,,,,,,,,,,,,,,,,,,,,,,,,,,
,,,,,,,,,,,,,,,,,,,,,,,,,,,,,,,,,,,,,,,,,,,,,,,,,,,,,,,,,,,,,,,,,,,,,,,,,,,,,,,,,,,,,,,,,,,,,,,,,,,
,,,,,,,,,,,,,,,,,,,,,,,,,,,,,,,,,,,,,,,,,,,,,,,,,,,,,,,,,,,,,,,,,,,,,,,,,,,,,,,,,,,,,,,,,,,,,,,,,,,
,,,,,,,,,,,,,,,,,,,,,,,,,,,,,,,,,,,,,,,,,,,,,,,,,,,,,,,,,,,,,,,,,,,,,,,,,,,,,,,,,,,,,,,,,,,,,,,,,,,
,,,,,,,,,,,,,,,,,,,,,,,,,,,,,,,,,,,,,,,,,,,,,,,,,,,,,,,,,,,,,,,,,,,,,,,,,,,,,,,,,,,,,,,,,,,,,,,,,,,
,,,,,,,,,,,,,,,,,,,,,,,,,,,,,,,,,,,,,,,,,,,,,,,,,,,,,,,,,,,,,,,,,,,,,,,,,,,,,,,,,,,,,,,,,,,,,,,,,,,
,,,,,,,,,,,,,,,,,,,,,,,,,,,,,,,,,,,,,,,,,,,,,,,,,,,,,,,,,,,,,,,,,,,,,,,,,,,,,,,,,,,,,,,,,,,,,,,,,,,
,,,,,,,,,,,,,,,,,,,,,,,,,,,,,,,,,,,,,,,,,,,,,,,,,,,,,,,,,,,,,,,,,,,,,,,,,,,,,,,,,,,,,,,,,,,,,,,,,,,
,,,,,,,,,,,,,,,,,,,,,,,,,,,,,,,,,,,,,,,,,,,,,,,,,,,,,,,,,,,,,,,,,,,,,,,,,,,,,,,,,,,,,,,,,,,,,,,,,,,
,,,,,,,,,,,,,,,,,,,,,,,,,,,,,,,,,,,,,,,,,,,,,,,,,,,,,,,,,,,,,,,,,,,,,,,,,,,,,,,,,,,,,,,,,,,,,,,,,,,
,,,,,,,,,,,,,,,,,,,,,,,,,,,,,,,,,,,,,,,,,,,,,,,,,,,,,,,,,,,,,,,,,,,,,,,,,,,,,,,,,,,,,,,,,,,,,,,,,,,
,,,,,,,,,,,,,,,,,,,,,,,,,,,,,,,,,,,,,,,,,,,,,,,,,,,,,,,,,,,,,,,,,,,,,,,,,,,,,,,,,,,,,,,,,,,,,,,,,,,
,,,,,,,,,,,,,,,,,,,,,,,,,,,,,,,,,,,,,,,,,,,,,,,,,,,,,,,,,,,,,,,,,,,,,,,,,,,,,,,,,,,,,,,,,,,,,,,,,,,
,,,,,,,,,,,,,,,,,,,,,,,,,,,,,,,,,,,,,,,,,,,,,,,,,,,,,,,,,,,,,,,,,,,,,,,,,,,,,,,,,,,,,,,,,,,,,,,,,,,
,,,,,,,,,,,,,,,,,,,,,,,,,,,,,,,,,,,,,,,,,,,,,,,,,,,,,,,,,,,,,,,,,,,,,,,,,,,,,,,,,,,,,,,,,,,,,,,,,,,
,,,,,,,,,,,,,,,,,,,,,,,,,,,,,,,,,,,,,,,,,,,,,,,,,,,,,,,,,,,,,,,,,,,,,,,,,,,,,,,,,,,,,,,,,,,,,,,,,,,
,,,,,,,,,,,,,,,,,,,,,,,,,,,,,,,,,,,,,,,,,,,,,,,,,,,,,,,,,,,,,,,,,,,,,,,,,,,,,,,,,,,,,,,,,,,,,,,,,,,
,,,,,,,,,,,,,,,,,,,,,,,,,,,,,,,,,,,,,,,,,,,,,,,,,,,,,,,,,,,,,,,,,,,,,,,,,,,,,,,,,,,,,,,,,,,,,,,,,,,
,,,,,,,,,,,,,,,,,,,,,,,,,,,,,,,,,,,,,,,,,,,,,,,,,,,,,,,,,,,,,,,,,,,,,,,,,,,,,,,,,,,,,,,,,,,,,,,,,,,
,,,,,,,,,,,,,,,,,,,,,,,,,,,,,,,,,,,,,,,,,,,,,,,,,,,,,,,,,,,,,,,,,,,,,,,,,,,,,,,,,,,,,,,,,,,,,,,,,,,
,,,,,,,,,,,,,,,,,,,,,,,,,,,,,,,,,,,,,,,,,,,,,,,,,,,,,,,,,,,,,,,,,,,,,,,,,,,,,,,,,,,,,,,,,,,,,,,,,,,
,,,,,,,,,,,,,,,,,,,,,,,,,,,,,,,,,,,,,,,,,,,,,,,,,,,,,,,,,,,,,,,,,,,,,,,,,,,,,,,,,,,,,,,,,,,,,,,,,,,
BigDecor: 
,,,,,,,,,,,,,,,,,,,,,,,,,,,,,,,,,,,,,,,,,,,,,,,,,,,,,,,,,,,,,,,,,,,,,,,,,,,,,,,,,,,,,,,,,,,,,,,,,,,
,,,,,,,,,,,,,,,,,,,,,,,,,,,,,,,,,,,,,,,,,,,,,,,,,,,,,,,,,,,,,,,,,,,,,,,,,,,,,,,,,,,,,,,,,,,,,,,,,,,
,,,,,,,,,,,,,,,,,,,,,,,,,,,,,,,,,,,,,,,,,,,,,,,,,,,,,,,,,,,,,,,,,,,,,,,,,,,,,,,,,,,,,,,,,,,,,,,,,,,
,,,,,,,,,,,,,,,,,,,,,,,,,,,,,,,,,,,,,,,,,,,,,,,,,,,,,,,,,,,,,,,,,,,,,,,,,,,,,,,,,,,,,,,,,,,,,,,,,,,
,,,,,,,,,,,,,,,,,,,,,,,,,,,,,,,,,,,,,,,,,,,,,,,,,,,,,,,,,,,,,,,,,,,,,,,,,,,,,,,,,,,,,,,,,,,,,,,,,,,
,,,,,,,,,,,,,,,,,,,,,,,,,,,,,,,,,,,,,,,,,,,,,,,,,,,,,,,,,,,,,,,,,,,,,,,,,,,,,,,,,,,,,,,,,,,,,,,,,,,
,,,,,,,,,,,,,,,,,,,,,,,,,,,,,,,,,,,,,,,,,,,,,,,,,,,,,,,,,,,,,,,,,,,,,,,,,,,,,,,,,,,,,,,,,,,,,,,,,,,
,,,,,,,,,,,,,,,,,,,,,,,,,,,,,,,,,,,,,,,,,,,,,,,,,,,,,,,,,,,,,68,,,,,,,,,,,,,,,,,,,,,,,,,,,,,,,,,,,,,,
,,,,,,,,,,,,,,,,,,,,,,,,,,,,,,,,,,,,,,,,,,,,,,,,,,,,,,,,,,,,,,,,,,,,,,,,,,,,,,,,,,,,,,,,,,,,,,,,,,,
,,,,,,,,,,,,,,,,,,,,,,,,,,,,,,,,,,,,,,,,,,,,,,,,,,,,,,,,,,,,,,,,,,,,,,,,,,,,,,,,,,,,,,,,,,,,,,,,,,,
,,,,,,,,,,,,,,,,,,,,,,,,,,,,,,,,,,,,,,,,,,,,,,,,,,,,,,,69,,,,,,,,,,,,,,,,,,,,,,,,,,,,,,,,,,,,,,,,,,,,
,,,,,,,,,,,,,,,,,,,,,,,,,,,,,,,,,,,,,,,,,,,,,,,,,,,,,,,,,,,,,,,,,,,,,,,,,,,,,,,,,,,,,,,,,,,,,,,,,,,
,,,,,,,,,,,,,,,,,,,,,,,,,,,,,,,,,,,,,,,,,,,,,,,,,,,,,,,,,,,,,,,,,,,,,,,,,,,,,,,,,,,,,,,,,,,,,,,,,,,
,,,,,,,,,,,,,,,,,,,,,,,,,,,,,,,,,,,,,,,,,,,,,,,,,,,,,,,,,,,,,,,,,,,,,,,,,,,,,,,,,,,,,,,,,,,,,,,,,,,
,,,,,,,,,,,,,,,,,,,,,,,,,,,,,,,,,,,,,,,,,,,,,,,,,,,,,,,,,,,,,,,,,,,,,,,,,,,,,,,,,,,,,,,,,,,,,,,,,,,
,,,,,,,,,,,,,,,,,,,,,,,,,,,,,,,,,,,,,,,,,,,,,,,,,,,,,,,,,,,,,,,,,,,,,,,,,,,,,,,,,,,,,,,,,,,,,,,,,,,
,,,,,,,,,,,,,,,,,,,,,,,,,,,,,,,,,,,,,,,,,,,,,,,,,,,,,,,,,,,,,,,,,,,,,,,,,,,,,,,,,,,,,,,,,,,,,,,,,,,
,,,,,,,,,,,,,,,,,,,,,,,,,,,,,,,,,,,,,,,,,,,,,,,,,,,,,,,,,,,,,,,,,,,,,,,,,,,,,,,,,,,,,,,,,,,,,,,,,,,
,,,,,,,,,,,,,,,,,,,,,,,,,,,,,,,,,,,,,,,,,,,,,,,,,,,,,,,,,,,,,,,,,,,,,,,,,,,,,,,,,,,,,,,,,,,,,,,,,,,
,,,,,,,,,,,,,,,,,,,,,,,,,,,,,,,,,,,,,,,,,,,,,,,,,,,,,,69,,,,,,,,,,,,,,,,,,,,,,,,,,,,,,,,,,,,,,,,,,,,,
,,,,,,,,,,,,,,,,,,,,,,,,,,,,,,,,,,,,,,,,,,,,,,,,,,,,,,,,,,,,,,,,,,,,,,,,,,,,,,,,,,,,,,,,,,,,,,,,,,,
,,,,,,,,,,,,,,,,,,,,,,,,,,,,,,,,,,,,,,,,,,,,,,,,,,,,,,,,,,,,,,,,,,,,,,,,,,,,,,,,,,,,,,,,,,,,,,,,,,,
,,,,,,,,,,,,,,,,,,,,,,,,,,,,,,,,,,,,,,,,,,,,,,,,,,,,,,,,,,,,,,,,,,,,,,,,,,,,,,,,,,,,,,,,,,,,,,,,,,,
,,,,,,,,,,,,,,,,,,,,,,,,,,,,,,,,,,,,,,,,,,,,,,,,,,,,,,,,,,,,,,,,,,,,,,,,,,,,,,,,,,,,,,,,,,,,,,,,,,,
,,,,,,,,,,,,,,,,,,,,,,,,,,,,,,,,,,,,,,,,,,,,,,,,,,,,,,,,,,,,,,,,,,,,,,,,,,,,,,,,,,,,,,,,,,,,,,,,,,,
,,,,,,,,,,,,,,,,,,,,,,,,,,,,,,,,,,,,,,,,,,,,,,,,,,,,,,,,,,,,,,,,,,,,,,,,,,,,,,,,,,,,,,,,,,,,,,,,,,,
,,,,,,,,,,,,,,,,,,,,,,,,,,,,,,,,,,,,,,,,,,,,,,,,,,,,,,,,,,,,,,,,,,,,,,,,,,,,,,,,,,,,,,,,,,,,,,,,,,,
,,,,,,,,,,,,,,,,,,,,,,,,,,,,,,,,,,,,,,,,,,,,,,,,,,,,,,,,,,,,,,,,,,,,,,,,,,,,,,,,,,,,,,,,,,,,,,,,,,,
,,,,,,,,,,,,,,,,,,,,,,,,,,,,,,,,,,,,,,,,,,,,,,,,,,,,,,,,,,,,,,,,,,,,,,,,,,,,,,,,,,,,,,,,,,,,,,,,,,,
,,,,,,,,,,,,,,,,,,,,,,,,,,,,,,,,,,,,,,,,,,,,,,,,,,,,,,,,,,,,,,,,,,,,,,,,,,,,,,,,,,,,,,,,,,,,,,,,,,,
,,,,,,,,,,,,,,,,,,,,,,,,,,,,,,,,,,,,,,,,,,,,,,,,,,,,,,,,,,,,,,,,,,,,,,,,,,,,,,,,,,,,,,,,,,,,,,,,,,,
,,,,,,,,,,,,,,,,,,,,,,,,,,,,,,,,,,,,,,,,,,,,,,,,,,,,,,,,,,,,,,,,,,,,,,,,,,,,,,,,,,,,,,,,,,,,,,,,,,,
,,,,,,,,,,,,,,,,,,,,,,,,,,,,,,,,,,,,,,,,,,,,,,,,,,,,,,,,,,,,,,,,67,,,,,,,,,,,,,,,,,,,,,,,,,,,,,,,,,,,
,,,,,,,,,,,,,,,,,,,,,,,,,,,,,,,,,,,,,,,,,,,,,,,,,,,,,,,,,,,,,,,,,,,,,,,,,,,,,,,,,,,,,,,,,,,,,,,,,,,
,,,,,,,,,,,,,,,,,,,,,,,,,,,,,,,,,,,,,,,,,,,,,,,,,,,,,,,,,,,,,,,,,,,,,,,,,,,,,,,,,,,,,,,,,,,,,,,,,,,
,,,,,,,,,,,,,,,,,,,,,,,,,,,,,,,,,,,,,,,,,,,,,,,,,,,,,,,,,,,,,,,,,,,,,,,,,,,,,,,,,,,,,,,,,,,,,,,,,,,
,,,,,,,,,,,,,,,,,,,,,,,,,,,,,,,,,,,,,,,,,,,,,,,,,,,,,,,,,,,,,,,,,,,,,,,,,,,,,,,,,,,,,,,,,,,,,,,,,,,
,,,,,,,,,,,,,,,,,,,,,,,,,,,,,,,,,,,,,,,,,,,,,,,,,,,,,,,,,,,,,,,,,,,,,,,,,,,,,,,,,,,,,,,,,,,,,,,,,,,
,,,,,,,,,,,,,,,,,,,,,,,,,,,,,,,,,,,,,,,,,,,,,,,,,,,,,,,,,,,,,,,,,,,,,,,,,,,,,,,,,,,,,,,,,,,,,,,,,,,
,,,,,,,,,,,,,,,,,,,,,,,,,,,,,,,,,,,,,,,,,,,,,,,,,,,,,,,,,,,,,,,,,,,,,,,,,,,,,,,,,,,,,,,,,,,,,,,,,,,
,,,,,,,,,,,,,,,,,,,,,,,,,,,,,,,,,,,,,,,,,,,,,,,,,,,,,,,,,,,,,,,,,,,,,,,,,,,,,,,,,,,,,,,,,,,,,,,,,,,
,,,,,,,,,,,,,,,,,,,,,,,,,,,,,,,,,,,,,,,,,,,,,,,,,,,,,,,,,,,,,,,,,,,,,,,,,,,69,,,,,,,,,,,,,,,,,,,,,,,,
,,,,,,,,,,,,,,,,,,,,,,,,,,,,,,,,,,,,,,,,,,,,,,,,,,,,,,,,,,,,,,,,,,,,,,,,,,,,,,,,,,,,,,,,,,,,,,,,,,,
,,,,,,,,,,,,,,,,,,,,,,,,,,,,,,,,,,,,,,,,,,,,,,,,,,,,,,,,,,,,,,,,,,,,,,,,,,,66,,,,,,,,,,,,,,,,,,,,,,,,
,,,,,,,,,,,,,,,,,,,,,,,,,,,,,,,,,,,,,,,,,,,,,,,,,,,,,,,,,,,,,,,,,,,,,,,,,,,,,,,,,,,,,,,,,,,,,,,,,,,
,,,,,,,,,,,,,,,,,,,,,,,,,,,,,,,,,,,,,,,,,,,,,,,,,,,,,,,,,,,,,,,,,,,,,,,,,,,,,,,,,,,,,,,,,,,,,,,,,,,
,,,,,,,,,,,,,,,,,,,,,,,,,,,,,,,,,,,,,,,,,,,,,,,,,,,,,,,,,,,,,,,,,,,,,,,,,,,66,,,,,,,,,,,,,,,,,,,,,,,,
,,,,,,,,,,,,,,,,,,,,,,,,,,,,,,,,,,,,,,,,,,,,,,,,,,,,,,,,,,,,,,,,,,,,,,,,,,,,,,,,,,,,,,,,,,,,,,,,,,,
,,,,,,,,,,,,,,,,,,,,,,,,,,,,,,,,,,,,,,,,,,,,,,,,,,,,,,,,,,,,,,,,,,,,,,,,,,,69,,,,,,,,,,,,,,,,,,,,,,,,
,,,,,,,,,,,,,,,,,,,,,,,,,,,,,,,,,,,,,,,,,,,,,,,,,,,,,,,,,,,,,,,,,,,,,,,,,,,,,,,,,,,,,,,,,,,,,,,,,,,
,,,,,,,,,,,,,,,,,,,,,,,,,,,,,,,,,,,,,,,,,,,,,,,,,,,,,,,29,,,,,,,,,,,,,,,,,,,,,,,,,,,,,,,,,,,,,,,,,,,,
,,,,,,,,,,,,,,,,,,,,,,,,,,,,,,,,,,,,,,,,,,,,,,,,,,,,,,,,,,,,,,,,,,,,,,,,,,,,,,,,,,,,,,,,,,,,,,,,,,,
,,,,,,,,,,,,,,,,,,,,,,,,,,,,,,,,,,,,,,,,,,,,,,,,,,,,,,,,,,,,,,,,,,,,,,,,,,,,,,,,,,,,,,,,,,,,,,,,,,,
,,,,,,,,,,,,,,,,,,,,,,,,,,,,,,,,,,,,,,,,,,,,,,,,,,,,,,,29,,,,,,,,,,,,,,,,,,,,,,,,,,,,,,,,,,,,,,,,,,,,
,,,,,,,,,,,,,,,,,,,,,,,,,,,,,,,,,,,,,,,,,,,,,,,,,,,,,,,,,,,,,,,,,,,,,,,,,,,,,,,,,,,,,,,,,,,,,,,,,,,
,,,,,,,,,,,,,,,,,,,,,,,,,,,,,,,,,,,,,,,,,,,,,,,,,,,,,,,,,,,,,,,,,,,,,,,,,,,,,,,,,,,,,,,,,,,,,,,,,,,
,,,,,,,,,,,,,,,,,,,,,,,,,,,,,,,,,,,,,,,,,,,,,,,,,,,,,,,,,,,,,,,,,,,,,,,,,,,,,,,,,,,,,,,,,,,,,,,,,,,
,,,,,,,,,,,,,,,,,,,,,,,,,,,,,,,,,,,,,,,,,,,,,,,,,,,,,,,,,,,,,,,,,,,,,,,,,,,,,,,,,,,,,,,,,,,,,,,,,,,
,,,,,,,,,,,,,,,,,,,,,,,,,,,,,,,,,,,,,,,,,,,,,,,,,,,,,,,,,,,,,,,,,,,,,,,,,,,,,,,,,,,,,,,,,,,,,,,,,,,
,,,,,,,,,,,,,,,,,,,,,,,,,,,,,,,,,,,,,,,,,,,,,,,,,,,,,,,,,,,,,,,,,,,,,,,,,,,,,,,,,,,,,,,,,,,,,,,,,,,
,,,,,,,,,,,,,,,,,,,,,,,,,,,,,,,,,,,,,,,,,,,,,,,,,,,,,,,,,,,,,,,,,,,,,,,,,,,,,,,,,,,,,,,,,,,,,,,,,,,
,,,,,,,,,,,,,,,,,,,,,,,,,,,,,,,,,,,,,,,,,,,,,,,,,,,,,,,,,,,,,,,,,,,,,,,,,,,,,,,,,,,,,,,,,,,,,,,,,,,
,,,,,,,,,,,,,,,,,,,,,,,,,,,,,,,,,,,,,,,,,,,,,,,,,,,,,,,,,,,,,,,,,,,,,,,,,,,,,,,,,,,,,,,,,,,,,,,,,,,
,,,,,,,,,,,,,,,,,,,,,,,,,,,,,,,,,,,,,,,,,,,,,,,,,,,,,,,,,,,,,,,,,,,,,,,,,,,,,,,,,,,,,,,,,,,,,,,,,,,
,,,,,,,,,,,,,,,,,,,,,,,,,,,,,,,,,,,,,,,,,,,,,,,,,,,,,,,,,,,,,,,,,,,,,,,,,,,,,,,,,,,,,,,,,,,,,,,,,,,
,,,,,,,,,,,,,,,,,,,,,,,,,,,,,,,,,,,,,,,,,,,,,,,,,,,,,,,,,,,,,,,,,,,,,,,,,,,,,,,,,,,,,,,,,,,,,,,,,,,
,,,,,,,,,,,,,,,,,,,,,,,,,,,,,,,,,,,,,,,,,,,,,,,,,,,,,,,,,,,,,,,,,,,,,,,,,,,,,,,,,,,,,,,,,,,,,,,,,,,
,,,,,,,,,,,,,,,,,,,,,,,,,,,,,,,,,,,,,,,,,,,,,,,,,,,,,,,,,,,,,,,,,,,,,,,,,,,,,,,,,,,,,,,,,,,,,,,,,,,
,,,,,,,,,,,,,,,,,,,,,,,,,,,,,,,,,,,,,,,,,,,,,,,,,,,,,,,,,,,,,,,,,,,,,,,,,,,,,,,,,,,,,,,,,,,,,,,,,,,
,,,,,,,,,,,,,,,,,,,,,,,,,,,,,,,,,,,,,,,,,,,,,,,,,,,,,,,,,,,,,,,,,,,,,,,,,,,,,,,,,,,,,,,,,,,,,,,,,,,
,,,,,,,,,,,,,,,,,,,,,,,,,,,,,,,,,,,,,,,,,,,,,,,,,,,,,,,,,,,,,,,,,,,,,,,,,,,,,,,,,,,,,,,,,,,,,,,,,,,
,,,,,,,,,,,,,,,,,,,,,,,,,,,,,,,,,,,,,,,,,,,,,,,,,,,,,,,,,,,,,,,,,,,,,,,,,,,,,,,,,,,,,,,,,,,,,,,,,,,
,,,,,,,,,,,,,,,,,,,,,,,,,,,,,,,,,,,,,,,,,,,,,,,,,,,,,,,,,,,,,,,,,,,,,,,,,,,,,,,,,,,,,,,,,,,,,,,,,,,
,,,,,,,,,,,,,,,,,,,,,,,,,,,,,,,,,,,,,,,,,,,,,,,,,,,,,,,,,,,,,,,,,,,,,,,,,,,,,,,,,,,,,,,,,,,,,,,,,,,
,,,,,,,,,,,,,,,,,,,,,,,,,,,,,,,,,,,,,,,,,,,,,,,,,,,,,,,,,,,,,,,,,,,,,,,,,,,,,,,,,,,,,,,,,,,,,,,,,,,
,,,,,,,,,,,,,,,,,,,,,,,,,,,,,,,,,,,,,,,,,,,,,,,,,,,,,,,,,,,,,,,,,,,,,,,,,,,,,,,,,,,,,,,,,,,,,,,,,,,
,,,,,,,,,,,,,,,,,,,,,,,,,,,,,,,,,,,,,,,,,,,,,,,,,,,,,,,,,,,,,,,,,,,,,,,,,,,,,,,,,,,,,,,,,,,,,,,,,,,
,,,,,,,,,,,,,,,,,,,,,,,,,,,,,,,,,,,,,,,,,,,,,,,,,,,,,,,,,,,,,,,,,,,,,,,,,,,,,,,,,,,,,,,,,,,,,,,,,,,
,,,,,,,,,,,,,,,,,,,,,,,,,,,,,,,,,,,,,,,,,,,,,,,,,,,,,,,,,,,,,,,,,,,,,,,,,,,,,,,,,,,,,,,,,,,,,,,,,,,
,,,,,,,,,,,,,,,,,,,,,,,,,,,,,,,,,,,,,,,,,,,,,,,,,,,,,,,,,,,,,,,,,,,,,,,,,,,,,,,,,,,,,,,,,,,,,,,,,,,
,,,,,,,,,,,,,,,,,,,,,,,,,,,,,,,,,,,,,,,,,,,,,,,,,,,,,,,,,,,,,,,,,,,,,,,,,,,,,,,,,,,,,,,,,,,,,,,,,,,
,,,,,,,,,,,,,,,,,,,,,,,,,,,,,,,,,,,,,,,,,,,,,,,,,,,,,,,,,,,,,,,,,,,,,,,,,,,,,,,,,,,,,,,,,,,,,,,,,,,
,,,,,,,,,,,,,,,,,,,,,,,,,,,,,,,,,,,,,,,,,,,,,,,,,,,,,,,,,,,,,,,,,,,,,,,,,,,,,,,,,,,,,,,,,,,,,,,,,,,
,,,,,,,,,,,,,,,,,,,,,,,,,,,,,,,,,,,,,,,,,,,,,,,,,,,,,,,,,,,,,,,,,,,,,,,,,,,,,,,,,,,,,,,,,,,,,,,,,,,
,,,,,,,,,,,,,,,,,,,,,,,,,,,,,,,,,,,,,,,,,,,,,,,,,,,,,,,,,,,,,,,,,,,,,,,,,,,,,,,,,,,,,,,,,,,,,,,,,,,
,,,,,,,,,,,,,,,,,,,,,,,,,,,,,,,,,,,,,,,,,,,,,,,,,,,,,,,,,,,,,,,,,,,,,,,,,,,,,,,,,,,,,,,,,,,,,,,,,,,
,,,,,,,,,,,,,,,,,,,,,,,,,,,,,,,,,,,,,,,,,,,,,,,,,,,,,,,,,,,,,,,,,,,,,,,,,,,,,,,,,,,,,,,,,,,,,,,,,,,
,,,,,,,,,,,,,,,,,,,,,,,,,,,,,,,,,,,,,,,,,,,,,,,,,,,,,,,,,,,,,,,,,,,,,,,,,,,,,,,,,,,,,,,,,,,,,,,,,,,
,,,,,,,,,,,,,,,,,,,,,,,,,,,,,,,,,,,,,,,,,,,,,,,,,,,,,,,,,,,,,,,,,,,,,,,,,,,,,,,,,,,,,,,,,,,,,,,,,,,
,,,,,,,,,,,,,,,,,,,,,,,,,,,,,,,,,,,,,,,,,,,,,,,,,,,,,,,,,,,,,,,,,,,,,,,,,,,,,,,,,,,,,,,,,,,,,,,,,,,
,,,,,,,,,,,,,,,,,,,,,,,,,,,,,,,,,,,,,,,,,,,,,,,,,,,,,,,,,,,,,,,,,,,,,,,,,,,,,,,,,,,,,,,,,,,,,,,,,,,
,,,,,,,,,,,,,,,,,,,,,,,,,,,,,,,,,,,,,,,,,,,,,,,,,,,,,,,,,,,,,,,,,,,,,,,,,,,,,,,,,,,,,,,,,,,,,,,,,,,
,,,,,,,,,,,,,,,,,,,,,,,,,,,,,,,,,,,,,,,,,,,,,,,,,,,,,,,,,,,,,,,,,,,,,,,,,,,,,,,,,,,,,,,,,,,,,,,,,,,
,,,,,,,,,,,,,,,,,,,,,,,,,,,,,,,,,,,,,,,,,,,,,,,,,,,,,,,,,,,,,,,,,,,,,,,,,,,,,,,,,,,,,,,,,,,,,,,,,,,
,,,,,,,,,,,,,,,,,,,,,,,,,,,,,,,,,,,,,,,,,,,,,,,,,,,,,,,,,,,,,,,,,,,,,,,,,,,,,,,,,,,,,,,,,,,,,,,,,,,
,,,,,,,,,,,,,,,,,,,,,,,,,,,,,,,,,,,,,,,,,,,,,,,,,,,,,,,,,,,,,,,,,,,,,,,,,,,,,,,,,,,,,,,,,,,,,,,,,,,
,,,,,,,,,,,,,,,,,,,,,,,,,,,,,,,,,,,,,,,,,,,,,,,,,,,,,,,,,,,,,,,,,,,,,,,,,,,,,,,,,,,,,,,,,,,,,,,,,,,
,,,,,,,,,,,,,,,,,,,,,,,,,,,,,,,,,,,,,,,,,,,,,,,,,,,,,,,,,,,,,,,,,,,,,,,,,,,,,,,,,,,,,,,,,,,,,,,,,,,
,,,,,,,,,,,,,,,,,,,,,,,,,,,,,,,,,,,,,,,,,,,,,,,,,,,,,,,,,,,,,,,,,,,,,,,,,,,,,,,,,,,,,,,,,,,,,,,,,,,
,,,,,,,,,,,,,,,,,,,,,,,,,,,,,,,,,,,,,,,,,,,,,,,,,,,,,,,,,,,,,,,,,,,,,,,,,,,,,,,,,,,,,,,,,,,,,,,,,,,
MoveObject: type=32 stepAdvance=8 stepRecede=8 timeStopStart=25 timeStopEnd=25 posStart=704;3328 posEnd=640;3328 posCurrent=704;3328 step=1 time=7 phase=1057 channel=13 icon=74 
MoveObject: type=32 stepAdvance=16 stepRecede=16 timeStopStart=25 timeStopEnd=25 posStart=384;3392 posEnd=512;3392 posCurrent=384;3392 step=1 time=25 phase=1057 channel=13 icon=274 
MoveObject: type=33 stepAdvance=10 stepRecede=10 timeStopStart=23 timeStopEnd=23 posStart=64;3520 posEnd=128;3520 posCurrent=64;3520 step=1 time=7 phase=1057 channel=13 icon=248 
MoveObject: type=33 stepAdvance=10 stepRecede=10 timeStopStart=23 timeStopEnd=23 posStart=1024;3584 posEnd=960;3584 posCurrent=1024;3584 step=1 time=7 phase=1057 channel=13 icon=239 
MoveObject: type=33 stepAdvance=30 stepRecede=30 timeStopStart=23 timeStopEnd=23 posStart=896;3904 posEnd=704;3904 posCurrent=704;3904 step=3 time=12 phase=1057 channel=13 icon=243 
MoveObject: type=6 stepAdvance=1 stepRecede=1 timeStopStart=0 timeStopEnd=0 posStart=1218;4040 posEnd=1218;4040 posCurrent=1218;4040 step=1 time=0 phase=1057 channel=10 icon=21 
MoveObject: type=1 stepAdvance=100 stepRecede=100 timeStopStart=10 timeStopEnd=10 posStart=1536;3712 posEnd=1536;3072 posCurrent=1536;3315 step=4 time=38 phase=1057 channel=1 icon=80 
MoveObject: type=6 stepAdvance=1 stepRecede=1 timeStopStart=0 timeStopEnd=0 posStart=1858;3528 posEnd=1858;3528 posCurrent=1858;3528 step=1 time=0 phase=1057 channel=10 icon=21 
MoveObject: type=1 stepAdvance=30 stepRecede=30 timeStopStart=3 timeStopEnd=3 posStart=2240;2688 posEnd=2560;2688 posCurrent=2272;2688 step=2 time=3 phase=1057 channel=1 icon=89 
MoveObject: type=1 stepAdvance=30 stepRecede=30 timeStopStart=3 timeStopEnd=3 posStart=2304;2688 posEnd=2624;2688 posCurrent=2336;2688 step=2 time=3 phase=1057 channel=1 icon=88 
MoveObject: type=33 stepAdvance=10 stepRecede=10 timeStopStart=23 timeStopEnd=23 posStart=3648;2688 posEnd=3712;2688 posCurrent=3648;2688 step=1 time=7 phase=1057 channel=13 icon=248 
MoveObject: type=33 stepAdvance=20 stepRecede=20 timeStopStart=23 timeStopEnd=23 posStart=2368;2752 posEnd=2496;2752 posCurrent=2496;2752 step=3 time=22 phase=1057 channel=13 icon=249 
MoveObject: type=33 stepAdvance=30 stepRecede=30 timeStopStart=23 timeStopEnd=23 posStart=3840;2880 posEnd=3648;2880 posCurrent=3648;2880 step=3 time=12 phase=1057 channel=13 icon=243 
MoveObject: type=6 stepAdvance=1 stepRecede=1 timeStopStart=0 timeStopEnd=0 posStart=2050;4168 posEnd=2050;4168 posCurrent=2050;4168 step=1 time=0 phase=1057 channel=10 icon=21 
MoveObject: type=5 stepAdvance=1 stepRecede=1 timeStopStart=0 timeStopEnd=0 posStart=3138;4484 posEnd=3138;4484 posCurrent=3138;4484 step=1 time=0 phase=1057 channel=10 icon=0 
MoveObject: type=5 stepAdvance=1 stepRecede=1 timeStopStart=0 timeStopEnd=0 posStart=2370;4356 posEnd=2370;4356 posCurrent=2370;4356 step=1 time=0 phase=1057 channel=10 icon=0 
MoveObject: type=5 stepAdvance=1 stepRecede=1 timeStopStart=0 timeStopEnd=0 posStart=2434;4420 posEnd=2434;4420 posCurrent=2434;4420 step=1 time=0 phase=1057 channel=10 icon=0 
MoveObject: type=5 stepAdvance=1 stepRecede=1 timeStopStart=0 timeStopEnd=0 posStart=2498;4484 posEnd=2498;4484 posCurrent=2498;4484 step=1 time=0 phase=1057 channel=10 icon=0 
MoveObject: type=5 stepAdvance=1 stepRecede=1 timeStopStart=0 timeStopEnd=0 posStart=2562;4548 posEnd=2562;4548 posCurrent=2562;4548 step=1 time=0 phase=1057 channel=10 icon=0 
MoveObject: type=5 stepAdvance=1 stepRecede=1 timeStopStart=0 timeStopEnd=0 posStart=2626;4612 posEnd=2626;4612 posCurrent=2626;4612 step=1 time=0 phase=1057 channel=10 icon=0 
MoveObject: type=33 stepAdvance=10 stepRecede=10 timeStopStart=23 timeStopEnd=23 posStart=2432;4352 posEnd=2496;4352 posCurrent=2432;4352 step=1 time=7 phase=1057 channel=13 icon=248 
MoveObject: type=5 stepAdvance=1 stepRecede=1 timeStopStart=0 timeStopEnd=0 posStart=2690;4676 posEnd=2690;4676 posCurrent=2690;4676 step=1 time=0 phase=1057 channel=10 icon=0 
MoveObject: type=6 stepAdvance=1 stepRecede=1 timeStopStart=0 timeStopEnd=0 posStart=3842;4488 posEnd=3842;4488 posCurrent=3842;4488 step=1 time=0 phase=1057 channel=10 icon=21 
MoveObject: type=33 stepAdvance=10 stepRecede=10 timeStopStart=23 timeStopEnd=23 posStart=2560;4480 posEnd=2624;4480 posCurrent=2560;4480 step=1 time=7 phase=1057 channel=13 icon=248 
MoveObject: type=6 stepAdvance=1 stepRecede=1 timeStopStart=0 timeStopEnd=0 posStart=3458;4616 posEnd=3458;4616 posCurrent=3458;4616 step=1 time=0 phase=1057 channel=10 icon=21 
MoveObject: type=6 stepAdvance=1 stepRecede=1 timeStopStart=0 timeStopEnd=0 posStart=2498;4744 posEnd=2498;4744 posCurrent=2498;4744 step=1 time=0 phase=1057 channel=10 icon=21 
MoveObject: type=6 stepAdvance=1 stepRecede=1 timeStopStart=0 timeStopEnd=0 posStart=2242;4232 posEnd=2242;4232 posCurrent=2242;4232 step=1 time=0 phase=1057 channel=10 icon=21 
MoveObject: type=6 stepAdvance=1 stepRecede=1 timeStopStart=0 timeStopEnd=0 posStart=2242;4488 posEnd=2242;4488 posCurrent=2242;4488 step=1 time=0 phase=1057 channel=10 icon=21 
MoveObject: type=6 stepAdvance=1 stepRecede=1 timeStopStart=0 timeStopEnd=0 posStart=1090;4040 posEnd=1090;4040 posCurrent=1090;4040 step=1 time=0 phase=1057 channel=10 icon=21 
MoveObject: type=6 stepAdvance=1 stepRecede=1 timeStopStart=0 timeStopEnd=0 posStart=1154;4040 posEnd=1154;4040 posCurrent=1154;4040 step=1 time=0 phase=1057 channel=10 icon=21 
MoveObject: type=5 stepAdvance=1 stepRecede=1 timeStopStart=0 timeStopEnd=0 posStart=2946;4676 posEnd=2946;4676 posCurrent=2946;4676 step=1 time=0 phase=1057 channel=10 icon=0 
MoveObject: type=33 stepAdvance=10 stepRecede=10 timeStopStart=23 timeStopEnd=23 posStart=2688;4608 posEnd=2752;4608 posCurrent=2688;4608 step=1 time=7 phase=1057 channel=13 icon=248 
MoveObject: type=5 stepAdvance=1 stepRecede=1 timeStopStart=0 timeStopEnd=0 posStart=3010;4612 posEnd=3010;4612 posCurrent=3010;4612 step=1 time=0 phase=1057 channel=10 icon=0 
MoveObject: type=5 stepAdvance=1 stepRecede=1 timeStopStart=0 timeStopEnd=0 posStart=3074;4548 posEnd=3074;4548 posCurrent=3074;4548 step=1 time=0 phase=1057 channel=10 icon=0 
MoveObject: type=5 stepAdvance=1 stepRecede=1 timeStopStart=0 timeStopEnd=0 posStart=3202;4420 posEnd=3202;4420 posCurrent=3202;4420 step=1 time=0 phase=1057 channel=10 icon=0 
MoveObject: type=5 stepAdvance=1 stepRecede=1 timeStopStart=0 timeStopEnd=0 posStart=3266;4356 posEnd=3266;4356 posCurrent=3266;4356 step=1 time=0 phase=1057 channel=10 icon=0 
MoveObject: type=7 stepAdvance=1 stepRecede=1 timeStopStart=0 timeStopEnd=0 posStart=2882;4868 posEnd=2882;4868 posCurrent=2882;4868 step=1 time=0 phase=1057 channel=10 icon=29 
MoveObject: type=6 stepAdvance=1 stepRecede=1 timeStopStart=0 timeStopEnd=0 posStart=4610;2632 posEnd=4610;2632 posCurrent=4610;2632 step=1 time=0 phase=1057 channel=10 icon=21 
MoveObject: type=6 stepAdvance=1 stepRecede=1 timeStopStart=0 timeStopEnd=0 posStart=3202;2888 posEnd=3202;2888 posCurrent=3202;2888 step=1 time=0 phase=1057 channel=10 icon=21 
MoveObject: type=6 stepAdvance=1 stepRecede=1 timeStopStart=0 timeStopEnd=0 posStart=1986;4168 posEnd=1986;4168 posCurrent=1986;4168 step=1 time=0 phase=1057 channel=10 icon=21 
MoveObject: type=6 stepAdvance=1 stepRecede=1 timeStopStart=0 timeStopEnd=0 posStart=3394;4808 posEnd=3394;4808 posCurrent=3394;4808 step=1 time=0 phase=1057 channel=10 icon=21 
MoveObject: type=30 stepAdvance=1 stepRecede=1 timeStopStart=0 timeStopEnd=0 posStart=578;3974 posEnd=578;3974 posCurrent=578;3974 step=1 time=0 phase=1057 channel=10 icon=178 
MoveObject: type=6 stepAdvance=1 stepRecede=1 timeStopStart=0 timeStopEnd=0 posStart=4674;2760 posEnd=4674;2760 posCurrent=4674;2760 step=1 time=0 phase=1057 channel=10 icon=21 
MoveObject: type=6 stepAdvance=1 stepRecede=1 timeStopStart=0 timeStopEnd=0 posStart=4674;2952 posEnd=4674;2952 posCurrent=4674;2952 step=1 time=0 phase=1057 channel=10 icon=21 
MoveObject: type=6 stepAdvance=1 stepRecede=1 timeStopStart=0 timeStopEnd=0 posStart=3266;2888 posEnd=3266;2888 posCurrent=3266;2888 step=1 time=0 phase=1057 channel=10 icon=21 
MoveObject: type=6 stepAdvance=1 stepRecede=1 timeStopStart=0 timeStopEnd=0 posStart=1794;3528 posEnd=1794;3528 posCurrent=1794;3528 step=1 time=0 phase=1057 channel=10 icon=21 
