DescFile: posDecor=0;5920 dimDecor=100;100 world=0 music=6 region=27 blupiPos=386;6278 blupiDir=2 
Decor: 
,,,,,,,,,,,,,,,,,,,,,,,,,,,,,,,,,,,,,,,,,,,,,,,,,,,,,,,,,,,,,,,,,,,,,,,,,,,,,,,,,,,10,301,284,301,301,284,301,301,284,284,284,284,284,301,301,284,107
,,,,,,,,,,,,,,,,,,,,,,,,,,,,,,,,,,,,,,,,,,,,,,,,,,,,,,,,,,,,,,,,,,,,,,,,,,,,,,,,,,,251,287,287,287,287,287,287,287,287,287,287,287,10,25,284,301,107
,,,,,,,,,,,,,,,,,,,,,,,,,,,,,,,,,,,,,,,,,,,,,,,,,,,,,,,,,,,,,,,,,,,,,,,,,,,,,,,,,,,251,,,,,,,,,,,,10,10,284,284,107
,,,,,,,,,,,,,,,,,,,,,,,,,,,,,,,,,,,,,,,,,,,,,,,,,,,,,,,,,,,,,,,,,,,,,,,,,,,,,,,,,,,251,,,,,,,,,,,,53,303,284,301,107
,,,,,,,,,,,,,,,,,,,,,,,,,,,,,,,,,,,,,,,,,,,,,,,,,,,,,,,,,,,,,,,,,,,,,,,,,,,,,,,,,,,251,,,,,,,,,,,,,,293,301,107
,,,,,,,,,,,,,,,,,,,,,,,,,,,,,,,,,,,,,,,,,,,,,,,,,,,,,,,,,,,,,,,,,,,,,,,,,,,,,,,,,,,253,,,,,,,,,,,,,,,287,107
,,,,,,,,,,,,,,,,,,,,,,,,,,,,,,,,,,,,,,,,,,,,,,,,,,,,,,,,,,,,,,,,,,,,,,,,,,,,,,,,,,,252,,,,,,,,,,,,,,,,107
,,,,,,,,,,,,,,,,,,,,,,,,,,,,,,,,,,,,,,,,,,,,,,,,,,,,,,,,,,,,,,,,,,,,,,,,,,,,,,,,,,,252,,,,,,,,,,,,,,,,107
,,,,,,,,,,,,,,,,,,,,,,,,,,,,,,,,,,,,,,,,,,,,,,,,,,,,,,,,,,,,,,,,,,,,,,,,,,,,,,,,,,,251,,,,,,,,,,,,,,,,107
,,,,,,,,,151,144,144,144,144,144,144,144,144,144,144,144,144,144,144,144,144,144,144,144,144,144,144,150,,,,,,,,,,,,,,,,,,,,,,,,,,,,,,,,,,,,,,,,,,,,,,,,,,,252,,,,,,,,,,,,,,,,107
,,,,,,,,,36,156,35,35,35,156,156,35,35,156,35,156,156,35,156,156,156,156,156,35,156,35,35,37,,,,,,,,,,,,,,,,,,,,,,,,,,,,,,,,,,,,,,,,,,,,,,,,,,,252,,,,,,,,,,,,,,,288,107
,,,,,,,,,36,35,156,35,156,35,156,156,35,156,156,35,35,156,35,35,35,35,156,35,35,35,156,37,,,,,,,,,,,,,,,,,,,,,,,,,,,,,,,,,,,,,,,,,,,,,,,,,,,252,,,,,,,,,,,,,,303,284,107
,,,,,,,,,36,156,35,156,156,156,35,156,156,35,156,35,35,156,35,35,156,156,35,156,156,156,35,37,,,,,,,,,,,,,,,,,,,,,,,,,,,,,,,,,,,,,,,,,,,,,,,,,,,251,,,,,,,,,,,,,,294,284,107
,,,,,,,,,36,35,35,35,156,35,156,156,35,35,35,35,35,35,35,35,35,35,156,156,156,35,156,37,,,,,,,,,,,,,,,,,,,,,,,,,,,,,,,,,,,,,,,,,,,,,,,,,,,253,,,,,,,,,,,,,286,284,284,107
,,,,,,,,,36,35,156,156,35,35,35,156,156,35,156,35,35,156,156,156,35,156,156,35,156,35,156,37,,,,,,,,,,,,,,,,,,,,,,,,,,,,,,,,,,,,,,,,,,,,,,,,,,,253,,,,,,,,,,,,,286,301,301,107
,,,,,,,,,36,156,35,35,145,145,145,145,145,156,35,35,35,156,35,35,35,156,35,35,156,156,35,37,,,,,,,,,,,,,,,,,,,,,,,,,,,,,,,,,,,,,,,,,,,,,,,,,,,253,,,,,,,,,,,,,303,301,301,107
,,,,,,,,,36,35,145,149,,,,,,152,145,145,145,35,35,35,35,156,156,156,35,156,35,37,,,,,,,,,,,,,,,,,,,,,,,,,,,,,,,,,,,,,,,,,,,,,,,,,,,251,,,,,,,,,288,288,288,,294,301,301,107
,,,,,,,,,152,149,,,,,,,,,,,,152,145,145,35,156,156,156,35,35,35,37,,,,,,,,,,,,,,,,,,,,,,,,,,,,,,,,,,,,,,,,,,,,,,,,,,288,253,288,288,,,,,,294,301,284,301,77,284,301,301,107
,,,,,,,,,,,,,,,,,,,,,,,,,152,35,156,156,156,35,35,156,144,144,150,,,,,,,,,,,,,,,,,,,,,,,,,,,,,,,,,,,,,,,,,,,,,,286,301,10,301,284,292,288,288,288,294,284,284,284,301,289,284,299,301,107
,,,,,,,,,,,,,,,,,,,,,,,,,,36,35,35,35,156,156,35,156,35,37,,,,,,,,,,,,,,,,,,,,,,,,,,,,,,,,,,,,,,,,,,,,,288,286,301,251,301,284,284,301,301,301,301,301,284,301,284,300,301,301,301,107
,,,,,,,,,,,,,,,,,,,,,,,,,,152,145,35,156,35,35,156,35,156,37,,,,,,,,,,,,,,,,,,,,,,,,,,,,,,,,,,,,,,,,,,,,294,284,289,301,251,284,301,284,301,301,284,301,284,284,301,297,303,284,301,301,107
,,,,,,,,,,,,,,,,,,,,,,,,,,,,36,35,156,156,35,156,156,37,,,,,,,,,,,,,,,,,,,,,,,,,,,,,,,,,,,,,,,,,,,303,301,284,300,301,253,301,284,301,301,301,299,284,301,301,301,301,77,301,284,301,107
,,,,,,,,,,,,,,,,,,,,,,,,,,,,36,156,156,156,35,156,156,37,,,,,,,,,,,,,,,,,,,,,,,,,,,,,,,,,,,,,,,,,,,294,284,284,289,284,253,284,301,284,284,284,284,284,284,301,284,301,300,301,284,297,107
,,,,,,,,,,,,,,,,,,,,,,,,,,,,152,156,156,35,156,35,35,37,,,,,,,,,,,,,,,,,,,,,,,,,,,,,,,,,,,,,,,,,,303,301,301,284,296,301,251,284,301,299,301,301,284,284,284,301,297,287,294,284,301,284,107
,,,,,,,,,,,,,,,,,,,,,,,,,,,,,152,156,35,35,156,156,37,,,,,,,,,,,,,,,,,,,,,,,,,,,,,,,,,,,,,,,,,,303,284,301,301,301,284,251,284,284,301,301,301,301,301,295,284,284,289,284,284,299,284,107
,,,,,,,,,,,,,,,,,,,,,,,,,,,,,,36,35,35,35,35,37,,,,,,,,,,,,,,,,,,,,,,,,,,,,,,,,,,,,,,,,,,286,301,284,284,301,301,251,284,301,301,284,291,287,287,,293,284,300,284,295,284,284,107
,,,,,,,,,,,,,,,,,,,,,,,,,,,,,,92,156,156,35,156,37,,,,,,,,,,,,,,,,,,,,,,,,,,,,,,,,,,,,,,,,,,303,301,301,284,284,301,10,284,301,291,290,,,,288,,287,,290,294,284,301,107
,,,,,,,,,,,,,,,,,,,,,,,,,,,,,,92,35,35,156,35,37,,,,,,,,,,,,,,,,,,,,,,,,,,,,,,,,,,,,,,,,,,286,284,284,301,284,291,251,284,284,296,301,292,,294,284,292,288,294,301,284,284,284,107
,,,,,,,,,,,,,,,,,,,,,,,,,,,,,,36,35,156,156,156,37,,,,,,,,,,,,,,,,,,,,,,,,,,,,,,,,,,,,,,,,,,286,301,299,301,301,285,253,284,284,284,284,301,77,301,301,301,284,284,284,301,301,301,107
,,,,,,,,,,,,,,,,,,,,,,,,,,,,,151,156,35,35,156,35,37,,,,,,,,,,,,,,,,,,,,,,,,,,,,,,,,,,,,,,,,,,303,301,301,301,291,,251,284,299,284,284,284,289,301,284,301,301,301,299,301,301,284,107
,,,,,,,,,,,,,,,,,,,,,,,,,,,,,36,35,35,35,35,156,37,,,,,,,,,,,,,,,,,,,,,,,,,,,,,,,,,,,,,,,,,,286,301,284,284,285,,252,293,301,301,284,301,289,301,284,301,284,301,301,284,284,301,107
,,,,,,,,,,,,,,,,,,,,,,,,,,,,151,156,35,156,156,156,35,37,,,,,,,,,,,,,,,,,,,,,,,,,,,,,,,,,,,,,,,,,,303,284,301,284,285,,252,286,284,299,284,284,300,301,301,301,284,295,301,284,284,284,107
,,,,,,,,,,,,,,,,,,,,,,,,,,,151,156,156,35,35,156,35,35,37,,,,,,,,,,,,,,,,,,,,,,,,,,,,,,,,,,,,,,,,,,286,284,301,301,302,,251,286,301,284,291,287,,298,301,284,301,289,284,295,284,291,108
,,,,,,,,,,,,,,,,,,,,,,,,,,151,35,35,156,35,35,156,156,35,37,,,,,,,,,,,,,,,,,,,,,,,,,,,,,,,,,,,,,,,,,,286,301,284,284,285,,253,,293,284,285,288,294,301,284,284,291,,287,,287,,
,,,,,,,,,,,,,,,,,,,,,,,,,151,156,35,156,156,35,156,156,35,35,37,,,,,,,,,,,,,,,,,,,,,,,,,,,,,,,,,,,,,,,,,,303,301,284,301,285,,251,,288,290,294,301,284,284,284,284,302,,,,,,
,,,,,,,,,,,,,,,,,,,,,,,,,36,35,35,156,35,35,156,156,35,156,37,,,,,,,,,,,,,,,,,,,,,,,,,,,,,,,,,,,,,,,,,,286,301,284,291,,56,10,200,301,301,284,301,301,301,301,301,285,,,,,,
,,,,,,,,,,,,,,,,,,,,,,,151,144,35,156,35,156,35,35,156,35,35,284,284,302,,,,,,,,,,,,,,,,,,,,,,,,,,,,,,,,,,,,,,,,,286,284,284,285,,,253,,293,301,301,284,284,284,284,284,302,,,,,,
,,,,,,,,,,,,,,,,,,,,,,,152,35,35,156,156,156,156,156,156,35,156,284,301,302,,,,,,,,,,,,,,,,,,,,,,,,,,,,,,,,,,,,,,,,,303,301,284,292,288,,253,,,290,293,284,301,284,284,301,285,,,,,,
,,,,,,,,,,,,,,,,,,,,,,,,36,35,35,156,35,35,156,35,35,35,301,301,302,,,,,,,,,,,,,,,,,,,,,,,,,,,,,,,,,,,,,,,,,286,284,284,284,301,285,251,,303,301,296,284,337,284,284,284,302,,,,,,
,,,,,,,,,,,,,,,,,,,,,,,,152,145,35,156,35,156,35,156,156,35,301,284,292,,,,,,,,,,,,,,,,,,,,,,,,,,,,,,,,,,,,,,,,,288,298,301,284,301,292,253,,286,301,301,284,301,301,284,284,285,,,,,,
,,,,,,,,,,,,,,,,,,,,,,,,,,152,145,156,35,35,156,35,156,284,284,284,285,,,,,,,,,,,,,,,,,,,,,,,,,,,,,,,,,,,,,,,294,284,284,301,301,301,284,252,,303,284,295,301,284,301,301,284,302,,,,,,
,,,,,,,,,,,,,,,,,,,,,,,,,,,,152,156,156,35,35,156,301,284,297,,,,,,,,,,,,,,,,,,,,,,,,,,,,,,,,,,,,,,,286,284,301,284,301,295,301,284,253,,,287,294,284,299,284,301,301,302,,,,,,
,,,,,,,,,,,,,,,,,,,,,,,,,,,,,152,35,156,156,35,301,284,301,302,,,,,,,,,,,,,,,,,,,,,,,,,,,,,,,,,,,,,,286,284,284,284,284,292,293,284,253,,,294,284,284,301,301,284,291,,,,,,,
,,,,,,,,,,,,,,,,,,,,,,,,,,,,,,36,35,35,156,284,301,284,302,,,,,,,,,,,,,,,,,,,,,,,,,,,,,,,,,,,,,,294,284,284,301,299,284,296,301,251,,294,284,284,299,284,284,297,,,,,,,,
,,,,,,,,,,,,,,,,,,,,,,,,,,,,,,36,35,156,156,284,284,284,302,,,,,,,,,,,,,,,,,,,,,,,,,,,,,,,,,,,,288,294,284,301,301,295,284,284,301,337,73,201,284,284,301,301,301,301,284,285,,,,,,,
,,,,,,,,,,,,,,,,,,,,,,,,,,,,,,152,35,35,35,301,284,301,302,,,,,,,,,,,,,,,,,,,,,,,,,,,,,,,,,,,294,284,301,301,284,284,296,301,301,284,291,252,284,284,301,284,301,284,301,284,292,,,,,,,
,,,,,,,,,,,,,,,,,,,,,,,,,,,,,,,36,156,156,284,301,301,285,,,,,,,,,,,,,,,,,,,,,,,,,,,,,,,,,,286,284,301,301,284,284,284,284,284,299,284,285,252,284,284,301,301,301,301,301,284,284,302,,,,,,
,,,,,,,,,,,,,,,,,,,,,,,,,,,,,,,36,156,156,301,284,284,292,,,,,,,,,,,,,,,,,,,,,,,,,,,,,,,,,,303,284,284,284,284,301,301,301,284,301,291,,253,287,293,284,284,284,291,293,284,284,302,,,,,,
,,,,,,,,,,,,,,,,,,,,,,,,,,,,,,,152,156,156,284,301,284,284,302,,,,,,,,,,,,,,,,,,,,,,,,,,,,,,,,,286,284,299,284,284,284,284,284,284,297,,,251,,294,301,284,301,292,303,284,301,292,,,,,,
,,,,,,,,,,,,,,,,,,,,,,,,,,,,,,,,36,156,284,284,301,284,302,,,,,,,,,,,,,,,,,,,,,,,,,,,,,,,,,286,284,284,284,301,301,301,284,301,301,302,,252,303,301,301,284,301,301,296,284,301,284,292,,288,,,
,,,,,,,,,,,,,,,,,,,,,,,,,,,,,,,,152,156,301,284,301,301,292,288,288,288,,288,288,,,,,,,,,,,,,,,,,,,,,,,,,,,303,301,284,301,284,284,301,284,284,291,,,251,286,301,301,284,284,301,284,284,301,284,284,296,284,302,,
,,,,,,,,,,,,,,,,,,,,,,,,,,,,,,,,,36,284,301,284,301,284,301,284,284,296,284,301,285,,,,,,,,,,,,,,,,,,,,,,,,,,286,284,284,284,284,301,284,284,291,,,,252,286,301,301,284,299,284,301,284,284,284,284,284,301,302,,
,,,,,,,,,,,,,,,,,,,,,,,,,,,,,,,,,36,301,284,301,301,301,301,301,299,301,301,301,285,288,,,,,,,,,,,,,,,,,,,,,,,,,303,301,301,301,301,301,284,291,,,56,10,10,10,10,10,10,284,284,284,301,284,301,301,295,301,285,,
,,,,,,,,,,,,,,,,,,,,,,,,,,,,,,,,,36,301,284,284,284,284,301,284,301,284,301,301,296,284,285,,,,,,,,,,,,,,,,,,,,,,,,286,284,284,284,284,301,284,285,,,,92,91,91,91,91,10,284,301,301,284,301,301,301,296,301,285,,
,,,,,,,,,,,,,,,,,,,,,,,,,,,,,,,,,201,201,284,284,301,284,301,301,284,301,284,284,301,297,,,,,,,,,,,,,,,,,,288,288,288,288,288,288,288,294,284,284,299,284,301,284,302,,,,92,91,91,91,91,10,10,10,10,10,10,284,301,284,284,302,,
,,,,,,,,,,,,,,,,,,,,,,,,,,,,,,,,,36,201,287,293,301,284,299,284,301,301,284,284,295,284,285,,288,288,,,,,,,,,,,,,294,284,301,284,284,284,301,301,284,284,284,301,284,301,297,,,,,92,91,91,91,91,91,91,91,91,91,10,284,284,284,301,302,,
,,,,,,,,,,,,,,,,,,,,,,,,,,,,,,,,,36,301,292,,287,293,301,301,284,301,284,284,296,284,285,294,284,284,285,,,,,,,,,,,286,284,284,284,301,301,284,301,301,284,301,284,284,284,301,301,302,,,,92,91,91,91,91,10,10,10,10,91,10,301,284,284,301,302,,
,,,,,,,,,,,,,,,,,,,,,,,,,,,,,,,,,36,301,284,292,288,288,293,301,301,284,299,301,284,284,296,301,301,301,292,288,,288,288,,,,,,,303,301,284,284,301,301,284,301,301,284,301,301,284,284,284,284,285,,,,92,91,91,91,91,10,284,301,10,91,10,301,301,284,284,302,,
,,,,,,,,,,,,,,,,,,,,,,,,,,,,,,,,,36,284,301,284,284,284,300,301,284,301,301,301,301,301,301,301,301,284,284,284,296,301,284,285,,,,,,303,284,301,301,301,284,284,284,301,284,284,284,284,301,301,301,292,,,56,10,10,10,10,10,10,284,284,10,91,10,301,284,284,301,285,,
,,,,,,,,,,,,,,,,,,,,,,,,,,,,,,,,151,35,284,297,290,290,290,288,287,293,301,301,284,284,284,284,284,284,299,284,299,284,284,301,302,,,,,,,298,301,301,301,301,301,301,284,284,301,301,284,284,301,301,301,292,288,,,252,301,301,284,284,301,284,10,91,10,301,301,284,301,285,,
,,,,,,,,,,,,,,,,,,,,,,,,,,,,,,,,36,156,301,284,284,301,284,301,285,303,284,284,284,301,301,284,301,301,284,284,301,284,284,297,288,,288,288,288,288,294,284,284,284,301,301,301,284,284,284,301,284,284,284,284,301,284,301,301,285,,251,293,301,284,301,284,301,10,91,10,284,301,284,301,285,,
,,,,,,,,,,,,,,,,,,,,,,,,,,,,,,,,36,35,301,284,284,291,293,284,302,294,301,301,284,284,301,301,297,298,284,284,284,301,301,301,301,296,301,284,301,284,301,284,301,301,284,301,284,284,295,301,284,301,301,301,301,301,301,284,301,285,288,251,303,284,284,284,284,301,10,91,10,301,284,284,301,285,,
,,,,,,,,,,,,,,,,,,,,,,,,,,,,,,,,36,35,284,299,284,292,303,301,300,301,295,284,201,200,201,284,284,301,299,284,301,284,301,284,299,301,284,301,284,284,284,284,301,284,301,284,299,284,300,284,301,291,293,284,301,301,301,284,284,300,301,252,,293,284,295,301,284,10,91,10,301,284,284,284,302,,
,,,,,,,,,,,,,,,,,,,,,,,,,,,,,,,151,156,35,301,301,284,284,296,284,285,287,286,284,201,200,201,200,200,301,301,284,301,299,284,284,284,284,284,301,284,284,301,284,301,284,301,284,284,284,285,287,287,288,286,301,291,290,293,284,284,300,284,252,,,287,,293,301,10,91,10,301,284,301,301,285,,
,,,,,,,,,,,,,,,,,,,,,,,,,,,,,,,36,156,35,290,287,287,298,301,284,302,288,288,290,201,301,201,,,293,301,301,284,284,284,284,301,301,284,284,299,301,301,301,284,284,295,284,284,291,,288,294,284,292,290,294,301,300,301,301,296,301,251,288,,,,,10,10,91,10,284,301,284,301,302,,
,,,,,,,,,,,,,,,,,,,,,,,,,,,,,,151,156,156,156,301,292,286,301,284,301,296,284,284,301,301,284,201,288,,286,301,284,297,298,284,301,301,295,284,284,284,301,291,293,301,284,300,284,291,,303,284,284,301,284,301,284,301,289,301,301,284,301,10,301,302,,,,92,91,91,10,284,301,301,284,285,,
,,,,,,,,,,,,,,,,,,,,,,,,,,,,,,36,35,35,35,301,284,300,301,299,301,301,284,297,298,301,284,301,284,292,286,301,284,284,301,301,301,284,296,284,301,284,291,,303,301,297,303,284,285,,294,284,301,301,297,298,284,284,292,290,293,284,291,252,301,292,,,60,10,10,10,10,284,301,284,301,285,,
,,,,,,,,,,,,,,,,,,,,,,,,,,,,,,36,35,156,156,284,284,285,298,301,299,301,284,284,301,301,301,301,301,301,289,284,301,301,301,284,297,293,284,301,301,301,292,,294,301,284,289,301,285,286,284,284,301,295,284,284,301,301,284,284,300,301,285,252,284,284,285,,,303,284,301,284,301,301,284,301,285,,
,,,,,,,,,,,,,,,,,,,,,,,,,,,,151,144,35,35,35,156,301,301,300,301,284,301,297,298,301,301,284,284,301,284,297,,298,301,301,301,284,284,296,301,284,295,301,301,300,284,301,301,201,201,201,201,301,284,284,296,284,284,301,284,301,301,302,287,,251,293,284,292,,,303,301,284,301,284,284,284,301,285,,
,,,,,,,,,,,,,,,,,,,,,,,,,,,151,156,35,156,35,156,35,298,301,300,284,301,301,284,284,301,284,301,301,301,284,284,300,284,284,299,301,301,301,301,284,284,296,284,301,302,293,301,291,201,201,284,301,301,284,284,301,284,284,301,284,301,301,302,,,251,286,284,284,285,,294,284,301,284,284,284,284,301,302,,
,,,,,,,,,,,,,,,,,,,,,,,,,,151,156,156,156,35,156,156,156,284,284,292,298,301,301,295,284,299,284,301,301,301,284,284,289,284,301,301,299,301,299,284,284,284,301,301,291,,,287,,201,201,284,284,301,295,301,301,284,284,301,284,284,284,292,,,252,286,301,301,292,286,301,284,284,301,284,301,299,284,285,,
,,,,,,,,,,,,,,,,,,,,,,,,151,144,156,35,35,156,35,35,156,156,301,301,301,301,284,284,300,284,284,284,284,301,284,301,284,289,301,284,284,284,301,284,301,301,284,295,301,285,,,288,294,301,284,301,284,301,289,301,301,301,301,284,284,301,301,301,292,,252,303,301,301,301,300,284,284,295,301,284,299,301,284,285,,
,,,,,,,,,,,,,,,,,,,,,,,151,35,156,156,35,35,156,35,35,156,35,301,301,301,284,297,290,286,301,301,301,301,299,301,291,287,303,284,284,299,284,301,301,297,298,301,300,301,302,,286,284,284,301,299,301,301,284,296,301,295,284,301,301,284,301,301,284,284,302,252,294,284,301,284,300,301,284,296,284,301,301,284,284,302,,
,,,,,,,,,,,,,,,,,,,,,,151,35,156,35,35,156,35,156,156,156,35,35,284,299,284,295,301,284,302,298,301,301,301,284,284,285,,303,301,301,284,284,301,301,284,284,301,292,287,,288,294,284,301,301,284,301,301,284,284,291,286,284,301,301,301,284,299,284,284,285,252,284,284,301,284,300,301,301,284,284,301,301,284,301,302,,
,,,,,,,,,,,,,,,,,,,,,,36,35,35,35,156,156,35,156,35,35,156,35,284,284,284,296,301,301,296,301,301,301,284,301,284,285,,60,10,201,201,201,201,201,201,201,201,284,285,294,284,284,284,301,299,284,295,284,284,301,302,286,301,299,284,301,284,284,284,291,,251,284,301,301,291,303,284,301,301,284,284,301,284,284,285,,
,,,,,,,,,,,,,,,,,,,,,151,35,156,156,156,156,35,156,35,35,156,156,35,284,284,284,301,284,301,284,284,301,284,301,301,291,,,,,,,,,,,,,287,294,301,301,284,299,284,284,284,300,284,291,287,,286,284,284,284,284,284,284,291,,60,10,301,284,284,285,,287,293,301,301,284,301,284,301,292,,
,,,,,,,,,,,,,,,,,,,,151,35,35,156,156,156,156,35,156,35,156,35,156,35,301,291,287,293,284,301,301,284,284,284,301,284,292,,,,,,,,,,,,,303,301,301,301,301,284,284,301,284,285,287,,,,286,284,284,301,284,284,284,292,,,252,301,284,301,285,60,10,10,10,10,301,301,284,301,284,285,
,,,,,,,,,,,,,,,,,,147,146,145,156,35,156,35,156,35,156,35,35,35,35,156,156,35,37,,,287,287,293,301,301,284,301,301,284,285,,60,10,27,10,10,10,10,10,10,27,10,301,284,301,284,284,299,301,284,302,,,,,303,301,284,301,284,299,284,284,285,,253,284,284,291,,,92,91,91,10,301,301,301,284,301,285,
,,,,,,,,,,,,,,,,,,,,,152,145,145,145,35,156,156,156,35,35,35,35,156,156,37,,,,,303,301,284,284,301,301,284,292,,286,301,301,284,284,301,284,301,284,284,284,301,301,301,284,284,301,301,291,,,,,,303,301,301,284,284,284,301,301,292,,252,301,291,,,60,10,10,91,10,284,301,301,284,284,285,
,,,,,,,,,,,,,,,,,,,,,,,,,36,35,35,35,35,35,35,156,156,35,37,,,,,303,284,284,284,301,301,284,301,292,286,301,284,284,284,284,284,301,284,284,284,284,284,284,301,284,284,284,302,,,,,,286,301,301,284,284,301,301,284,301,302,253,301,302,,,,288,10,91,10,301,301,284,284,301,302,
,,,,,,,,,,,,,,,,,,,,,,,,,152,145,35,156,35,35,156,35,156,156,37,,,,,303,301,301,299,301,301,299,284,301,300,284,301,284,301,284,284,301,301,284,284,284,284,301,284,284,284,291,,,,,,,303,301,284,284,284,284,299,301,291,,251,287,,,,294,301,10,91,10,284,284,284,284,301,302,
,,,,,,,,,,,,,,,,,,,,,,,,,,,152,156,35,35,156,156,156,156,37,,,,,294,284,301,284,301,301,284,284,301,300,284,301,301,284,301,301,284,301,284,284,301,301,301,284,297,290,,,,,,,,303,284,284,284,284,301,284,301,285,,252,,,288,286,301,284,10,91,10,301,301,284,301,297,,
,,,,,,,,,,,,,,,,,,,,,,,,,,,,152,145,35,35,35,156,35,37,,,,294,301,301,284,284,284,299,284,291,290,294,301,301,301,301,297,298,284,301,301,284,301,299,301,284,284,284,302,,,,,,,303,284,284,284,284,301,284,301,302,,252,58,294,284,296,301,301,10,91,10,284,301,301,301,301,302,
,,,,,,,,,,,,,,,,,,,,,,,,,,,,,,36,156,156,35,35,37,,,303,284,301,284,301,284,301,284,284,300,284,284,301,284,284,299,284,301,284,284,284,284,284,284,301,284,291,287,,,,,,,,286,284,295,301,284,284,301,291,56,10,10,10,284,301,284,284,284,10,91,10,284,284,301,284,284,285,
,,,,,,,,,,,,,,,,,,,,,,,,,,,,,,36,156,156,156,156,37,,,286,301,284,284,301,301,299,284,284,300,284,284,284,284,301,284,301,284,284,284,284,284,301,299,301,301,302,,,,,,,,,303,284,296,301,284,291,287,,,92,91,10,10,10,10,10,10,10,91,10,301,301,299,284,284,302,
,,,,,,,,,,,,,,,,,,,,,,,,,,,,,,92,156,35,35,35,37,,,286,301,284,284,284,301,284,301,284,285,290,293,301,301,301,284,284,299,284,301,301,284,301,301,301,284,285,,,,,,,,,303,284,301,284,284,292,,,,92,91,91,91,91,91,91,91,91,91,10,301,301,284,301,284,302,
,,,,,,,,,,,,,,,,,,,,,,,,,,,,,,92,35,35,35,156,37,,,286,301,301,284,301,284,301,301,301,296,301,302,287,293,301,284,301,284,284,284,301,284,284,301,301,284,285,,,,,,,,,286,301,301,301,284,301,292,,,92,91,10,10,10,10,10,10,10,10,10,284,284,284,301,284,285,
,,,,,,,,,,,,,,,,,,,,,,,,,,,,,,36,156,156,156,156,37,,,,298,301,284,284,301,301,284,284,301,301,302,,288,287,293,301,301,301,284,284,301,301,284,284,301,302,,,,,,,,,286,284,301,301,299,301,301,285,60,10,10,10,301,301,301,284,284,284,284,284,301,299,284,284,284,285,
,,,,,,,,,,,,,,,,,,,,,,,,,,,,,,36,156,156,35,156,37,,,286,301,284,284,284,301,301,284,299,284,284,292,294,301,285,60,10,10,10,10,10,284,284,284,284,284,285,,,,,,,,,286,284,301,301,301,301,291,,,,251,53,287,298,284,301,284,295,284,284,301,284,284,284,284,302,
,,,,,,,,,,,,,,,,,,,,,,,,,,,,196,192,156,156,35,35,35,37,,,286,301,301,284,284,299,301,301,284,301,299,301,301,301,302,,92,91,91,91,10,284,284,301,284,301,285,,,,,,,,,303,284,301,301,284,284,292,,,,251,,303,301,284,284,284,296,284,284,284,301,301,284,301,285,
,,,,,,,,,,,,,,,,,,,,,,,,,,,,197,188,156,156,156,35,35,37,,,303,301,284,284,284,301,301,284,301,301,301,301,301,291,,,92,91,91,91,10,284,301,284,284,301,302,,,,,,,,,286,284,284,284,284,284,301,285,,,253,,,298,284,301,284,284,301,301,284,301,301,301,301,302,
,,,,,,,,,,,,,,,,,,,,,,,,,,,,,,36,156,35,35,35,37,,,286,284,284,301,301,301,301,284,284,284,284,301,297,288,,,92,91,91,91,10,301,299,301,301,301,302,,,,,,,,,286,284,284,301,284,301,301,292,,,251,,294,301,284,284,284,301,301,284,284,301,301,284,301,302,
,,,,,,,,,,,,,,,,,,,,,,,,,,,,196,186,35,35,156,156,35,37,,,303,301,301,301,301,295,284,301,284,301,284,284,284,301,292,288,10,10,10,10,10,284,284,284,301,301,302,,,,,,,,,294,301,284,301,301,284,284,301,292,,253,303,301,284,284,301,301,301,301,301,301,284,301,301,284,285,
,,,,,,,,,,,,,,,,,,,,,,,,,,,196,188,187,156,156,156,156,35,37,,,286,301,284,301,301,296,284,284,301,284,301,284,291,298,284,284,284,252,,294,284,301,301,301,284,301,302,,,,,,,,286,284,301,301,284,284,301,284,301,301,285,251,286,284,284,301,284,299,301,284,284,284,284,301,301,301,302,
,,,,,,,,,,,,,,,,,,,,,,,,,,,194,186,188,35,156,35,35,35,37,,,303,301,301,301,301,284,284,284,291,298,284,284,289,284,301,284,291,253,286,301,284,284,299,284,284,301,285,,,,,,,,,293,284,299,301,284,301,284,301,301,302,252,,293,284,301,301,284,301,284,301,301,284,284,284,284,285,
,,,,,,,,,,,,,,,,,,,,,,,,,,,197,186,192,35,156,35,35,35,37,,,286,301,301,301,284,301,284,284,289,284,301,301,296,301,284,297,,253,303,284,301,284,301,301,301,301,285,,,,,,,,,286,284,284,301,301,301,284,295,284,285,251,,,293,284,301,301,284,301,291,293,301,291,287,287,,
,,,,,,,,,,,,,,,,,,,,,,,,,,,,,,36,35,156,156,35,37,,,303,284,301,284,284,299,284,284,300,284,301,284,301,301,284,284,285,252,303,301,284,301,284,299,301,301,302,,,,,,,,,286,301,284,301,301,284,284,302,287,,252,,,294,301,284,284,284,284,285,,287,,,,,
,,,,,,,,,,,,,,,,,,,,,,,,,,,,,,36,156,156,35,156,37,,,,293,284,301,301,301,284,301,292,293,301,284,299,301,284,301,285,251,303,284,301,284,301,301,301,284,285,,,,,,,,,286,301,301,284,301,284,301,292,,,251,,294,301,284,284,301,284,301,302,,,,,,,
,,,,,,,,,,,,,,,,,,,,,,,,,,,,,,36,156,35,35,156,37,,,,,298,284,301,284,301,284,301,289,284,301,301,297,293,284,302,251,303,301,284,301,301,284,284,301,302,,,,,,,,,303,301,284,284,299,284,284,284,292,288,253,294,284,284,284,301,301,284,301,302,,,,,,,
,,,,,,,,,,,,,,,,,,,,,,196,186,190,188,187,186,189,192,35,156,35,35,156,37,,,,303,284,284,284,301,301,284,284,300,284,301,284,301,300,301,285,251,,293,284,284,284,301,284,301,285,,,,,,,,,303,301,301,301,284,284,301,284,301,284,10,284,295,284,301,301,284,301,284,302,,,,,,,
BigDecor: 
,,,,,,,,,,,,,,,,,,,,,,,,,,,,,,,,,,,,,,,,,,,,,,,,,,,,,,,,,,,,,,,,,,,,,,,,,,,,,,,,,,,,,,,,,,,,,,,,,,,
,,,,,,,,,,,,,,,,,,,,,,,,,,,,,,,,,,,,,,,,,,,,,,,,,,,,,,,,,,,,,,,,,,,,,,,,,,,,,,,,,,,,,,,,,,,,,,,,,,,
,,,,,,,,,,,,,,,,,,,,,,,,,,,,,,,,,,,,,,,,,,,,,,,,,,,,,,,,,,,,,,,,,,,,,,,,,,,,,,,,,,,,,,,,,,,,,,,,,,,
,,,,,,,,,,,,,,,,,,,,,,,,,,,,,,,,,,,,,,,,,,,,,,,,,,,,,,,,,,,,,,,,,,,,,,,,,,,,,,,,,,,,,,,,,,,,,,,,,,,
,,,,,,,,,,,,,,,,,,,,,,,,,,,,,,,,,,,,,,,,,,,,,,,,,,,,,,,,,,,,,,,,,,,,,,,,,,,,,,,,,,,,,,,,,,,,,,,,,,,
,,,,,,,,,,,,,,,,,,,,,,,,,,,,,,,,,,,,,,,,,,,,,,,,,,,,,,,,,,,,,,,,,,,,,,,,,,,,,,,,,,,,,,,,,,,,,,,,,20,,
,,,,,,,,,,,,,,,,,,,,,,,,,,,,,,,,,,,,,,,,,,,,,,,,,,,,,,,,,,,,,,,,,,,,,,,,,,,,,,,,,,,,,,,,,,,,,,,,,21,,
,,,,,,,,,,,,,,,,,,,,,,,,,,,,,,,,,,,,,,,,,,,,,,,,,,,,,,,,,,,,,,,,,,,,,,,,,,,,,,,,,,,,,,,,,,,,,,,,,,,
,,,,,,,,,,,,,,,,,,,,,,,,,,,,,,,,,,,,,,,,,,,,,,,,,,,,,,,,,,,,,,,,,,,,,,,,,,,,,,,,,,,,,,,,,,,,,,,,,22,,
,,,,,,,,,,,,,,,,,,,,,,,,,,,,,,,,,,,,,,,,,,,,,,,,,,,,,,,,,,,,,,,,,,,,,,,,,,,,,,,,,,,,,,,,,,,,,,,,,20,,
,,,,,,,,,,,,,,,,,,,,,,,,,,,,,,,,,,,,,,,,,,,,,,,,,,,,,,,,,,,,,,,,,,,,,,,,,,,,,,,,,,,,,,,,,,,,,,,,,,,
,,,,,,,,,,,,,,,,,,,,,,,,,,,,,,,,,,,,,,,,,,,,,,,,,,,,,,,,,,,,,,,,,,,,,,,,,,,,,,,,,,,,,,,,,,,,,,,,20,,,
,,,,,,,,,,,,,,,,,,,,,,,,,,,,,,,,,,,,,,,,,,,,,,,,,,,,,,,,,,,,,,,,,,,,,,,,,,,,,,,,,,,,,,,,,,,,,,,,,,,
,,,,,,,,,,,,,,,,,,,,,,,,,,,,,,,,,,,,,,,,,,,,,,,,,,,,,,,,,,,,,,,,,,,,,,,,,,,,,,,,,,,,,,,,,,,,,,,,,,,
,,,,,,,,,,,,,,,,,,,,,,,,,,,,,,,,,,,,,,,,,,,,,,,,,,,,,,,,,,,,,,,,,,,,,,,,,,,,,,,,,,,,,,,,,,,,,,,,,,,
,,,,,,,,,,,,,,,,,,,,,,,,,,,,,,,,,,,,,,,,,,,,,,,,,,,,,,,,,,,,,,,,,,,,,,,,,,,,,,,,,,,,,,,,,,,,,,,,,,,
,,,,,,,,,,,,,,,,,,,,,,,,,,,,,,,,,,,,,,,,,,,,,,,,,,,,,,,,,,,,,,,,,,,,,,,,,,,,,,,,,,,,,,,,,,,,,,,,,,,
,,,,,,,,,,,,,,,,,,,,,,,,,,,,,,,,,,,,,,,,,,,,,,,,,,,,,,,,,,,,,,,,,,,,,,,,,,,,,,,,,,,,,,,,,,,,,,,,,,,
,,,,,,,,,,,,,,,,,,,,,,,,,,,,,,,,,,,,,,,,,,,,,,,,,,,,,,,,,,,,,,,,,,,,,,,,,,,,,,,,,,,,,,,,,,,,,,,,,,,
,,,,,,,,,,,,,,,,,,,,,,,,20,,,,,,,,,,,,,,,,,,,,,,,,,,,,,,,,,,,,,,,,,,,,,,,,,,,,,,,,,,,,,,,,,,,,,,,,,,,
,,,,,,,,,,,,,,,,,,,,,,,,,,,,,,,,,,,,,,,,,,,,,,,,,,,,,,,,,,,,,,,,,,,,,,,,,,,,,,,,,,,,,,,,,,,,,,,,,,,
,,,,,,,,,,,,,,,,,,,,,,,,,,,,,,,,,,,,,,,,,,,,,,,,,,,,,,,,,,,,,,,,,,,,,,,,,,,,,,,,,,,,,,,,,,,,,,,,,,,
,,,,,,,,,,,,,,,,,,,,,,,,,,21,,,,,,,,,,,,,,,,,,,,,,,,,,,,,,,,,,,,,,,,,,,,,,,,,,,,,,,,,,,,,,,,,,,,,,,,,
,,,,,,,,,,,,,,,,,,,,,,,,,,,,,,,,,,,,,,,,,,,,,,,,,,,,,,,,,,,,,,,,,,,,,,,,,,,,,,,,,,,,,,,,,,,,,,,,,,,
,,,,,,,,,,,,,,,,,,,,,,,,,,,,,,,,,,,,,,,,,,,,,,,,,,,,,,,,,,,,,,,,,,,,,,,,,,,,,,,,,,,,,,,,,,,,,,,,,,,
,,,,,,,,,,,,,,,,,,,,,,,,,,,,,,,,,,,,,,,,,,,,,,,,,,,,,,,,,,,,,,,,,,,,,,,,,,,,,,,,,,,,,,,,,,,,,,,,,,,
,,,,,,,,,,,,,,,,,,,,,,,,,,,,,,,,,,,,,,,,,,,,,,,,,,,,,,,,,,,,,,,,,,,,,,,,,,,,,,,,,,,,,,,,,,,,,,,,,,,
,,,,,,,,,,,,,,,,,,,,,,,,,,,,,,,,,,,,,,,,,,,,,,,,,,,,,,,,,,,,,,,,,,,,,,,,,,,,,,,,,,,,,,,,,,,,,,,,,,,
,,,,,,,,,,,,,,,,,,,,,,,,,,,,,,,,,,,,,,,,,,,,,,,,,,,,,,,,,,,,,,,,,,,,,,,,,,,,,,,,,,,,,,,,,,,,,,,,,,,
,,,,,,,,,,,,,,,,,,,,,,,,,,,22,,,,,,,,,,,,,,,,,,,,,,,,,,,,,,,,,,,,,,,,,,,,,,,,,,,,,,,,,,,,,,,,,,,,,,,,
,,,,,,,,,,,,,,,,,,,,,,,,,,,,,,,,,,,,,,,,,,,,,,,,,,,,,,,,,,,,,,,,,,,,,,,,,,,,,,,,,,,,,,,,,,,,,,,,,,,
,,,,,,,,,,,,,,,,,,,,,,,,,,,,,,,,,,,,,,,,,,,,,,,,,,,,,,,,,,,,,,,,,,,,,,,,,,,,,,,,,,,,,,,,,,,,,,,,,,,
,,,,,,,,,,,,,,,,,,,,,,,,,,,,,,,,,,,,,,,,,,,,,,,,,,,,,,,,,,,,,,,,,,,,,,,,,,,,,,,,,,,,,,,,,,,,,,,,,,,
,,,,,,,,,,,,,,,,,,,,,,,,,,,,,,,,,,,,,,,,,,,,,,,,,,,,,,,,,,,,,,,,,,,,,,,,,,,,,,,,,,,,,,,,,,,,,,,,,,,
,,,,,,,,,,,,,,,,,,,,,,,21,,,,,,,,,,,,,,,,,,,,,,,,,,,,,,,,,,,,,,,,,,,,,,,,,,,,,,,,,,,,,,,,,,,,,,,,,,,,
,,,,,,,,,,,,,,,,,,,,,,,,,,,,,,,,,,,,,,,,,,,,,,,,,,,,,,,,,,,,,,,,,,,,,,,,,,,,,,,,,,,,,,,,,,,,,,,,,,,
,,,,,,,,,,,,,,,,,,,,,20,,,,,,,,,,,,,,,,,,,,,,,,,,,,,,,,,,,,,,,,,,,,,,,,,,,,,,,,,,,,,,,,,,,,,,,,,,,,,,
,,,,,,,,,,,,,,,,,,,,,,,,,,,,,,,,,,,,,,,,,,,,,,,,,,,,,,,,,,,,,,,,,,,,,,,,,,,,,,,,,,,,,,,,,,,,,,,,,,,
,,,,,,,,,,,,,,,,,,,,,,22,,,,,,,,,,,,,,,,,,,,,,,,,,,,,,,,,,,,,,,,,,,,,,,,,,,,,,,,,,,,,,,,,,,,,,,,,,,,,
,,,,,,,,,,,,,,,,,,,,,,,,,,,,,,,,,,,,,,,,,,,,,,,,,,,,,,,,,,,,,,,,,,,,,,,,,,,,,,,,,,,,,,,,,,,,,,,,,,,
,,,,,,,,,,,,,,,,,,,,,,,,,,,,,,,,,,,,,,,,,,,,,,,,,,,,,,,,,,,,,,,,,,,,,,,,,,,,,,,,,,,,,,,,,,,,,,,,,,,
,,,,,,,,,,,,,,,,,,,,,,,,,,,,,,,,,,,,,,,,,,,,,,,,,,,,,,,,,,,,,,,,,,,,,,,,,,,,,,,,,,,,,,,,,,,,,,,,,,,
,,,,,,,,,,,,,,,,,,,,,,,,,,,,,,,,,,,,,,,,,,,,,,,,,,,,,,,,,,,,,,,,,,,,,,,,,,,,,,,,,,,,,,,,,,,,,,,,,,,
,,,,,,,,,,,,,,,,,,,,,,,,,,,,21,,,,,,,,,,,,,,,,,,,,,,,,,,,,,,,,,,,,,,,,,,,,,,,,,,,,,,,,,,,,,,,,,,,,,,,
,,,,,,,,,,,,,,,,,,,,,,,,,,,,,,,,,,,,,,,,,,,,,,,,,,,,,,,,,,,,,,,,,,,,,,,,,,,,,,,,,,,,,,,,,,,,,,,,,,,
,,,,,,,,,,,,,,,,,,,,,,,,,,,,,,,,,,,,,,,,,,,,,,,,,,,,,,,,,,,,,,,,,,,,,,,,,,,,,,,,,,,,,,,,,,,,,,,,,,,
,,,,,,,,,,,,,,,,,,,,,,,,,,,,,22,,,,,,,,,,,,,,,,,,,,,,,,,,,,,,,,,,,,,,,,,,,,,,,,,,,,,,,,,,,,,,,,,,,,,,
,,,,,,,,,,,,,,,,,,,,,,,,,,,,,,,,,,,,,,,,,,,,,,,,,,,,,,,,,,,,,,,,,,,,,,,,,,,,,,,,,,,,,,,,,,,,,,,,,,,
,,,,,,,,,,,,,,,,,,,,,,,,,,,,,,,,,,,,,,,,,,,,,,,,,,,,,,,,,,,,,,,,,,,,,,,,,,,,,,,,,,,,,,,,,,,,,,,,,,,
,,,,,,,,,,,,,,,,,,,,,,,,,,,,,,20,,,,,,,,,,,,,,,,,,,,,,,,,,,,,,,,,,,,,,,,,,,,,,,,,,,,,,,,,,,,,,,,,,,,,
,,,,,,,,,,,,,,,,,,,,,,,,,,,,,,,,,,,,,,,,,,,,,,,,,,,,,,,,,,,,,,,,,,,,,,,,,,,,,,,,,,,,,,,,,,,,,,,,,,,
,,,,,,,,,,,,,,,,,,,,,,,,,,,,,,,22,,,,,,,,,,,,,,,,,,,,,,,,,,,,,,,,,,,,,,,,,,,,,,,,,,,,,,,,,,,,,,,,,,,,
,,,,,,,,,,,,,,,,,,,,,,,,,,,,,,,,,,,,,,,,,,,,,,,,,,,,,,,,,,,,,,,,,,,,,,,,,,,,,,,,,,,,,,,,,,,,,,,,,,,
,,,,,,,,,,,,,,,,,,,,,,,,,,,,,,,,,,,,,,,,,,,,,,,,,,,,,,,,,,,,,,,,,,,,,,,,,,,,,,,,,,,,,,203,,,,,,,,,,,,,
,,,,,,,,,,,,,,,,,,,,,,,,,,,,,,,,,,,,,,,,,,,,,,,,,,,,,,,,,,,,,,,,,,,,,,,,,,,,,,,,,,,,,,,,,,,,,,,,,,,
,,,,,,,,,,,,,,,,,,,,,,,,,,,,,,,20,,,,,,,,,,,,,,,,,,,,,,,,,,,,,,,,,,,,,,,,,,,,,,,,,,,,,,,,,,,,,,,,,,,,
,,,,,,,,,,,,,,,,,,,,,,,,,,,,,,,,,,,,,,,,,,,,,,,,,,,,,,,,,,,,,,,,,,,,,,,,,,,,,,,,,,,,,,203,,,,,,,,,,,,,
,,,,,,,,,,,,,,,,,,,,,,,,,,,,,,,21,,,,,,,,,,,,,,,,,,,,,,,,,,,,,,,,,,,,,,,,,,,,,,,,,,,,,,,203,,,,,,,,,,,,,
,,,,,,,,,,,,,,,,,,,,,,,,,,,,,,,,,,,,,,,,,,,,,,,,,,,,,,,,,,,,,,,,,,,,,,,,,,,,,,,,,,,,,,,,,,,203,,,,,,,,
,,,,,,,,,,,,,,,,,,,,,,,,,,,,,,20,,,,,,,,,,,,,,,,,,,,,,,,,,,,,,,,,,,,,,,,,,,,,,,,,,,,,,,,,,,,,203,,,,,,,,
,,,,,,,,,,,,,,,,,,,,,,,,,,,,,,,,,,,,,,,,,,,,,,,,,,,,,,,,,,,,,,,,,,,,,,,,,,,,,,,,,,,,,,,,,,,,,,,,,,,
,,,,,,,,,,,,,,,,,,,,,,,,,,,,,,22,,,,,,,,,,,,,,,,,,,,,,,,,,,,,,,,,,,,,,,,,,,,,,,,,,,,,,,,,,,,,,,,,,,,,
,,,,,,,,,,,,,,,,,,,,,,,,,,,,,,,,,,,,,,,,,,,,,,,,,,,,,,,,,,,,,,,,,,,,,,,,,,,,,,,,,,,,,,,,,,,,,,,,,,,
,,,,,,,,,,,,,,,,,,,,,,,,,,,,,,,,,,,,,,,,,,,,,,,,,,,,,,,,,,,,,,,,,,,,,,,,,,,,,,,,,,,,,,,,,,,203,,,,,,,,
,,,,,,,,,,,,,,,,,,,,,,,,,,,,,,,,,,,,,,,,,,,,,,,,,,,,,,,,,,,,,,,,,,,,,,,,,,,,,,,,,,,,,,,,,,,,,,,,,,,
,,,,,,,,,,,,,,,,,,,,,,,,,,,,,,,,,,,,,,,,,,,,,,,,,,,,,,,,,,,,,,,,,,,,,,,,,,,,,,,,,,,,,,,,,,,,,,,,,,,
,,,,,,,,,,,,,,,,,,,,,,,,,,,,21,,,,,,,,,,,,,,,,,,,,,,,,,,,,,,,,,,,,,,,,,,,,,,,,,,,,,,,,,,,,,,,,,,,,,,,
,,,,,,,,,,,,,,,,,,,,,,,,,,,,,,,,,,,,,,,,,,,,,,,,,,,,,,,,,,,,,,,,,,,,,,,,,,,,,,,,,,,,,,,,,,,,,,,,,,,
,,,,,,,,,,,,,,,,,,,,,,,,,,,,,,,,,,,,,,,,,,,,,,,,,,,,,,,,,,,,,,,,,,,,,,,,,,,,,,,,,,,,,,,,,,,,,,,,,,,
,,,,,,,,,,,,,,,,,,,,,,,,,,,,,,,,,,,,,,,,,,,,,,,,,,,,,,,,,,,,,,,,,,,,,,,,,,,,,,,,,,,,,,,,,,,,,,,,,,,
,,,,,,,,,,,,,,,,,,,,,,,,,,,,,,,,,,,,,,,,,,,,,,,,,,,,,,,,,,,,,,,,,,,,,,,,,,,,,,,,,,,,,,,,,,,,,,,,,,,
,,,,,,,,,,,,,,,,,,,,,,,,,,,,,,,,,,,,,,,,,,,,,,,,,,,,,,,,,,,,,,,,,,,,,,,,,,,,,,,,,,,,,,,,,,,,,,,,,,,
,,,,,,,,,,,,,,,,,,,,,,,,,,,,,,,,,,,,,,,,,,,,,,,,,,,,,,,,,,,,,,,,,,,,,,,,,,,,,,,,,,,,,,,,,,,,,,,,,,,
,,,,,,,,,,,,,,,,,,,,,,,,,,,,,,,,,,,,,,,,,,,,,,,,,,,,,,,,,,,,,,,,,,,,,,,,,,,,,,,,,,,,,,,,,,,,,,,,,,,
,,,,,,,,,,,,,,,,,,,,,,,,,,,,,,,,,,,,,,,,,,,,,,,,,,,,,,,,,,,,,,,,,,,,,,,,,,,,,,,,,,,,,,,,,,,,,,,,,,,
,,,,,,,,,,,,,,,,,,,,,,,,,,,,,,,,,,,,,,,,,,,,,,,,,,,,,,,,,,,,,,,,,,,,,,,,,,,,,,,,,,,,,,,,,,,,,,,,,,,
,,,,,,,,,,,,,,,,,,,,,,,,,,,,,,,,,,,,,,,,,,,,,,,,,,,,,,,,,,,,,,,,,,,,,,,,,,,,,,,,,,,,,,,,,,,,,,,,,,,
,,,,,,,,,,,,,,,,,,,,,,,,,,,,,,,,,,,,,,,,,,,,,,,,,,,,,,,,,,,,,,,,,,,,,,,,,,,,,,,,,,,,,,,,,,,203,,,,,,,,
,,,,,,,,,,,,,,,,,,,,,,,,,,,,,,,,,,,,,,,,,,,,,,,,,,,,,,,,,,,,,,,,,,,,,,,,,,,,,,,,,,,,,,,,,,,203,,,,,,,,
,,,,,,,,,,,,,,,,,,,,,,,,,,,,,,,,,,,,,,,,,,,,,,,,,,,,,,,,,,,,,,,,,,,,,,,,,,,,,,,,,,,,,,,,,,,,,,,,,,,
,,,,,,,,,,,,,,,,,,,,,,,,,,,,,,,,,,,,,,,,,,,,,,,,,,,,,,,,,,,,,,,,,,,,,,,,,,,,,,,,,,,,,,,,,,,,,,,,,,,
,,,,,,,,,,,,,,,,,,,,,,,,,,,,,,,,,,,,,,,,,,,,,,,,,,,,,,,,,,,,,,,,,,,,,,,,,,,,,,,,,,,,,,,,,,,,,,,,,,,
,,,,,,,,,,,,,,,,,,,,,,,,,,,,,,,,,,,,,,,,,,,,,,,,,,,,,,,,,,,,,,,,,,,,,,,,,,,,,,,,,,,,,,,,,,,203,,,,,,,,
,,,,,,,,,,,,,,,,,,,,,,,,,,,,22,,,,,,,,,,,,,,,,,,,,,,,,,,,,,,,,,,,,,,,,,,,,,,,,,,,,,,,,,,,,,,,,,,,,,,,
,,,,,,,,,,,,,,,,,,,,,,,,,,,,,,,,,,,,,,,,,,,,,,,,,,,,,,,,,,,,,,,,,,,,,,,,,,,,,,,,,,,203,,,,,,,,203,,,,,,,,
,,,,,,,,,,,,,,,,,,,,,,,,,,,,,,,,,,,,,,,,,,,,,,,,,,,,,,,,,,,,,,,,,,,,,,,,,,,,,,,,,,,,,,,,,,,,,,,,,,,
,,,,,,,,,,,,,,,,,,,,,,,,,,,,,,,,,,,,,,,,,,,,,,,,,,,,,,,,,,,,,,,,,,,,,,,,,,,,,,,,,,,,,,,,,,,,,,,,,,,
,,,,,,,,,,,,,,,,,,,,,,,,,,,,,,,,,,,,,,,,,,,,,,,,,,,,,,,,,,,,,,,,,,,,,,,,,,,,,,,,,,,,,,,,,,,,,,,,,,,
,,,,,,,,,,,,,,,,,,,,,,,,,,,,,,,,,,,,,,,,,,,,,,,,,,,,,,,,,,,,,,,,,,,,,,,,,,,,,,,,,,,,,,,,,,,,,,,,,,,
,,,,,,,,,,,,,,,,,,,,,,,,,,,,,,,,,,,,,,,,,,,,,,,,,,,,,,,,,,,,,,,,,,,,,,,,,,,,,,,,,,,,,,,,,,,,,,,,,,,
,,,,,,,,,,,,,,,,,,,,,,,,,,,,,,,,,,,,,,,,,,,,,,,,,,,,,,,,,,,,,,,,,,,,,,,,,,,,,,,,,,,,,,,,,,,,,,,,,,,
,,,,,,,,,,,,,,,,,,,,,,,,,,,,,,,,,,,,,,,,,,,,,,,,,,,,,,,,,203,,,,,,,,,,,,,,,,,,,,,,,,,,,,,,,,,,,,,,,,,,
,,,,,,,,,,,,,,,,,,,,,,,,,,,,,,,,,,,,,,,,,,,,,,,,,,,,,,,,,,,,,,,,,,,,,,,,,,,,,,,,,,,,,,,,,,,,,,,,,,,
,,,,,,,,,,,,,,,,,,,,,,,,,,,,,,,,,,,,,,,,,,,,,,,,,,,,,,,,,,,,,,,,,,,,,,,,,,,,,,,,,,,,,,,,,,,,,,,,,,,
,,,,,,,,,,,,,,,,,,,,,,,,,,,,,,,,,,,,,,,,,,,,,,,,,,,,,,,,,,,,,,,,,,,,,,,,,,,,,,,,,,,,,,,,,,,,,,,,,,,
,,,,,,,,,,,,,,,,,,,,,,,,,,,,,,,,,,,,,,,,,,,,,,,,,,,,,,,,,,,,,,,,,,,,,,,,,,,,,,,,,,,,,,,,,,,,,,,,,,,
,,,,,,,,,,,,,,,,,,,,,,,,,,,,,,,,,,,,,,,,,,,,,,,,,,,,,,,,,,,,,,,,,,,,,,,,,,,,,,,,,,,,,,,,,,,,,,,,,,,
,,,,,,,,,,,,,,,,,,,,,,,,,,,,21,,,,,,,,,,,,,,,,,,,,,,,,,,,,,,,,,,,,,,,,,,,,,,,,,,,,,,,,,,,,,,,,,,,,,,,
,,,,,,,,,,,,,,,,,,,,,,,,,,,,,,,,,,,,,,,,,,,,,,,,,,,,,,,,,,,,,,,,,,,,,,,,,,,,,,,,,,,,,,,,,,,,,,,,,,,
,,,,,,,,,,,,,,,,,,,,,,,,,,,,,,,,,,,,,,,,,,,,,,,,,,,,,,,,,,,,,,,,,,,,,,,,,,,,,,,,,,,,,,,,,,,,,,,,,,,
MoveObject: type=32 stepAdvance=32 stepRecede=32 timeStopStart=25 timeStopEnd=25 posStart=3392;5056 posEnd=3648;5056 posCurrent=3648;5056 step=4 time=0 phase=1973 channel=12 icon=66 
MoveObject: type=2 stepAdvance=1 stepRecede=1 timeStopStart=0 timeStopEnd=0 posStart=4098;5636 posEnd=4098;5636 posCurrent=4098;5636 step=1 time=0 phase=1973 channel=10 icon=17 
MoveObject: type=2 stepAdvance=1 stepRecede=1 timeStopStart=0 timeStopEnd=0 posStart=4226;4484 posEnd=4226;4484 posCurrent=4226;4484 step=1 time=0 phase=1973 channel=10 icon=17 
MoveObject: type=6 stepAdvance=1 stepRecede=1 timeStopStart=0 timeStopEnd=0 posStart=5698;3656 posEnd=5698;3656 posCurrent=5698;3656 step=1 time=0 phase=1973 channel=10 icon=26 
MoveObject: type=16 stepAdvance=10 stepRecede=10 timeStopStart=0 timeStopEnd=0 posStart=4096;3136 posEnd=4096;3136 posCurrent=4096;3136 step=1 time=0 phase=1973 channel=10 icon=70 
MoveObject: type=12 stepAdvance=1 stepRecede=1 timeStopStart=0 timeStopEnd=0 posStart=896;6144 posEnd=896;6144 posCurrent=896;6144 step=1 time=0 phase=1973 channel=1 icon=32 
MoveObject: type=12 stepAdvance=1 stepRecede=1 timeStopStart=0 timeStopEnd=0 posStart=960;6144 posEnd=960;6144 posCurrent=960;6144 step=1 time=0 phase=1973 channel=1 icon=33 
MoveObject: type=12 stepAdvance=1 stepRecede=1 timeStopStart=0 timeStopEnd=0 posStart=1024;6144 posEnd=1024;6144 posCurrent=1024;6144 step=1 time=0 phase=1973 channel=1 icon=32 
MoveObject: type=12 stepAdvance=1 stepRecede=1 timeStopStart=0 timeStopEnd=0 posStart=1024;6080 posEnd=1024;6080 posCurrent=1024;6080 step=1 time=0 phase=1973 channel=1 icon=32 
MoveObject: type=12 stepAdvance=1 stepRecede=1 timeStopStart=0 timeStopEnd=0 posStart=960;6080 posEnd=960;6080 posCurrent=960;6080 step=1 time=0 phase=1973 channel=1 icon=33 
MoveObject: type=12 stepAdvance=1 stepRecede=1 timeStopStart=0 timeStopEnd=0 posStart=896;6080 posEnd=896;6080 posCurrent=896;6080 step=1 time=0 phase=1973 channel=1 icon=32 
MoveObject: type=12 stepAdvance=1 stepRecede=1 timeStopStart=0 timeStopEnd=0 posStart=896;6016 posEnd=896;6016 posCurrent=896;6016 step=1 time=0 phase=1973 channel=1 icon=33 
MoveObject: type=12 stepAdvance=1 stepRecede=1 timeStopStart=0 timeStopEnd=0 posStart=960;6016 posEnd=960;6016 posCurrent=960;6016 step=1 time=0 phase=1973 channel=1 icon=32 
MoveObject: type=12 stepAdvance=1 stepRecede=1 timeStopStart=0 timeStopEnd=0 posStart=1024;6016 posEnd=1024;6016 posCurrent=1024;6016 step=1 time=0 phase=1973 channel=1 icon=32 
MoveObject: type=55 stepAdvance=1 stepRecede=1 timeStopStart=0 timeStopEnd=0 posStart=66;6022 posEnd=66;6022 posCurrent=66;6022 step=1 time=0 phase=1973 channel=10 icon=252 
MoveObject: type=55 stepAdvance=1 stepRecede=1 timeStopStart=0 timeStopEnd=0 posStart=130;6022 posEnd=130;6022 posCurrent=130;6022 step=1 time=0 phase=1973 channel=10 icon=252 
MoveObject: type=6 stepAdvance=1 stepRecede=1 timeStopStart=0 timeStopEnd=0 posStart=4098;5192 posEnd=4098;5192 posCurrent=4098;5192 step=1 time=0 phase=1973 channel=10 icon=26 
MoveObject: type=1 stepAdvance=90 stepRecede=90 timeStopStart=10 timeStopEnd=10 posStart=4864;3776 posEnd=4864;3200 posCurrent=4864;3353 step=4 time=24 phase=1973 channel=1 icon=16 
MoveObject: type=33 stepAdvance=10 stepRecede=10 timeStopStart=23 timeStopEnd=23 posStart=5184;5568 posEnd=5248;5568 posCurrent=5184;5568 step=1 time=13 phase=1973 channel=12 icon=242 
MoveObject: type=16 stepAdvance=40 stepRecede=40 timeStopStart=0 timeStopEnd=0 posStart=4224;4224 posEnd=4480;4224 posCurrent=4480;4224 step=2 time=40 phase=1973 channel=10 icon=70 
MoveObject: type=6 stepAdvance=1 stepRecede=1 timeStopStart=0 timeStopEnd=0 posStart=4226;4040 posEnd=4226;4040 posCurrent=4226;4040 step=1 time=0 phase=1973 channel=10 icon=26 
MoveObject: type=6 stepAdvance=1 stepRecede=1 timeStopStart=0 timeStopEnd=0 posStart=3970;2696 posEnd=3970;2696 posCurrent=3970;2696 step=1 time=0 phase=1973 channel=10 icon=26 
MoveObject: type=6 stepAdvance=1 stepRecede=1 timeStopStart=0 timeStopEnd=0 posStart=5762;3656 posEnd=5762;3656 posCurrent=5762;3656 step=1 time=0 phase=1973 channel=10 icon=26 
MoveObject: type=20 stepAdvance=24 stepRecede=24 timeStopStart=8 timeStopEnd=8 posStart=1856;1600 posEnd=1664;1664 posCurrent=1856;1600 step=1 time=1 phase=1973 channel=10 icon=107 
MoveObject: type=20 stepAdvance=16 stepRecede=16 timeStopStart=8 timeStopEnd=8 posStart=1280;1408 posEnd=1408;1472 posCurrent=1296;1416 step=4 time=14 phase=1973 channel=10 icon=104 
MoveObject: type=20 stepAdvance=24 stepRecede=24 timeStopStart=8 timeStopEnd=8 posStart=1088;960 posEnd=1280;960 posCurrent=1088;960 step=1 time=1 phase=1973 channel=10 icon=115 
MoveObject: type=20 stepAdvance=24 stepRecede=24 timeStopStart=8 timeStopEnd=8 posStart=2240;1280 posEnd=2432;1280 posCurrent=2240;1280 step=1 time=1 phase=1973 channel=10 icon=115 
MoveObject: type=17 stepAdvance=15 stepRecede=15 timeStopStart=47 timeStopEnd=47 posStart=5440;1920 posEnd=5504;1920 posCurrent=5461;1920 step=2 time=5 phase=1973 channel=10 icon=79 
MoveObject: type=7 stepAdvance=1 stepRecede=1 timeStopStart=0 timeStopEnd=0 posStart=6210;1860 posEnd=6210;1860 posCurrent=6210;1860 step=1 time=0 phase=1973 channel=10 icon=30 
MoveObject: type=20 stepAdvance=40 stepRecede=40 timeStopStart=8 timeStopEnd=8 posStart=4736;1088 posEnd=5056;1088 posCurrent=4944;1088 step=4 time=14 phase=1973 channel=10 icon=104 
MoveObject: type=20 stepAdvance=32 stepRecede=32 timeStopStart=8 timeStopEnd=8 posStart=5120;1472 posEnd=5376;1600 posCurrent=5376;1600 step=2 time=32 phase=1973 channel=10 icon=90 
MoveObject: type=20 stepAdvance=24 stepRecede=24 timeStopStart=8 timeStopEnd=8 posStart=5568;1600 posEnd=5760;1536 posCurrent=5568;1600 step=1 time=1 phase=1973 channel=10 icon=115 
MoveObject: type=20 stepAdvance=40 stepRecede=40 timeStopStart=8 timeStopEnd=8 posStart=5952;1408 posEnd=6272;1344 posCurrent=6160;1366 step=4 time=14 phase=1973 channel=10 icon=104 
MoveObject: type=6 stepAdvance=1 stepRecede=1 timeStopStart=0 timeStopEnd=0 posStart=6082;5128 posEnd=6082;5128 posCurrent=6082;5128 step=1 time=0 phase=1973 channel=10 icon=26 
MoveObject: type=6 stepAdvance=1 stepRecede=1 timeStopStart=0 timeStopEnd=0 posStart=4226;5256 posEnd=4226;5256 posCurrent=4226;5256 step=1 time=0 phase=1973 channel=10 icon=26 
MoveObject: type=6 stepAdvance=1 stepRecede=1 timeStopStart=0 timeStopEnd=0 posStart=3906;4488 posEnd=3906;4488 posCurrent=3906;4488 step=1 time=0 phase=1973 channel=10 icon=26 
MoveObject: type=6 stepAdvance=1 stepRecede=1 timeStopStart=0 timeStopEnd=0 posStart=5826;3656 posEnd=5826;3656 posCurrent=5826;3656 step=1 time=0 phase=1973 channel=10 icon=26 
MoveObject: type=32 stepAdvance=40 stepRecede=40 timeStopStart=25 timeStopEnd=25 posStart=4672;3008 posEnd=4992;3008 posCurrent=4960;3008 step=4 time=4 phase=1973 channel=12 icon=66 
MoveObject: type=6 stepAdvance=1 stepRecede=1 timeStopStart=0 timeStopEnd=0 posStart=4162;2568 posEnd=4162;2568 posCurrent=4162;2568 step=1 time=0 phase=1973 channel=10 icon=26 
MoveObject: type=2 stepAdvance=1 stepRecede=1 timeStopStart=0 timeStopEnd=0 posStart=5826;1860 posEnd=5826;1860 posCurrent=5826;1860 step=1 time=0 phase=1973 channel=10 icon=17 
MoveObject: type=6 stepAdvance=1 stepRecede=1 timeStopStart=0 timeStopEnd=0 posStart=1666;1928 posEnd=1666;1928 posCurrent=1666;1928 step=1 time=0 phase=1973 channel=10 icon=26 
MoveObject: type=6 stepAdvance=1 stepRecede=1 timeStopStart=0 timeStopEnd=0 posStart=1730;1928 posEnd=1730;1928 posCurrent=1730;1928 step=1 time=0 phase=1973 channel=10 icon=26 
