DescFile: posDecor=100;5470 dimDecor=100;100 world=0 music=5 region=0 blupiPos=450;5766 blupiDir=2 
Decor: 
,,,,,,,,,,,,,,,,,,,,,,,,,,,,,,,,,,,,,,,,,,,,,,,,,,,,,,,,,,,,,,,,,,,,,,,,,,,,,,,,,,,10,10,10,10,10,10,10,10,10,10,10,10,10,10,,,
,,,,,,,,,,,,,,,,,,,,,,,,,,,,,,,,,,,,,,,,,,,,,,,,,,,,,,,,,,,,,,,,,,,,,,,,10,10,10,10,10,10,10,10,10,10,10,10,10,10,10,10,10,10,10,10,10,10,10,10,10,,,
14,14,1,7,12,10,10,2,8,8,,,,,,,,,,,,,,,,,,,,,,,,,,,,,,,,,,,,,,,,,,,,,,,,,,,,,,,,,,,,,,,10,10,10,10,10,10,10,10,10,10,10,10,10,10,10,10,10,10,10,10,10,10,10,10,10,,,
8,14,2,5,10,11,10,10,10,10,12,4,9,7,6,13,14,4,9,12,8,,,,,,,,,,,,,,,,,,,,,,,,,,,,,,,,,,,,,,,,,,,,,,,,,,,,10,10,10,10,10,10,10,10,10,10,10,10,10,10,10,10,10,10,10,10,10,10,10,10,10,,,
13,1,12,14,7,13,6,14,10,3,4,4,9,4,14,14,9,7,13,8,4,,,,,,,,,,,,,,,,,,,,,,,,,,,,,,,,,,,,,,,,,,,,,,,,,,,,10,10,10,10,10,10,10,10,10,10,10,10,10,10,10,10,10,10,10,10,10,10,10,10,10,,,
3,3,8,4,3,7,9,7,9,2,7,8,7,12,10,2,10,12,5,13,8,,,,,,,,,,,,,,,,,,,,,,,,,,,,,,,,,,,,,,,,,,,,,,,,,,,,10,10,10,10,10,10,10,10,10,10,10,10,10,10,10,10,10,10,10,10,10,10,10,10,10,,,
4,14,5,7,1,9,6,5,9,11,11,6,14,3,3,12,14,9,5,4,12,,,,,,,,,,,,,,,,,,,,,,,,,,,,,,,,,,,,,,,,,,,,,,,,,,,,10,10,10,10,10,10,10,10,10,10,10,10,10,10,10,10,10,17,57,10,10,10,10,10,10,,,
8,11,11,4,13,5,12,11,1,6,10,1,12,3,9,6,9,10,10,12,8,,,,,,,,,,,,,,,,,,,,,,,,,,,,,,,,,,,,,,,,,,,,,,,,,,,,10,10,10,10,10,10,10,10,10,10,10,10,10,10,10,10,17,,,10,10,10,10,10,10,,,
11,1,5,3,10,5,8,14,,,,,,,12,8,9,3,1,8,5,,,,,,,,,,,,,,,,,,,,,,,,,,,,,,,,,,,,,,,,,,,,,,,,,,,,10,10,10,10,10,10,10,10,10,10,10,10,10,10,10,17,,,,10,10,10,10,10,10,,,
,,,,,,,,,,,,,,12,12,11,2,3,5,5,,,,,,,,,,,,,,,,,,,,,,,,,,,,,,,,,,,,,,,,,,,,,,,,,,,,10,10,10,10,10,10,10,10,10,10,10,10,10,10,17,,,,,10,10,10,10,10,10,,,
1,1,14,5,8,2,1,5,,,,,,,7,9,1,6,2,7,1,,,,,,,,,,,,,,,,,,,,,,,,,,,,,,,,,,,,,,,,,,,,,,,,,,,,10,10,10,10,10,10,17,57,,73,,5,10,10,,,,,5,10,10,10,10,10,10,,,
3,14,12,1,8,4,14,6,,,,,,,11,7,2,14,6,1,9,,,,,,,,,,,,,,,,,,,,,,,,,,,,,,,,,,,,,,,,,,,,,,,,,,,,10,10,10,10,10,10,55,,,10,,,5,10,,,,5,10,10,10,10,10,10,10,,,
6,11,9,1,2,6,7,8,,,,,,,2,10,5,14,8,13,14,,,,,,,,,,,,,,,,,,,,,,,,,,,,,,,,,,,,,,,,,,,,,,,,,,,,10,10,10,10,10,10,,,5,10,59,,,10,,,5,10,10,10,10,10,10,10,10,,,
8,9,14,4,12,13,9,14,,,,,,,14,12,7,8,3,7,14,,,,,,,,,,,,,,,,,,,,,,,,,,,,,,,,,,,,,,,,,,,,,,,,,,,,10,10,10,10,10,10,52,5,10,10,15,,,73,,5,10,10,10,10,10,10,10,10,10,,,
7,13,8,2,6,11,12,9,,,,,,,12,12,1,7,11,3,11,10,3,7,14,1,1,3,4,,,,,,,,,,,,,,,,,,,,,,,,,,,,,,,,,,,,,,,,,,,,10,10,10,10,10,10,56,10,10,10,10,22,10,10,10,10,10,10,10,10,10,10,10,10,10,,,
8,3,10,6,7,12,6,9,,,,,,,6,7,6,10,4,13,9,2,6,10,8,13,6,7,9,,,,,,,,,,,,,,,,,,,,,,,,,,,,,,,,,,,,,,,,,,,,10,10,10,10,10,10,,10,10,10,10,,92,91,10,10,10,10,10,10,10,10,10,10,10,,,
11,12,14,14,5,1,14,10,,,,,,,8,6,11,4,12,14,8,5,10,7,14,5,9,1,9,,,,,,,,,,,,,,,,,,,,,,,,,,,,,,,,,,,,,,,,,,,,10,10,10,10,10,10,52,10,10,10,10,,92,91,10,10,10,10,10,10,10,10,10,10,10,,,
9,8,14,7,4,9,11,11,,,,,,,5,4,3,4,7,1,10,12,5,5,8,8,14,12,13,,,,,,,,,,,,,,,,,,,,,,,,,,,,,,,,,,,,,,,,,,,,10,10,10,10,10,,,,53,92,10,10,10,91,10,10,10,10,10,10,10,10,10,10,10,,,
,,,13,12,10,3,5,,,,,,,10,4,11,2,4,5,13,3,11,11,3,12,3,4,14,,,,,,,,,,,,,,,,,,,,,,,,,,,,,,,,,,,,,,,,,,,,10,10,10,10,10,,,,,92,91,91,91,91,10,10,10,10,10,10,10,,,,,,,
,,,13,5,9,9,14,,,,,6,8,1,14,10,2,6,14,13,4,,14,10,10,5,12,3,,,,,,,,,,,,,,,,,,,,,,,,,,,,,,,,,,,,,,,,,,,,10,10,10,10,10,,,,,92,91,91,91,91,10,10,10,10,10,10,10,,,,,,,
,,,13,12,1,2,13,,,,,,,,,,,,,,,,8,9,12,10,11,14,,,,,,,,,,,,,,,,,,,,,,,,,,,,,,,,,,,,,,,,,,,,10,10,10,10,10,,,,54,92,10,10,10,10,10,10,10,10,10,10,10,,,,,,,
,,,12,4,2,7,6,7,2,5,3,14,13,13,1,4,7,2,10,10,12,,5,11,11,13,11,3,,,,,,,,,,,,,,,,,,,,,,,,,,,,,,,,,,,,,,,,,,,,10,10,10,10,25,,,10,10,10,10,10,10,10,10,10,10,10,10,10,10,,,,,,,
,,,12,12,9,12,14,13,5,7,5,9,5,8,,,,,,,,,1,8,9,6,9,14,,,,,,,,,,,,,,,,,,,,,,,,,,,,,,,,,,,,,,,,,,,,10,10,10,10,25,,,10,10,10,10,10,10,10,10,10,10,10,10,10,10,,,,,,,
,,,14,14,3,14,4,5,12,2,7,1,4,9,,,,,,,,,2,12,11,4,14,2,,,,,,,,,,,,,,,,,,,,,,,,,,,,,,,,,,,,,,,,,,,,10,10,10,10,10,,,,68,10,10,10,10,10,10,10,10,10,10,10,10,,,,,,,
,,,,6,6,8,4,1,14,1,8,6,5,10,,,,,,,,,3,10,1,11,11,9,,,,,,,,,,,,,,,,,,,,,,,,,,,,,,,,,,,,,,,,,,,,10,10,10,10,10,,,,68,10,10,10,10,10,10,10,10,10,10,10,10,,,,,,,
,,,,,3,9,10,12,6,2,14,8,11,5,,,,,,,,,2,6,3,1,4,3,,,,,,,,,,,,,,,,,,,,,,,,,,,,,,,,,,,,,,,,,,,,10,10,10,10,10,,,,68,10,10,10,,,,,,,,,,,,,,,,
,,,,,,5,8,4,7,4,2,3,9,7,,,,,,,,8,5,8,11,4,10,11,,,,,,,,,,,,,,,,,,,,,,,,,,,,,,,,,,,,,,,,,,,,10,10,10,10,10,,,,68,10,10,10,,,,,,,,,,,,,,,,
,,,,,,,,,4,6,4,3,14,2,,,,,,,,7,2,5,12,9,11,6,,,,,,,,,,,,,,,,,,,,,,,,,,,,,,,,,,,,,,,,,,,,10,10,10,10,10,58,,10,10,10,10,10,,,,,,,,,,,,,,,,
,,,,,,,,,1,2,5,13,14,10,,,,,,,,10,8,2,1,14,7,5,12,7,3,5,13,7,3,6,,,,,,,,,,,,,,,,,,,,,,,,,,,,,,,,,,,,10,10,10,10,10,10,52,10,10,10,10,10,,,,,,,,,,,,,,,,
,,,,,,,,,10,11,14,11,1,5,,,,,,,12,14,14,11,5,2,11,10,4,5,10,8,4,14,8,9,,,,,,,,,,,,,,,,,,,,,,,,,,,,,,,,,,,,10,10,10,10,10,25,,,10,10,10,10,,,,,,,,,,,,,,,,
,,,,,,,,,5,10,2,3,2,6,,,,,,,6,14,3,12,10,8,6,10,2,14,11,12,1,5,8,8,,,,,,,,,,,,,,,,,,,,,,,,,,,,,,,,,,,,10,10,10,10,10,10,56,10,10,10,10,10,,,,,,,,,,,,,,,,
,,,,,,,,,4,14,6,8,14,8,,,,,,,13,9,7,1,14,6,9,4,1,14,4,6,3,14,1,13,,,,,,,,,,,,,,,,,,,,,,,,,,,,,,,,,,,,10,10,10,10,10,10,56,10,10,10,10,10,,,,,,,,,,,,,,,,
,,,,,,,,,8,13,6,9,12,14,,,,,,12,3,1,10,9,12,13,12,4,7,7,3,3,12,7,8,8,,,,,,,,,,,,,,,,,,,,,,,,,,,,,,,,,,,,10,10,10,10,10,25,,,10,10,10,10,,,,,,,,,,,,,,,,
,,,,,,,,,5,7,3,3,14,9,,,,,,11,3,8,13,3,12,4,2,13,14,11,7,9,3,8,8,5,,,,,,,,,,,,,,,,,,,,,,,,,,,,,,,,,,,,10,10,10,10,10,10,56,10,10,10,10,10,,,,,,,,,,,,,,,,
,,,,,,,,,1,1,3,12,2,13,,,,,,1,11,2,4,11,7,1,10,11,5,,12,8,1,12,6,11,,,,,,,,,,,,,,,,,,,,,,,,,,,,,,,,,,,,10,10,10,10,10,10,56,10,10,10,10,10,,,,,,,,,,,,,,,,
,,,,,,,,,6,14,6,10,10,1,,,,,,,,,,,,,,,,,4,14,4,10,13,5,,,,,,,,,,,,,,,,,,,,,,,,,,,,,,,,,,,,10,10,10,10,10,25,,,10,10,10,10,,,,,,,,,,,,,,,,
,,,,,,,,,8,12,10,14,3,14,5,2,12,4,8,10,5,12,3,1,1,3,9,8,13,,12,1,11,1,7,11,,,,,,,,,,,,,,,,,,,,,,,,,,,,,,,,,,,,10,10,10,10,10,10,52,10,10,10,10,10,,,,,,,,,,,,,,,,
,,,,,,,,,13,13,9,13,9,1,7,14,5,2,4,5,12,2,2,,,,,,,,4,1,8,10,14,4,,,,,,,,,,,,,,,,,,,,,,,,,,,,,,,,,,,,10,10,10,10,18,57,,10,10,10,10,10,10,10,10,10,10,10,10,10,10,10,10,10,10,10,10,10
,,,,,,,,,,,3,13,2,3,2,14,5,4,2,2,10,9,12,,,,,,,,5,8,9,13,9,6,,,,,,,,,,,,,,,,,,,,,,,,,,,,,,,,,,,,10,10,10,10,,,,10,10,10,10,10,10,10,10,10,10,10,10,10,10,10,10,10,10,10,10,10
,,,,,,,,,,,,,,10,14,13,5,5,6,12,7,2,11,,,,,,,,8,1,3,9,1,11,,,,,,,,,,,,,,,,,,,,,,,,,,,,,,,,,,,,10,10,10,26,,,56,5,10,10,10,10,10,10,10,10,10,10,10,10,10,10,10,10,10,10,10,10
,,,,,,,,,,,,,,1,4,12,7,10,14,5,8,8,5,,,,,,,,6,3,3,6,9,14,13,12,11,14,11,8,2,6,6,9,10,3,13,8,7,4,2,6,9,10,3,12,12,9,4,9,8,,,,,,,,,10,10,10,10,55,,,10,10,10,10,10,10,10,10,10,10,10,10,10,10,10,10,10,10,10,10,10
,,,,,,,,,,,,,,13,14,10,12,14,11,6,9,3,4,,,,,,,,11,4,13,1,5,7,12,6,3,7,10,6,3,10,5,7,2,3,9,9,10,4,4,4,9,8,6,11,4,5,1,5,7,,,,,,,,,10,10,10,10,55,,,10,10,10,10,10,10,10,10,10,10,10,10,10,10,10,10,10,10,10,10,10
,,,,,,,,,,,,,,,,,,13,7,12,5,11,6,,,,,,,,4,14,13,2,5,8,7,3,3,10,13,14,4,14,8,14,14,11,12,6,11,5,11,10,11,12,11,4,13,8,1,6,14,,,,,,,,,10,10,10,26,,,56,5,10,10,10,10,10,10,10,10,10,10,10,10,10,10,10,10,10,10,10,10
,,,,,,,,,,,,,,,,,,8,13,6,2,3,7,,,,,,,,11,3,5,9,4,4,5,11,14,3,12,1,3,7,10,6,11,4,9,14,12,12,8,3,5,11,12,7,13,5,9,12,7,,,,,,,,,10,10,10,10,,,,10,10,10,10,10,10,10,10,10,10,10,10,10,10,10,10,10,10,10,10,10
,,,,,,,,,,,,,,,,,,13,9,14,2,12,4,,,,,,,,1,3,7,8,14,12,13,13,7,5,5,12,6,10,2,12,11,14,6,13,6,12,3,10,1,11,3,10,7,12,8,13,6,,,,,,,,,10,10,10,10,15,58,,10,10,10,10,10,10,10,10,10,10,10,10,10,10,52,10,10,10,10,10,10
,,,,,,,,,,,,,,,,,,6,4,5,4,8,7,,,,,,,,6,6,1,5,13,9,13,3,5,3,14,11,1,6,9,14,5,13,3,9,14,13,12,1,8,3,10,9,12,9,12,13,1,,,,,,,,,10,10,10,10,10,10,52,10,10,5,10,10,10,4,10,10,27,10,10,10,10,52,10,10,10,10,10,10
,,,,,,,,,,,,,,,,,,13,13,4,5,9,9,,,,,,,,,,,,,,,,,,,,,,,,,,,,,,,,,,,4,4,10,5,9,3,,,,,,,,,10,10,10,10,10,10,,73,,,,,,,,,,,,,,,92,91,10,10,10,10
,,,,,,,,,,,,,,,,,,12,11,11,4,8,6,4,1,6,5,3,5,4,14,7,10,3,13,13,5,8,2,1,12,10,1,8,9,2,8,1,9,13,5,14,13,5,5,13,13,11,8,13,13,9,10,,,,,,,,,10,10,10,10,10,10,,73,,,,,,,,,,,,,,,92,91,10,10,10,10
,,,,,,,,,,,,,,,,,,8,2,13,2,8,9,7,12,13,2,13,5,6,11,1,5,12,1,4,2,11,5,9,14,1,8,3,10,9,14,12,8,8,11,9,13,9,6,5,6,10,10,12,3,6,14,,,,,,,,,10,10,10,10,10,10,52,10,10,10,27,27,10,10,6,10,10,10,7,10,10,52,10,10,10,10,10,10
,,,,,,,,,,,,,,,,,,,8,13,1,14,4,2,14,6,2,12,10,8,2,6,5,12,6,7,9,1,1,2,11,14,1,14,13,9,2,6,7,12,6,14,8,13,7,9,3,1,11,7,12,8,13,,,,,,,,,10,10,10,10,10,10,,10,10,10,10,10,10,10,10,10,10,10,10,10,10,52,10,10,10,10,10,10
,,,,,,,,,,,,,,,,,,,12,2,13,9,9,6,9,3,3,13,5,4,13,12,12,2,8,6,4,9,1,3,12,11,3,5,4,10,9,1,9,5,12,2,12,2,14,7,13,2,5,12,12,2,12,,,,,,,,,10,10,10,10,10,10,56,10,10,10,10,10,10,10,10,10,10,10,10,10,10,,92,91,91,91,10,10
,,,,,,,,,,,,,,,,,,,13,4,14,11,6,3,3,12,8,1,10,13,12,3,12,11,3,13,3,12,12,12,11,10,7,8,2,3,10,13,1,12,6,8,13,8,10,1,9,6,8,11,13,8,1,,,,,,,,,10,10,10,10,10,10,,10,10,10,10,10,10,10,10,10,10,10,10,10,10,,92,91,91,91,10,10
,,,,,,,,,,,,,,,,,,,11,4,3,5,4,6,14,2,3,7,8,11,9,4,5,4,14,4,2,8,6,11,10,8,12,13,11,1,6,13,10,4,7,12,6,9,2,4,4,8,13,7,10,14,13,,,,,,,,,10,10,10,10,10,10,,10,10,10,10,10,10,10,10,10,10,10,10,10,10,10,10,10,91,91,10,10
,,,,,,,,,,,,,,,,,,,,,,,,,,,,,,,,,,,,,,,,,,,,,,,,,,,,,,,,,,,,,,,,,,,,,,,,10,10,10,10,10,10,,10,10,10,10,10,10,10,10,10,10,10,10,10,10,10,10,10,91,91,10,10
,,,,,,,,,,,,,,,,,,,,,,,,,,,,,,,,,,,,,,,,,,,,,,,,,,,,,,,,,,,,,,,,,,,,,,,,10,10,10,10,10,10,,10,10,10,10,10,10,10,10,10,10,10,10,10,10,10,10,10,91,91,10,10
,,,,,,,,,,,,,,,,,,,,,,,,,,,,,,,,,,,,,,,,,,,,,,,,,,,,,,,,,,,,,,,,,,,,,,,,10,10,10,10,10,10,10,10,10,10,10,10,10,10,10,10,10,10,10,10,10,10,52,10,91,91,10,10
,,,,,,,,,,,,,,,,,,,,,,,,,,,,,,,,,,,,,,,,,,,,,,,,,,,,,,,,,,,,,,,,,10,10,10,10,10,10,10,10,10,10,10,10,10,10,10,10,10,10,10,10,10,10,10,10,10,10,10,10,17,,10,91,91,10,10
,,,,,,,,,,,,,,,,,,,,,,,,,,,,,,,,,,,,,,,,,,,,,,,,,,,,,,,,,,,,,,,,,10,10,10,10,10,10,10,10,10,10,10,10,10,10,10,10,10,10,10,10,10,10,10,10,10,10,10,10,28,,92,91,91,10,10
,,,,,,,,,,,,,,,,,,,,,,,,,,,,,,,,,,,,,,,,,,,,,,,,,,,,,,,,,,,,,,,,,10,10,10,10,10,10,10,10,10,10,10,10,10,10,10,10,10,10,10,10,10,17,,,10,10,10,10,28,,92,91,91,10,10
,,,,,,,,,,,,,,,,,,,,,,,,,,,,,,,,,,,,,,,,,,,,,,,,,,,,,,,,,,,,,,,,,10,10,10,10,10,10,10,10,10,10,10,10,10,10,10,10,10,10,10,10,10,,,,10,10,10,10,15,,10,91,91,10,10
,,,,,,,,,,,,,,,,,,,,,,,,,,,,,,,,,,,,,,,,,,,,,,,,,,,,,,,,,,,,,10,10,10,10,10,10,10,10,10,10,10,10,10,10,10,10,10,10,10,10,10,10,10,10,10,55,,,10,10,10,10,10,52,10,91,91,10,10
,,,,,,,,,,,,,,,,,,,,,,,,,,,,,,,,,,,,,,,,,,,,,,,,,,,,,,,,,,,,,10,10,10,10,10,10,10,10,10,10,10,10,10,10,10,10,10,10,10,10,10,10,10,10,10,,,,10,10,10,10,10,10,10,91,91,10,10
,,,,,,,,,,,,,,,,,,,,,,,,,,,,,,,,,,,,,,,,,,,,,,,,,,,,,,,,,,,,,10,10,10,10,10,10,10,10,10,10,10,10,10,10,10,10,10,10,10,10,10,10,10,10,10,52,52,52,10,10,10,10,10,10,10,91,91,10,10
,,,,,,,,,,,,,,,,,,,,,,,,,,,,,,,,,,,,,,,,,,,,,,,,,,10,10,10,10,10,10,10,10,10,10,10,10,10,10,10,10,10,10,10,18,,53,,,6,59,,49,,,,49,,,53,49,,,,10,10,10,10,10,10,10,91,91,10,10
,,,,,,,,,,,,,,,,,,,,,,,,,,,,,,,,,,,,,,,,,,,,,,,,,,10,10,10,10,10,10,10,10,10,10,10,10,10,10,10,10,10,10,10,,,,,,49,,,49,,,,6,59,,,49,,,,10,10,10,10,10,10,10,91,91,10,10
,,,,,,,,,,,,,,,,,,,,,,,,,,,,,,,,,,,,,,,,,,,,,,,,,,10,10,10,10,10,10,10,10,10,10,10,10,10,10,10,10,10,10,25,,,,,,49,,,49,,,,49,,,,6,59,,,10,10,10,10,21,,92,91,91,10,10
,,,,,,,,,,,,,,,,,,,,,,,,,,,,,,,,,,,,,,,,,,,,,,,,,,10,10,10,10,10,10,10,10,10,10,10,10,10,10,10,10,10,10,25,,,,54,,49,,,6,59,,54,49,,,,49,,,,10,10,10,10,28,,92,91,91,10,10
,,,,,,,,,,,,,,,,,,,,,,,,,,,,,,,,,,,,,,,,,,,,,,,,,,10,10,10,10,10,10,10,10,10,10,10,10,10,10,10,10,10,10,10,,,,10,10,10,10,10,10,10,10,10,10,10,10,10,10,52,52,52,10,10,10,10,10,52,10,10,10,10,10
,,,,,,,,,,,,,,,,,,,,,,,,,,,,,,,,,,,,,,,,,,,,,,,,,,10,10,10,10,10,10,10,10,10,10,10,10,10,10,10,10,10,10,10,16,,,10,10,10,10,10,10,10,10,10,10,10,10,10,10,,,,49,,,57,,,10,10,10,10,10
,,,,,,,,,,,,,,,,,,,,,,,,,,,,,,,,,,,,,,,,,,,,,,,,10,10,10,10,10,10,10,10,10,10,10,10,10,10,10,10,10,10,10,10,10,10,10,424,10,10,10,10,10,10,10,10,10,10,10,10,10,25,,,,49,,,,,,10,10,10,10,10
,,,,,,,,,,,,,,,,,,,,,,,,,,,,,,,,,,,,,,,,,,,,,,,,10,10,10,10,10,10,10,10,10,10,10,10,10,10,10,10,10,10,10,10,10,10,26,,92,91,10,10,10,10,10,10,10,10,10,10,10,25,,,,49,,,,,,10,10,10,10,10
,,,,,,,,,,,,,,,,,,,,,,,,,,,,,,,,,,,,,,,,,,,,,,,,10,10,10,10,10,10,10,10,10,10,10,10,10,10,10,10,10,10,10,10,10,10,10,10,10,91,10,10,10,10,10,10,10,10,10,10,10,10,15,54,,49,,58,,54,,10,10,10,10,10
,,,,,,,,,,,,,,,,,,,,,,,,,,,,,,,,,,,,,,,,,,,,,,,,10,10,10,10,10,10,10,10,10,10,10,10,10,10,10,10,10,10,10,10,10,10,26,,92,91,10,10,10,10,10,10,10,10,10,10,10,10,10,10,10,10,10,10,10,10,10,10,10,10,10,10
,,,,,,,,,,,,,,,,,,,,,,,,,,,,,,,,,,,,,,,,,,,,,,,,10,10,10,10,10,10,10,10,10,10,10,10,10,10,10,10,10,10,10,10,10,10,10,56,10,10,10,10,10,10,10,10,10,10,10,10,10,10,10,10,10,10,10,10,10,10,10,10,10,10,10,10
,,,,,,,,,,,,,,,,,,,,,,,,,,,,,,,,,,,,,,,,,,,,,,,,10,10,10,10,10,10,10,10,10,10,10,10,10,10,10,10,10,10,10,10,10,10,10,,10,10,10,10,10,10,10,10,10,10,10,10,10,10,10,10,10,10,10,10,10,10,10,10,10,10,10,10
,,,,,,,,,,,,,,,,,,,,,,,,,,,,,,,,,,,,,,,,,,,,,,,,10,10,10,10,10,10,17,,,56,17,,,56,17,,,56,17,,,56,10,50,10,10,10,10,10,10,10,10,10,10,10,10,10,10,10,10,10,10,10,10,10,10,10,10,10,10,10,10
,,,,,,,,,,,,,,,,,,,,,,,,,,,,,,,,,,,,,,,,,,,,,,,,10,10,10,10,10,,,56,15,,,56,15,,,56,15,,,56,15,,54,,10,10,10,10,10,10,10,10,10,10,10,10,10,10,10,10,10,10,10,10,10,10,10,10,10,10,10,10
,,,,,,,,,,,,,,,,,,,,,,,,,,,,,,,,,,,,,,,,,,,,,,,,10,10,10,10,48,55,,,10,10,10,10,10,10,10,10,10,10,10,10,10,10,10,10,10,10,10,10,10,10,10,10,10,10,10,10,10,10,10,10,10,10,10,10,10,10,10,10,10,10,10,10
,,,,,,,,,,,,,,,,,,,,,,,,,,,,,,,,,,,,,,,,,,,,,,,,10,10,10,10,10,,,,10,10,10,10,10,10,10,10,10,10,10,10,10,10,10,10,10,10,10,10,10,10,10,10,10,10,10,10,10,10,10,10,10,10,10,10,10,10,10,10,10,10,10,10
,,,,,,,,,,,,,,,,,,,,,,,,,,,,,,,,,,,,,,,,,,10,10,10,10,10,10,10,10,10,10,10,,,,10,10,10,10,10,10,10,10,10,10,10,10,10,10,10,10,10,10,10,10,10,10,10,,,,,,,,,,,,,,,,,,,,,
,,,,,,,,,,,,,,,,,,,,,,,,,,,,,,,,,,,,,,,,,,10,10,10,10,10,10,10,10,10,10,48,55,,,10,10,10,10,10,10,10,10,10,10,10,10,10,10,10,10,10,10,10,10,10,10,10,,,,,,,,,,,,,,,,,,,,,
,,,,,,,,,,,,,,,,,,,,,,,,,,,,,,,,,,,,,,,,,,10,10,10,10,10,10,10,10,10,10,10,,,,10,10,10,10,10,10,10,10,10,10,10,10,10,10,10,10,10,10,10,10,10,10,10,,,,,,,,,,,,,,,,,,,,,
,,,,,,,,,,,,,,,,,,,,,,,,,,,,,,,,,,,,,,,,,,10,10,10,10,10,10,10,10,10,10,10,,,,10,10,10,10,10,10,10,10,10,10,10,10,10,10,10,10,10,10,10,10,10,10,10,,,,,,,,,,,,,,,,,,,,,
,,,,,,,,,,,,,,,,,,,,,,,,,,,,,,,,,,,,,,,,,,10,10,10,10,10,10,10,10,10,10,48,55,,,10,10,10,10,10,10,10,10,10,10,10,10,10,10,10,10,10,10,10,10,10,10,10,,,,,,,,,,,,,,,,,,,,,
,,,,,,,,,,,,,,,,,,,,,,,,,,,,,,,,,,,,,,,,,,10,10,10,10,10,10,10,10,10,10,10,,,,10,10,10,10,10,10,10,10,10,10,10,10,10,10,10,10,10,10,10,10,10,10,10,,,,,,,,,,,,,,,,,,,,,
,,,,,,,,,,,,,,,,,,,,,,,,,,,,,,,,,,,,,,,,,,10,10,10,10,10,10,10,10,10,10,10,,,,10,10,10,10,10,10,10,10,10,10,10,10,10,10,10,10,10,10,10,10,10,10,10,,,,,,,,,,,,,,,,,,,,,
,,,,,,,,,,,,,,,,,,,,,,,,,,,,,,,,,,,,,,,,,,10,10,10,10,10,10,10,52,10,10,48,55,,,10,10,10,10,10,10,,,,,,,,,,,,,,,,,,,,,,,,,,,,,,,,,,,,,,
,,,,,,,,,,,,,,,,,,,,,,,,,,,,,,,,,,,,,,,,,,10,10,10,10,10,17,,,10,10,10,,,,10,10,10,10,10,10,,,,,,,,,,,,,,,,,,,,,,,,,,,,,,,,,,,,,,
,,,,,,,,,,,,,,,,,,,,,,,,,,,,,,,,,,,,,,,,,,10,10,10,10,10,,,,10,10,10,10,50,10,10,10,10,10,10,10,,,,,,,,,,,,,,,,,,,,,,,,,,,,,,,,,,,,,,
,,,,,,,,,,,,,,,,,,,,,,,,,,,,,,,,,,,,,,,,,,10,10,10,10,10,55,,,10,10,59,53,,53,60,10,10,10,10,10,,,,,,,,,,,,,,,,,,,,,,,,,,,,,,,,,,,,,,
,,,,,,,,,,,,,,,,,,,,,,,,,,,,,,,,,,,,,,,,,,10,10,10,10,10,,,56,10,10,,,54,,,10,10,10,10,10,,,,,,,,,,,,,,,,,,,,,,,,,,,,,,,,,,,,,,
,,,,,,,,,,,,,,,,,,,,,,,,,,,,,,,,,,,,,,,,,,10,10,10,10,25,,,,73,73,,,3,52,52,10,10,10,10,10,,,,,,,,,,,,,,,,,,,,,,,,,,,,,,,,,,,,,,
,,,,,,,,,,,,,,,,,,,,,,,,,,,,,,,,,,,,,,,,,,10,10,10,10,10,,,56,10,10,,,57,,,10,10,10,10,10,,,,,,,,,,,,,,,,,,,,,,,,,,,,,,,,,,,,,,
,,,,,,,,,,,,,,,,,,,,,,,,,,,,,,,,,,,,,,,,,,10,10,10,10,10,55,,,10,10,59,54,,54,60,10,10,10,10,10,,,,,,,,,,,,,,,,,,,,,,,,,,,,,,,,,,,,,,
,,,,,,,,,,,,,,,,,,,,,,,,,,,,,,,,,,,,,,,,,,10,10,10,10,10,15,,,10,10,10,10,50,10,10,10,10,10,10,10,,,,,,,,,,,,,,,,,,,,,,,,,,,,,,,,,,,,,,
,,,,,,,,,,,,,,,,,,,,,,,,,,,,,,,,,,,,,,,,,,10,10,10,10,10,10,10,52,10,10,10,10,22,10,10,10,10,10,10,10,,,,,,,,,,,,,,,,,,,,,,,,,,,,,,,,,,,,,,
,,,,,,,,,,,,,,,,,,,,,,,,,,,,,,,,,,,,,,,,,,10,10,10,10,10,10,55,,10,10,10,10,22,10,10,10,10,10,10,10,,,,,,,,,,,,,,,,,,,,,,,,,,,,,,,,,,,,,,
,,,,,,,,,,,,,,,,,,,,,,,,,,,,,,,,,,,,,,,,,,10,10,10,10,10,10,,,,49,,10,,10,10,10,10,10,10,10,,,,,,,,,,,,,,,,,,,,,,,,,,,,,,,,,,,,,,
,,,,,,,,,,,,,,,,,,,,,,,,,,,,,,,,,,,,,,,,,,10,10,10,10,10,10,15,58,,10,,49,,10,10,10,10,10,10,10,,,,,,,,,,,,,,,,,,,,,,,,,,,,,,,,,,,,,,
,,,,,,,,,,,,,,,,,,,,,,,,,,,,,,,,,,,,,,,,,,10,10,10,10,10,10,10,10,10,10,10,10,10,10,10,10,10,10,10,10,,,,,,,,,,,,,,,,,,,,,,,,,,,,,,,,,,,,,,
BigDecor: 
,,,,,,,,,,,,,,,,,,,,,,,,,,,,,,,,,,,,,,,,,,,,,,,,,,,,,,,,,,,,,,,,,,,,,,,,,,,,,,,,,,,,,,,,,,,,,,,,,,,
,,,,,,,,,,,,,,,,,,,,,,,,,,,,,,,,,,,,,,,,,,,,,,,,,,,,,,,,,,,,,,,,,,,,,,,,,,,,,,,,,,,,,,,,,,,,,,,,,,,
,,,,,,,,,,,,,,,,,,,,,,,,,,,,,,,,,,,,,,,,,,,,,,,,,,,,,,,,,,,,,,,,,,,,,,,,,,,,,,,,,,,,,,,,,,,,,,,,,,,
,,,,,,,,,,,,,,,,,,,,,,,,,,,,,,,,,,,,,,,,,,,,,,,,,,,,,,,,,,,,,,,,,,,,,,,,,,,,,,,,,,,,,,,,,,,,,,,,,,,
,,,,,,,,,,,,,,,,,,,,,,,,,,,,,,,,,,,,,,,,,,,,,,,,,,,,,,,,,,,,,,,,,,,,,,,,,,,,,,,,,,,,,,,,,,,,,,,,,,,
,,,,,,,,,,,,,,,,,,,,,,,,,,,,,,,,,,,,,,,,,,,,,,,,,,,,,,,,,,,,,,,,,,,,,,,,,,,,,,,,,,,,,,,,,,,,,,,,,,,
,,,,,,,,,,,,,,,,,,,,,,,,,,,,,,,,,,,,,,,,,,,,,,,,,,,,,,,,,,,,,,,,,,,,,,,,,,,,,,,,,,,,,,,,,,,,,,,,,,,
,,,,,,,,,,,,,,,,,,,,,,,,,,,,,,,,,,,,,,,,,,,,,,,,,,,,,,,,,,,,,,,,,,,,,,,,,,,,,,,,,,,,,,,,,,,,,,,,,,,
,,,,,,,,,,,,,,,,,,,,,,,,,,,,,,,,,,,,,,,,,,,,,,,,,,,,,,,,,,,,,,,,,,,,,,,,,,,,,,,,,,,,,,,,,,,,,,,,,,,
,,,,,,,,,,,,,,,,,,,,,,,,,,,,,,,,,,,,,,,,,,,,,,,,,,,,,,,,,,,,,,,,,,,,,,,,,,,,,,,,,,,,,,,,,,,,,,,,,,,
,,,,,,,,,,,,,,,,,,,,,,,,,,,,,,,,,,,,,,,,,,,,,,,,,,,,,,,,,,,,,,,,,,,,,,,,,,,,,,,,,,,,,,,,,,,,,,,,,,,
,,,,,,,,,,,,,,,,,,,,,,,,,,,,,,,,,,,,,,,,,,,,,,,,,,,,,,,,,,,,,,,,,,,,,,,,,,,,,,,,,,,,,,,,,,,,,,,,,,,
,,,,,,,,,,,,,,,,,,,,,,,,,,,,,,,,,,,,,,,,,,,,,,,,,,,,,,,,,,,,,,,,,,,,,,,,,,,,,,,,,,,,,,,,,,,,,,,,,,,
,,,,,,,,,,,,,,,,,,,,,,,,,,,,,,,,,,,,,,,,,,,,,,,,,,,,,,,,,,,,,,,,,,,,,,,,,,,,,,,,,,,,,,,,,,,,,,,,,,,
,,,,,,,,,,,,,,,,,,,,,,,,,,,,,,,,,,,,,,,,,,,,,,,,,,,,,,,,,,,,,,,,,,,,,,,,,,,,,,,,,,,,,,,,,,,,,,,,,,,
,,,,,,,,,,,,,,,,,,,,,,,,,,,,,,,,,,,,,,,,,,,,,,,,,,,,,,,,,,,,,,,,,,,,,,,,,,,,,,,,,,,,,,,,,,,,,,,,,,,
,,,,,,,,,,,,,,,,,,,,,,,,,,,,,,,,,,,,,,,,,,,,,,,,,,,,,,,,,,,,,,,,,,,,,,,,,,,,,,,,,,,,,,,,,,,,,,,,,,,
,,,,,,,,,,,,,,,,,,,,,,,,,,,,,,,,,,,,,,,,,,,,,,,,,,,,,,,,,,,,,,,,,,,,,,,,,,,,,,,,,,,,,,,,,,,,,,,,,,,
,,,,,,,,,,,,,,,,,,,,,,,,,,,,,,,,,,,,,,,,,,,,,,,,,,,,,,,,,,,,,,,,,,,,,,,,,,,,,,,,,,,,,,,,,,,,,,,,,,,
,,,,,,,,,,,,,,,,,,,,,,,,,,,,,,,,,,,,,,,,,,,,,,,,,,,,,,,,,,,,,,,,,,,,,,,,,,,,,,,,,,,,,,,,,,,,,,,,,,,
,,,,,,,,,,,,,,,,,,,,,,,,,,,,,,,,,,,,,,,,,,,,,,,,,,,,,,,,,,,,,,,,,,,,,,,,,,,,,,,,,,,,,,,,,,,,,,,,,,,
,,,,,,,,,,,,,,,,,,,,,,,,,,,,,,,,,,,,,,,,,,,,,,,,,,,,,,,,,,,,,,,,,,,,,,,,,,,,,,,,,,,,,,,,,,,,,,,,,,,
,,,,,,,,,,,,,,,,,,,,,,,,,,,,,,,,,,,,,,,,,,,,,,,,,,,,,,,,,,,,,,,,,,,,,,,,,,,,,,,,,,,,,,,,,,,,,,,,,,,
,,,,,,,,,,,,,,,,,,,,,,,,,,,,,,,,,,,,,,,,,,,,,,,,,,,,,,,,,,,,,,,,,,,,,,,,,,,,,,,,,,,,,,,,,,,,,,,,,,,
,,,,,,,,,,,,,,,,,,,,,,,,,,,,,,,,,,,,,,,,,,,,,,,,,,,,,,,,,,,,,,,,,,,,,,,,,,,,,,,,,,,,,,,,,,,,,,,,,,,
,,,,,,,,,,,,,,,,,,,,,,,,,,,,,,,,,,,,,,,,,,,,,,,,,,,,,,,,,,,,,,,,,,,,,,,,,,,,,,,,,,,,,,,,,,,,,,,,,,,
,,,,,,,,,,,,,,,,,,,,,,,,,,,,,,,,,,,,,,,,,,,,,,,,,,,,,,,,,,,,,,,,,,,,,,,,,,,,,,,,,,,,,,,,,,,,,,,,,,,
,,,,,,,,,,,,,,,,,,,,,,,,,,,,,,,,,,,,,,,,,,,,,,,,,,,,,,,,,,,,,,,,,,,,,,,,,,,,,,,,,,,,,,,,,,,,,,,,,,,
,,,,,,,,,,,,,,,,,,,,,,,,,,,,,,,,,,,,,,,,,,,,,,,,,,,,,,,,,,,,,,,,,,,,,,,,,,,,,,,,,,,,,,,,,,,,,,,,,,,
,,,,,,,,,,,,,,,,,,,,,,,,,,,,,,,,,,,,,,,,,,,,,,,,,,,,,,,,,,,,,,,,,,,,,,,,,,,,,,,,,,,,,,,,,,,,,,,,,,,
,,,,,,,,,,,,,,,,,,,,,,,,,,,,,,,,,,,,,,,,,,,,,,,,,,,,,,,,,,,,,,,,,,,,,,,,,,,,,,,,,,,,,,,,,,,,,,,,,,,
,,,,,,,,,,,,,,,,,,,,,,,,,,,,,,,,,,,,,,,,,,,,,,,,,,,,,,,,,,,,,,,,,,,,,,,,,,,,,,,,,,,,,,,,,,,,,,,,,,,
,,,,,,,,,,,,,,,,,,,,,,,,,,,,,,,,,,,,,,,,,,,,,,,,,,,,,,,,,,,,,,,,,,,,,,,,,,,,,,,,,,,,,,,,,,,,,,,,,,,
,,,,,,,,,,,,,,,,,,,,,,,,,,,,,,,,,,,,,,,,,,,,,,,,,,,,,,,,,,,,,,,,,,,,,,,,,,,,,,,,,,,,,,,,,,,,,,,,,,,
,,,,,,,,,,,,,,,,,,,,,,,,,,,,,,,,,,,,,,,,,,,,,,,,,,,,,,,,,,,,,,,,,,,,,,,,,,,,,,,,,,,,,,,,,,,,,,,,,,,
,,,,,,,,,,,,,,,,,,,,,,,,,,,,,,,,,,,,,,,,,,,,,,,,,,,,,,,,,,,,,,,,,,,,,,,,,,,,,,,,,,,,,,,,,,,,,,,,,,,
,,,,,,,,,,,,,,,,,,,,,,,,,,,,,,,,,,,,,,,,,,,,,,,,,,,,,,,,,,,,,,,,,,,,,,,,,,,,,,,,,,,,,,,,,,,,,,,,,,,
,,,,,,,,,,,,,,,,,,,,,,,,,,,,,,,,,,,,,,,,,,,,,,,,,,,,,,,,,,,,,,,,,,,,,,,,,,,,,,,,,,,,,,,,,,,,,,,,,,,
,,,,,,,,,,,,,,,,,,,,,,,,,,,,,,,,,,,,,,,,,,,,,,,,,,,,,,,,,,,,,,,,,,,,,,,,,,,,,,,,,,,,,,,,,,,,,,,,,,,
,,,,,,,,,,,,,,,,,,,,,,,,,,,,,,,,,,,,,,,,,,,,,,,,,,,,,,,,,,,,,,,,,,,,,,,,,,,,,,,,,,,,,,,,,,,,,,,,,,,
,,,,,,,,,,,,,,,,,,,,,,,,,,,,,,,,,,,,,,,,,,,,,,,,,,,,,,,,,,,,,,,,,,,,,,,,,,,,,,,,,,,,,,,,,,,,,,,,,,,
,,,,,,,,,,,,,,,,,,,,,,,,,,,,,,,,,,,,,,,,,,,,,,,,,,,,,,,,,,,,,,,,,,,,,,,,,,,,,,,,,,,,,,,,,,,,,,,,,,,
,,,,,,,,,,,,,,,,,,,,,,,,,,,,,,,,,,,,,,,,,,,,,,,,,,,,,,,,,,,,,,,,,,,,,,,,,,,,,,,,,,,,,,,,,,,,,,,,,,,
,,,,,,,,,,,,,,,,,,,,,,,,,,,,,,,,,,,,,,,,,,,,,,,,,,,,,,,,,,,,,,,,,,,,,,,,,,,,,,,,,,,,,,,,,,,,,,,,,,,
,,,,,,,,,,,,,,,,,,,,,,,,,,,,,,,,,,,,,,,,,,,,,,,,,,,,,,,,,,,,,,,,,,,,,,,,,,,,,,,,,,,,,,,,,,,,,,,,,,,
,,,,,,,,,,,,,,,,,,,,,,,,,,,,,,,,,,,,,,,,,,,,,,,,,,,,,,,,,,,,,,,,,,,,,,,,,,,,,,,,,,,,,,,,,,,,,,,,,,,
,,,,,,,,,,,,,,,,,,,,,,,,,,,,,,,,,,,,,,,,,,,,,,,,,,,,,,,,,,,,,,,,,,,,,,,,,,,,,,,,,,,,,,,,,,,,,,,,,,,
,,,,,,,,,,,,,,,,,,,,,,,,,,,,,,,,,,,,,,,,,,,,,,,,,,,,,,,,,,,,,,,,,,,,,,,,,,,,,,,,,,,,,,,,,,,,,,,,,,,
,,,,,,,,,,,,,,,,,,,,,,,,,,,,,,,,,,,,,,,,,,,,,,,,,,,,,,,,,,,,,,,,,,,,,,,,,,,,,,,,,,,,,,,,,,,,,,,,,,,
,,,,,,,,,,,,,,,,,,,,,,,,,,,,,,,,,,,,,,,,,,,,,,,,,,,,,,,,,,,,,,,,,,,,,,,,,,,,,,,,,,,,,,,,,,,,,,,,,,,
,,,,,,,,,,,,,,,,,,,,,,,,,,,,,,,,,,,,,,,,,,,,,,,,,,,,,,,,,,,,,,,,,,,,,,,,,,,,,,,,,,,,,,,,,,,,,,,,,,,
,,,,,,,,,,,,,,,,,,,,,,,,,,,,,,,,,,,,,,,,,,,,,,,,,,,,,,,,,,,,,,,,,,,,,,,,,,,,,,,,,,,,,,,,,,,,,,,,,,,
,,,,,,,,,,,,,,,,,,,,,,,,,,,,,,,,,,,,,,,,,,,,,,,,,,,,,,,,,,,,,,,,,,,,,,,,,,,,,,,,,,,,,,,,,,,,,,,,,,,
,,,,,,,,,,,,,,,,,,,,,,,,,,,,,,,,,,,,,,,,,,,,,,,,,,,,,,,,,,,,,,,,,,,,,,,,,,,,,,,,,,,,,,,,,,,,,,,,,,,
,,,,,,,,,,,,,,,,,,,,,,,,,,,,,,,,,,,,,,,,,,,,,,,,,,,,,,,,,,,,,,,,,,,,,,,,,,,,,,,,,,,,,,,,,,,,,,,,,,,
,,,,,,,,,,,,,,,,,,,,,,,,,,,,,,,,,,,,,,,,,,,,,,,,,,,,,,,,,,,,,,,,,,,,,,,,,,,,,,,,,,,,,,,,,,,,,,,,,,,
,,,,,,,,,,,,,,,,,,,,,,,,,,,,,,,,,,,,,,,,,,,,,,,,,,,,,,,,,,,,,,,,,,,,,,,,,,,,,,,,,,,,,,,,,,,,,,,,,,,
,,,,,,,,,,,,,,,,,,,,,,,,,,,,,,,,,,,,,,,,,,,,,,,,,,,,,,,,,,,,,,,,,,,,,,,,,,,,,,,,,,,,,,,,,,,,,,,,,,,
,,,,,,,,,,,,,,,,,,,,,,,,,,,,,,,,,,,,,,,,,,,,,,,,,,,,,,,,,,,,,,,,,,,,,,,,,,,,,,,,,,,,,,,,,,,,,,,,,,,
,,,,,,,,,,,,,,,,,,,,,,,,,,,,,,,,,,,,,,,,,,,,,,,,,,,,,,,,,,,,,,,,,,,,,,,,,,,,,,,,,,,,,,,,,,,,,,,,,,,
,,,,,,,,,,,,,,,,,,,,,,,,,,,,,,,,,,,,,,,,,,,,,,,,,,,,,,,,,,,,,,,,,,,,,,,,,,,,,,,,,,,,,,,,,,,,,,,,,,,
,,,,,,,,,,,,,,,,,,,,,,,,,,,,,,,,,,,,,,,,,,,,,,,,,,,,,,,,,,,,,,,,,,,,,,,,,,,,,,,,,,,,,,,,,,,,,,,,,,,
,,,,,,,,,,,,,,,,,,,,,,,,,,,,,,,,,,,,,,,,,,,,,,,,,,,,,,,,,,,,,,,,,,,,,,,,,,,,,,,,,,,,,,,,,,,,,,,,,,,
,,,,,,,,,,,,,,,,,,,,,,,,,,,,,,,,,,,,,,,,,,,,,,,,,,,,,,,,,,,,,,,,,,,,,,,,,,,,,,,,,,,,,,,,,,,,,,,,,,,
,,,,,,,,,,,,,,,,,,,,,,,,,,,,,,,,,,,,,,,,,,,,,,,,,,,,,,,,,,,,,,,,,,,,,,,,,,,,,,,,,,,,,,,,,,,,,,,,,,,
,,,,,,,,,,,,,,,,,,,,,,,,,,,,,,,,,,,,,,,,,,,,,,,,,,,,,,,,,,,,,,,,,,,,,,,,,,,,,,,,,,,,,,,,,,,,,,,,,,,
,,,,,,,,,,,,,,,,,,,,,,,,,,,,,,,,,,,,,,,,,,,,,,,,,,,,,,,,,,,,,,,,,,,,,,,,,,,,,,,,,,,,,,,,,,,,,,,,,,,
,,,,,,,,,,,,,,,,,,,,,,,,,,,,,,,,,,,,,,,,,,,,,,,,,,,,,,,,,,,,,,,,,,,,,,,,,,,,,,,,,,,,,,,,,,,,,,,,,,,
,,,,,,,,,,,,,,,,,,,,,,,,,,,,,,,,,,,,,,,,,,,,,,,,,,,,,,,,,,,,,,,,,,,,,,,,,,,,,,,,,,,,,,,,,,,,,,,,,,,
,,,,,,,,,,,,,,,,,,,,,,,,,,,,,,,,,,,,,,,,,,,,,,,,,,,,,,,,,,,,,,,,,,,,,,,,,,,,,,,,,,,,,,,,,,,,,,,,,,,
,,,,,,,,,,,,,,,,,,,,,,,,,,,,,,,,,,,,,,,,,,,,,,,,,,,,,,,,,,,,,,,,,,,,,,,,,,,,,,,,,,,,,,,,,,,,,,,,,,,
,,,,,,,,,,,,,,,,,,,,,,,,,,,,,,,,,,,,,,,,,,,,,,,,,,,,,,,,,,,,,,,,,,,,,,,,,,,,,,,,,,,,,,,,,,,,,,,,,,,
,,,,,,,,,,,,,,,,,,,,,,,,,,,,,,,,,,,,,,,,,,,,,,,,,,,,,,,,,,,,,,,,,,,,,,,,,,,,,,,,,,,,,,,,,,,,,,,,,,,
,,,,,,,,,,,,,,,,,,,,,,,,,,,,,,,,,,,,,,,,,,,,,,,,,,,,,,,,,,,,,,,,,,,,,,,,,,,,,,,,,,,,,,,,,,,,,,,,,,,
,,,,,,,,,,,,,,,,,,,,,,,,,,,,,,,,,,,,,,,,,,,,,,,,,,,,,,,,,,,,,,,,,,,,,,,,,,,,,,,,,,,,,,,,,,,,,,,,,,,
,,,,,,,,,,,,,,,,,,,,,,,,,,,,,,,,,,,,,,,,,,,,,,,,,,,,,,,,,,,,,,,,,,,,,,,,,,,,,,,,,,,,,,,,,,,,,,,,,,,
,,,,,,,,,,,,,,,,,,,,,,,,,,,,,,,,,,,,,,,,,,,,,,,,,,,,,,,,,,,,,,,,,,,,,,,,,,,,,,,,,,,,,,,,,,,,,,,,,,,
,,,,,,,,,,,,,,,,,,,,,,,,,,,,,,,,,,,,,,,,,,,,,,,,,,,,,,,,,,,,,,,,,,,,,,,,,,,,,,,,,,,,,,,,,,,,,,,,,,,
,,,,,,,,,,,,,,,,,,,,,,,,,,,,,,,,,,,,,,,,,,,,,,,,,,,,,,,,,,,,,,,,,,,,,,,,,,,,,,,,,,,,,,,,,,,,,,,,,,,
,,,,,,,,,,,,,,,,,,,,,,,,,,,,,,,,,,,,,,,,,,,,,,,,,,,,,,,,,,,,,,,,,,,,,,,,,,,,,,,,,,,,,,,,,,,,,,,,,,,
,,,,,,,,,,,,,,,,,,,,,,,,,,,,,,,,,,,,,,,,,,,,,,,,,,,,,,,,,,,,,,,,,,,,,,,,,,,,,,,,,,,,,,,,,,,,,,,,,,,
,,,,,,,,,,,,,,,,,,,,,,,,,,,,,,,,,,,,,,,,,,,,,,,,,,,,,,,,,,,,,,,,,,,,,,,,,,,,,,,,,,,,,,,,,,,,,,,,,,,
,,,,,,,,,,,,,,,,,,,,,,,,,,,,,,,,,,,,,,,,,,,,,,,,,,,,,,,,,,,,,,,,,,,,,,,,,,,,,,,,,,,,,,,,,,,,,,,,,,,
,,,,,,,,,,,,,,,,,,,,,,,,,,,,,,,,,,,,,,,,,,,,,,,,,,,,,,,,,,,,,,,,,,,,,,,,,,,,,,,,,,,,,,,,,,,,,,,,,,,
,,,,,,,,,,,,,,,,,,,,,,,,,,,,,,,,,,,,,,,,,,,,,,,,,,,,,,,,,,,,,,,,,,,,,,,,,,,,,,,,,,,,,,,,,,,,,,,,,,,
,,,,,,,,,,,,,,,,,,,,,,,,,,,,,,,,,,,,,,,,,,,,,,,,,,,,,,,,,,,,,,,,,,,,,,,,,,,,,,,,,,,,,,,,,,,,,,,,,,,
,,,,,,,,,,,,,,,,,,,,,,,,,,,,,,,,,,,,,,,,,,,,,,,,,,,,,,,,,,,,,,,,,,,,,,,,,,,,,,,,,,,,,,,,,,,,,,,,,,,
,,,,,,,,,,,,,,,,,,,,,,,,,,,,,,,,,,,,,,,,,,,,,,,,,,,,,,,,,,,,,,,,,,,,,,,,,,,,,,,,,,,,,,,,,,,,,,,,,,,
,,,,,,,,,,,,,,,,,,,,,,,,,,,,,,,,,,,,,,,,,,,,,,,,,,,,,,,,,,,,,,,,,,,,,,,,,,,,,,,,,,,,,,,,,,,,,,,,,,,
,,,,,,,,,,,,,,,,,,,,,,,,,,,,,,,,,,,,,,,,,,,,,,,,,,,,,,,23,,,,,,,,,,,,,,,,,,,,,,,,,,,,,,,,,,,,,,,,,,,,
,,,,,,,,,,,,,,,,,,,,,,,,,,,,,,,,,,,,,,,,,,,,,,,,,,,,,,,,,,,,,,,,,,,,,,,,,,,,,,,,,,,,,,,,,,,,,,,,,,,
,,,,,,,,,,,,,,,,,,,,,,,,,,,,,,,,,,,,,,,,,,,,,,,,,,,,,,,,,,,,,,,,,,,,,,,,,,,,,,,,,,,,,,,,,,,,,,,,,,,
,,,,,,,,,,,,,,,,,,,,,,,,,,,,,,,,,,,,,,,,,,,,,,,,,,,,,,,24,,,,,,,,,,,,,,,,,,,,,,,,,,,,,,,,,,,,,,,,,,,,
,,,,,,,,,,,,,,,,,,,,,,,,,,,,,,,,,,,,,,,,,,,,,,,,,,,,,,,,,,,,,,,,,,,,,,,,,,,,,,,,,,,,,,,,,,,,,,,,,,,
,,,,,,,,,,,,,,,,,,,,,,,,,,,,,,,,,,,,,,,,,,,,,,,,,,,,,,,,,,,,,,,,,,,,,,,,,,,,,,,,,,,,,,,,,,,,,,,,,,,
,,,,,,,,,,,,,,,,,,,,,,,,,,,,,,,,,,,,,,,,,,,,,,,,,,,,,,,,,,,,,,,,,,,,,,,,,,,,,,,,,,,,,,,,,,,,,,,,,,,
,,,,,,,,,,,,,,,,,,,,,,,,,,,,,,,,,,,,,,,,,,,,,,,,,,,,,,,,,,,,,,,,,,,,,,,,,,,,,,,,,,,,,,,,,,,,,,,,,,,
,,,,,,,,,,,,,,,,,,,,,,,,,,,,,,,,,,,,,,,,,,,,,,,,,,,,,,,,,,,,,,,,,,,,,,,,,,,,,,,,,,,,,,,,,,,,,,,,,,,
,,,,,,,,,,,,,,,,,,,,,,,,,,,,,,,,,,,,,,,,,,,,,,,,,,,,,,,,,,,,,,,,,,,,,,,,,,,,,,,,,,,,,,,,,,,,,,,,,,,
,,,,,,,,,,,,,,,,,,,,,,,,,,,,,,,,,,,,,,,,,,,,,,,,,,,,,,,,,,,,,,,,,,,,,,,,,,,,,,,,,,,,,,,,,,,,,,,,,,,
MoveObject: type=1 stepAdvance=30 stepRecede=30 timeStopStart=10 timeStopEnd=10 posStart=1088;5056 posEnd=1280;5056 posCurrent=1172;5056 step=4 time=17 phase=154 channel=1 icon=29 
MoveObject: type=1 stepAdvance=30 stepRecede=30 timeStopStart=10 timeStopEnd=10 posStart=1472;5056 posEnd=1664;5056 posCurrent=1556;5056 step=4 time=17 phase=154 channel=1 icon=29 
MoveObject: type=3 stepAdvance=1 stepRecede=1 timeStopStart=0 timeStopEnd=0 posStart=1154;4928 posEnd=1154;4928 posCurrent=1154;4928 step=1 time=0 phase=154 channel=10 icon=52 
MoveObject: type=3 stepAdvance=1 stepRecede=1 timeStopStart=0 timeStopEnd=0 posStart=1218;4928 posEnd=1218;4928 posCurrent=1218;4928 step=1 time=0 phase=154 channel=10 icon=52 
MoveObject: type=3 stepAdvance=1 stepRecede=1 timeStopStart=0 timeStopEnd=0 posStart=1538;4928 posEnd=1538;4928 posCurrent=1538;4928 step=1 time=0 phase=154 channel=10 icon=52 
MoveObject: type=3 stepAdvance=1 stepRecede=1 timeStopStart=0 timeStopEnd=0 posStart=1602;4928 posEnd=1602;4928 posCurrent=1602;4928 step=1 time=0 phase=154 channel=10 icon=52 
MoveObject: type=3 stepAdvance=1 stepRecede=1 timeStopStart=0 timeStopEnd=0 posStart=1090;4928 posEnd=1090;4928 posCurrent=1090;4928 step=1 time=0 phase=154 channel=10 icon=52 
MoveObject: type=7 stepAdvance=1 stepRecede=1 timeStopStart=0 timeStopEnd=0 posStart=5826;3396 posEnd=5826;3396 posCurrent=5826;3396 step=1 time=0 phase=154 channel=10 icon=32 
MoveObject: type=3 stepAdvance=1 stepRecede=1 timeStopStart=0 timeStopEnd=0 posStart=1282;4928 posEnd=1282;4928 posCurrent=1282;4928 step=1 time=0 phase=154 channel=10 icon=52 
MoveObject: type=3 stepAdvance=1 stepRecede=1 timeStopStart=0 timeStopEnd=0 posStart=1474;4928 posEnd=1474;4928 posCurrent=1474;4928 step=1 time=0 phase=154 channel=10 icon=52 
MoveObject: type=3 stepAdvance=1 stepRecede=1 timeStopStart=0 timeStopEnd=0 posStart=1666;4928 posEnd=1666;4928 posCurrent=1666;4928 step=1 time=0 phase=154 channel=10 icon=52 
MoveObject: type=2 stepAdvance=1 stepRecede=1 timeStopStart=0 timeStopEnd=0 posStart=1858;5060 posEnd=1858;5060 posCurrent=1858;5060 step=1 time=0 phase=154 channel=10 icon=16 
MoveObject: type=2 stepAdvance=1 stepRecede=1 timeStopStart=0 timeStopEnd=0 posStart=2050;5060 posEnd=2050;5060 posCurrent=2050;5060 step=1 time=0 phase=154 channel=10 icon=16 
MoveObject: type=2 stepAdvance=1 stepRecede=1 timeStopStart=0 timeStopEnd=0 posStart=2242;5060 posEnd=2242;5060 posCurrent=2242;5060 step=1 time=0 phase=154 channel=10 icon=16 
MoveObject: type=1 stepAdvance=10 stepRecede=10 timeStopStart=10 timeStopEnd=10 posStart=1856;5120 posEnd=1856;5056 posCurrent=1856;5056 step=3 time=0 phase=154 channel=1 icon=10 
MoveObject: type=1 stepAdvance=10 stepRecede=10 timeStopStart=10 timeStopEnd=10 posStart=2048;5120 posEnd=2048;5056 posCurrent=2048;5056 step=3 time=0 phase=154 channel=1 icon=10 
MoveObject: type=1 stepAdvance=10 stepRecede=10 timeStopStart=10 timeStopEnd=10 posStart=2240;5120 posEnd=2240;5056 posCurrent=2240;5056 step=3 time=0 phase=154 channel=1 icon=10 
MoveObject: type=4 stepAdvance=90 stepRecede=90 timeStopStart=20 timeStopEnd=20 posStart=2496;4992 posEnd=2688;4992 posCurrent=2644;4992 step=4 time=21 phase=154 channel=10 icon=66 
MoveObject: type=6 stepAdvance=1 stepRecede=1 timeStopStart=0 timeStopEnd=0 posStart=3586;6024 posEnd=3586;6024 posCurrent=3586;6024 step=1 time=0 phase=154 channel=10 icon=27 
MoveObject: type=6 stepAdvance=1 stepRecede=1 timeStopStart=0 timeStopEnd=0 posStart=3778;6024 posEnd=3778;6024 posCurrent=3778;6024 step=1 time=0 phase=154 channel=10 icon=27 
MoveObject: type=13 stepAdvance=1 stepRecede=1 timeStopStart=0 timeStopEnd=0 posStart=4354;6020 posEnd=4354;6020 posCurrent=4354;6020 step=1 time=0 phase=154 channel=10 icon=68 
MoveObject: type=13 stepAdvance=1 stepRecede=1 timeStopStart=0 timeStopEnd=0 posStart=4418;6020 posEnd=4418;6020 posCurrent=4418;6020 step=1 time=0 phase=154 channel=10 icon=68 
MoveObject: type=13 stepAdvance=1 stepRecede=1 timeStopStart=0 timeStopEnd=0 posStart=4482;6020 posEnd=4482;6020 posCurrent=4482;6020 step=1 time=0 phase=154 channel=10 icon=68 
MoveObject: type=13 stepAdvance=1 stepRecede=1 timeStopStart=0 timeStopEnd=0 posStart=4546;6020 posEnd=4546;6020 posCurrent=4546;6020 step=1 time=0 phase=154 channel=10 icon=68 
MoveObject: type=13 stepAdvance=1 stepRecede=1 timeStopStart=0 timeStopEnd=0 posStart=4034;5636 posEnd=4034;5636 posCurrent=4034;5636 step=1 time=0 phase=154 channel=10 icon=68 
MoveObject: type=13 stepAdvance=1 stepRecede=1 timeStopStart=0 timeStopEnd=0 posStart=4098;5636 posEnd=4098;5636 posCurrent=4098;5636 step=1 time=0 phase=154 channel=10 icon=68 
MoveObject: type=13 stepAdvance=1 stepRecede=1 timeStopStart=0 timeStopEnd=0 posStart=4162;5636 posEnd=4162;5636 posCurrent=4162;5636 step=1 time=0 phase=154 channel=10 icon=68 
MoveObject: type=13 stepAdvance=1 stepRecede=1 timeStopStart=0 timeStopEnd=0 posStart=4226;5636 posEnd=4226;5636 posCurrent=4226;5636 step=1 time=0 phase=154 channel=10 icon=68 
MoveObject: type=5 stepAdvance=1 stepRecede=1 timeStopStart=0 timeStopEnd=0 posStart=4162;5380 posEnd=4162;5380 posCurrent=4162;5380 step=1 time=0 phase=154 channel=10 icon=7 
MoveObject: type=5 stepAdvance=1 stepRecede=1 timeStopStart=0 timeStopEnd=0 posStart=4098;5124 posEnd=4098;5124 posCurrent=4098;5124 step=1 time=0 phase=154 channel=10 icon=7 
MoveObject: type=5 stepAdvance=1 stepRecede=1 timeStopStart=0 timeStopEnd=0 posStart=4226;4868 posEnd=4226;4868 posCurrent=4226;4868 step=1 time=0 phase=154 channel=10 icon=7 
MoveObject: type=5 stepAdvance=1 stepRecede=1 timeStopStart=0 timeStopEnd=0 posStart=4034;4676 posEnd=4034;4676 posCurrent=4034;4676 step=1 time=0 phase=154 channel=10 icon=7 
MoveObject: type=13 stepAdvance=1 stepRecede=1 timeStopStart=0 timeStopEnd=0 posStart=3970;5636 posEnd=3970;5636 posCurrent=3970;5636 step=1 time=0 phase=154 channel=10 icon=68 
MoveObject: type=13 stepAdvance=1 stepRecede=1 timeStopStart=0 timeStopEnd=0 posStart=3906;5636 posEnd=3906;5636 posCurrent=3906;5636 step=1 time=0 phase=154 channel=10 icon=68 
MoveObject: type=13 stepAdvance=1 stepRecede=1 timeStopStart=0 timeStopEnd=0 posStart=3842;5636 posEnd=3842;5636 posCurrent=3842;5636 step=1 time=0 phase=154 channel=10 icon=68 
MoveObject: type=13 stepAdvance=1 stepRecede=1 timeStopStart=0 timeStopEnd=0 posStart=3778;5636 posEnd=3778;5636 posCurrent=3778;5636 step=1 time=0 phase=154 channel=10 icon=68 
MoveObject: type=13 stepAdvance=1 stepRecede=1 timeStopStart=0 timeStopEnd=0 posStart=3714;5636 posEnd=3714;5636 posCurrent=3714;5636 step=1 time=0 phase=154 channel=10 icon=68 
MoveObject: type=40 stepAdvance=1 stepRecede=1 timeStopStart=0 timeStopEnd=0 posStart=4866;4040 posEnd=4866;4040 posCurrent=4866;4040 step=1 time=0 phase=154 channel=10 icon=191 
MoveObject: type=2 stepAdvance=1 stepRecede=1 timeStopStart=0 timeStopEnd=0 posStart=4930;3524 posEnd=4930;3524 posCurrent=4930;3524 step=1 time=0 phase=154 channel=10 icon=16 
MoveObject: type=2 stepAdvance=1 stepRecede=1 timeStopStart=0 timeStopEnd=0 posStart=5122;3524 posEnd=5122;3524 posCurrent=5122;3524 step=1 time=0 phase=154 channel=10 icon=16 
MoveObject: type=2 stepAdvance=1 stepRecede=1 timeStopStart=0 timeStopEnd=0 posStart=5506;3524 posEnd=5506;3524 posCurrent=5506;3524 step=1 time=0 phase=154 channel=10 icon=16 
MoveObject: type=2 stepAdvance=1 stepRecede=1 timeStopStart=0 timeStopEnd=0 posStart=5314;3524 posEnd=5314;3524 posCurrent=5314;3524 step=1 time=0 phase=154 channel=10 icon=16 
MoveObject: type=6 stepAdvance=1 stepRecede=1 timeStopStart=0 timeStopEnd=0 posStart=5570;3144 posEnd=5570;3144 posCurrent=5570;3144 step=1 time=0 phase=154 channel=10 icon=27 
MoveObject: type=6 stepAdvance=1 stepRecede=1 timeStopStart=0 timeStopEnd=0 posStart=5634;3144 posEnd=5634;3144 posCurrent=5634;3144 step=1 time=0 phase=154 channel=10 icon=27 
MoveObject: type=6 stepAdvance=1 stepRecede=1 timeStopStart=0 timeStopEnd=0 posStart=5698;3144 posEnd=5698;3144 posCurrent=5698;3144 step=1 time=0 phase=154 channel=10 icon=27 
MoveObject: type=6 stepAdvance=1 stepRecede=1 timeStopStart=0 timeStopEnd=0 posStart=5762;3144 posEnd=5762;3144 posCurrent=5762;3144 step=1 time=0 phase=154 channel=10 icon=27 
