DescFile: posDecor=0;5150 dimDecor=100;100 world=0 music=8 region=27 blupiPos=66;5446 blupiDir=2 
Decor: 
,,,,,,,,,,,,,,,,,,,,,,,,,,,,,,,,,,,,,,,,,,,,,,,,,,,,,,,,,,,,,,,,,,,,,,261,261,261,261,261,261,263,263,261,263,261,261,261,261,263,263,261,261,261,,,,,,,,,,,
,,,,,,,,,,,,,,,,,,,,,,,,,,,,,,,,,,,,,,,,,,,,,,,,,,,,,,,,,,,,,,,,,,,,,,261,261,261,261,263,65,,,263,,261,261,261,263,,,261,261,261,,,,,,,,,,,
,,,,,,,,,,,,,,,,,,,,,,,,,,,,,,,,,,,,,,,,,,,,,,,,,,,,,,,,,,,,,,,,,,,,,262,261,261,261,261,,,,,,,261,263,65,,,,261,261,261,,,,,,,,,,,
,,,,,,,,,,,,,,,,,,,,,,,,,,,,,,,,,,,,,,,,,,,,,,,,,,,,,,,,,,,,,,,,,,,,,261,261,261,261,261,,,61,262,,262,261,,,61,262,262,261,261,261,262,,,,,,,,,,
,,,,,,,,,,,,,,,,,,,,,,,,,,,,,,,,,,,,,,,,,,,,,,,,,,,,,,,,,,,,,,,,,,,,,261,261,261,261,261,,,,261,61,263,261,62,,,263,129,129,129,261,261,262,62,,,,,,,,
,,,,,,,,,,,,,,,,,,,,,,,,,,,,,,,,,,,,,,,,,,,,,,,,,,,,,,,,,,,,,,,,,,,,,261,261,261,261,261,,,,261,,,261,66,,,,114,114,114,261,261,263,,,,,,,,,
,,,,,,,,,,,,,,,,,,,,,,,,,,,,,,,,,,,,,,,,,,,,,,,,,,,,,,,,,,,,,,,,,,,,,261,261,261,261,261,262,,,261,262,423,263,263,262,262,66,114,114,114,261,261,,,,,,,,,,
,,,,,,,,,,,,,,,,,,,,,,,,,,,,,,,,,,,,,,,,,,,,,,,,,,,,,,,,,,,,,,,,,,,,,261,261,261,261,261,65,,67,261,261,,,,261,261,261,114,114,114,261,261,,,,,,,,,,
,,,,,,,,,,,,,,,,,,,,,,,,,,,,,,,,,,,,,,,,,,,,,,,,,,,,,,,,,,,,,,,,,,,,,261,261,261,261,261,62,,,263,261,66,,,92,261,261,114,114,114,261,261,62,,,,,,,,,
,,,,,,,,,,,,,,,,,,,,,,,,,,,,,,,,,,,,,,,,,,,,,,,,,,,,,,,,,,,,,,,,,,,,,261,261,261,261,263,,,,,261,261,262,,92,261,261,114,114,114,261,263,,,,,,,,,,
,,,,,,,,,,,,,,,,,,,,,,,,,,,,,,,,,,,,,,,,,,,,,,,,,,,,,,,,,,,,,,,,,,,,,261,261,261,261,,,,61,262,261,261,65,,92,261,261,114,114,114,261,,,,,,,,,,,
,,,,,,,,,,,,,,,,,,,,,,,,,,,,,,,,,,,,,,,,,,,,,,,,,,,,,,,,,,,,,,,,,,,,,261,261,261,65,,,,,261,261,261,62,,92,91,261,114,114,114,261,,,,,,,,,,,
,,,,,,,,,,,,,,,,,,,,,,,,,,,,,,,,,,,,,,,,,,,,,,,,,,,,,,,,,,,,,,,,,,,,,261,261,261,,,,,262,261,261,261,,,92,91,261,114,114,114,261,,,,,262,,,,,,
,,,,,,,,,,,,,,,,,,,,,,,,,,,,,,,,,,,,,,,,,,,,,,,,,,,,,,,,,,,,,,,,,,,,,263,261,261,,,262,262,261,261,261,261,,,92,261,261,114,114,114,261,262,,,,261,,262,,,,
,,,,,,,,,,,,,,,,,,,,,,,,,,,,,,,,,,,,,,,,,,,,,,,,,,,,,,,,,,,,,,,,,,,,,,261,261,425,262,261,261,261,261,261,261,,,92,261,261,114,114,114,261,261,,262,,261,283,261,,,,
,,,,,,,,,,,,,,,,,,,,,,,,,,,,,,,,,,,,,,,,,,,,,,,,,,,,,,,,,,,,,,,,,,,,,262,261,263,,92,261,91,261,261,261,261,,,92,261,261,283,283,114,261,261,283,261,,261,,261,,,,
,,,,,,,,,,,,,,,,,,,,,,,,,,,,,,,,,,,,,,,,,,,,,,,,,,,,,,,,,,,,,,,,,,,,61,261,261,,,92,91,91,91,91,261,261,66,,261,261,261,114,114,114,261,263,,261,262,261,,263,,,,
,,,,,,,,,,,,,,,,,,,,,,,,,,,,,,,,,,,,,,,,,,,,,,,,,,,,,,,,,,,,,,,,,,,,,261,261,,,92,91,91,91,91,91,261,263,77,261,261,261,114,114,114,261,,,261,263,261,,,,,,
,,,,,,,,,,,,,,,,,,,,,,,,,,,,,,,,,,,,,,,,,,,,,,,,,,,,,,,,,,,,,,,,,,,,,261,261,62,,92,261,91,91,91,91,261,,,92,261,261,114,114,114,261,62,,263,,263,,,,,,
,,,,,,,,,,,,,,,,,,,,,,,,,,262,262,262,,,,,,,,,,,,,,,,,,,,,,,,,,,,,,,,,,,,,,,,262,261,261,62,,92,261,91,91,91,91,261,262,,92,91,261,114,114,114,261,,,,,,,,,,,
,,,,,,,,,,,,,,,,,,,,,,,,262,262,261,263,261,262,262,,,,,,,,262,262,262,,,,,,,,,,,,,,,,,262,262,262,,,,,,,,,261,261,261,,,92,91,91,91,91,261,261,263,,92,91,261,114,114,114,261,,,,,,,,,,,
,,,,,,,,,,,,,,,,,,,,,,,262,261,261,263,77,263,263,261,262,,,,,262,262,263,263,261,262,,,,,,,,,,,,,262,262,262,261,261,261,262,,,,,,,,261,261,261,262,,92,91,91,91,261,261,261,,,92,261,261,114,114,114,261,262,,,,,,,,,,
,,,,,,,,,,,,,,,,,,,,,,,261,261,65,,,,,263,263,283,283,283,283,263,65,,,261,261,,,,,,,,,,,262,262,261,261,261,261,261,261,261,262,,,,,,67,261,261,261,65,,92,91,91,261,261,261,261,283,77,261,261,261,114,114,114,261,261,,262,,,,,,262,,
,,,,,,,,,,,,,,,,,,,,,,,261,331,,61,283,62,,,,,,,,,,,61,261,263,,,,,,,,,,262,261,261,261,261,263,261,263,261,261,261,262,262,262,262,,,261,261,261,,,92,91,91,91,91,261,261,,61,263,261,261,114,114,114,261,261,283,261,,262,,262,,261,,
,,,,,,,,,,,,,,,,,,,,,,,261,261,66,,,,,262,262,283,283,283,283,262,66,,,261,,,,,,,,,,262,261,261,261,261,261,77,263,,261,261,261,261,263,261,261,262,262,261,261,261,283,,92,261,91,91,91,91,261,,,,263,261,114,114,114,261,261,,261,283,261,,261,262,261,,
,,,,,,,,,,,,,,,,,,,,,,,263,261,261,262,77,262,262,261,263,,,,,263,261,77,262,261,,,,,,,,,,261,261,261,261,263,65,,,,263,263,261,263,77,261,261,261,261,261,261,261,,,92,91,91,91,91,91,261,,,,,261,114,114,114,261,261,,263,,261,283,261,263,261,283,
,,,,,,,,,,,,,,,,,,,,,,,,263,261,261,262,261,263,263,,,,,,,261,61,261,263,,,,,,,,,,263,261,261,261,,,61,283,,,,263,,,261,261,261,261,261,261,261,62,,92,91,91,91,91,261,261,,,,61,261,114,114,114,261,263,62,,,261,,263,,261,,
,,,,,,,,,,,,,,,,,,,,,,,,,263,263,263,263,,,,,,,,,261,,261,,,,,,,,,,,,261,261,261,262,,,,,262,66,,,283,263,261,261,261,261,261,261,,,92,261,91,91,261,261,261,66,,,,261,114,114,114,261,,,,,263,,,,261,,
,,,,,,,,,,,,,,,,,,,,,,,,,,,,,,,,,,,,262,261,,261,,,,,,,,,,,,263,261,261,261,262,77,262,,261,261,262,62,,,261,261,261,261,261,261,262,427,261,261,261,261,261,261,261,261,,,,261,114,114,114,261,,,,,,,,,263,,
,,,,,,,,,,,,,,,,,,,,,,,,,,,,,,,,,,,262,263,263,77,261,,,,,,,,,,,,,261,261,263,263,61,261,262,261,261,261,,,,261,261,261,261,261,261,261,,92,91,91,91,91,91,261,261,62,,,261,114,114,114,261,283,,,,,,,,,,
,,,,,,,,,,,,,,,,,,,,,,,,,,,,,,,,,,,261,,,,261,262,,,,,,,,,,,61,261,261,,,,261,261,261,261,261,,,283,261,261,261,261,261,263,261,262,261,261,261,261,261,91,261,261,,262,77,263,114,114,262,261,,,,,,,,,,,
,,,,,,,,,,,,,,,,,,,,,,,,,,,,,,,,,,,261,,,,68,261,,,,,,,,,,,,261,261,77,262,262,261,261,261,261,261,,,,68,261,261,261,65,,263,263,261,261,261,261,261,91,91,261,262,261,,,114,262,261,263,,,,,,,,,,,
,,,,,,,,,,,,,,,,,,,,,,,,,,,,,,,,,,,261,66,,262,261,263,,,,,,,,,,,262,261,65,,261,261,261,261,261,261,261,,,,68,261,261,261,,,,,263,261,261,261,261,261,91,261,261,263,283,262,262,263,263,,,,,,,,,,,,
,,,,,,,,,,,,,,,,,,,,,,,,,,,,,,,,,,262,261,261,199,261,263,,,,,,,,,,,67,261,263,62,,261,261,261,261,261,261,261,62,,,68,261,261,261,,,,,,92,91,261,261,261,91,261,261,,,263,261,,,,,,,,,,,,,,
,,,,,,,,,,,,,,,,,,,,,,,,,,,,,,,,,,261,261,263,199,261,,,,,,,,,,,,,261,,,,261,261,261,261,261,261,261,,,,68,261,261,261,262,,,,,261,91,261,261,261,91,261,261,62,,,263,62,,,,,,,,,,,,,
,,,,,,,,,,,,,,,,,,,,,,,,,,,,,,,,,262,261,65,,,261,262,,,,,,,,,,,262,261,,,61,261,261,261,261,261,261,261,,,,68,261,261,261,263,62,,,262,261,91,91,261,261,91,261,263,,,,,,,,,,,,,,,,,,
,,,,,,,,,,,,,,,,,,,,,,,,,,,,,,,,,261,261,62,,,68,261,,,,,,,,,,,261,261,,,61,261,261,261,261,261,261,263,,,262,261,261,261,261,,,,262,261,261,261,91,91,261,91,261,,,,,,,,,,,,,,,,,,,
,,,,,,,,,,,,,,,,,,,,,,,,,,,,,,,,,261,261,,,262,261,261,,,,,,,,,,61,261,261,,,,92,261,261,261,261,261,,,,261,261,261,261,65,,,262,261,261,261,261,261,91,261,91,261,,,,,,,,,,,,,,,,,,,
,,,,,,,,,,,,,,,,,,,,,,,,,,,,,,,,262,261,261,77,283,261,263,263,,,,,,,,,,,263,261,,,,92,261,261,261,261,261,262,62,,261,261,261,261,,,,92,91,261,261,261,91,91,261,91,261,262,,,,,,,,,,,,,,,,,,
,,,,,,,,,,,,,,,,,,,,,,,,,,,,,,,,261,261,261,,,261,,,,,,,,,,,,,,261,62,,,261,261,261,261,261,261,261,,67,261,261,261,261,62,,,92,91,91,261,261,91,261,261,91,261,261,283,62,,,,,,,,,,,,,,,,
,,,,,,,,,,,,,,,,,,,,,,,,,,,,,,,,261,261,263,62,61,261,,,,,,,,,,262,262,262,262,261,,,,261,261,261,261,263,261,263,,,261,261,261,261,,,,92,91,91,261,261,91,261,261,91,261,261,,,,,,,,,,,,,,,,,,
,,,,,,,,,,,,,,,,,,,,,,,,,,,,,,,,261,261,,,,261,,,,,,,262,262,262,261,261,261,261,261,66,,262,261,261,261,261,,263,,,,261,261,261,261,,,,92,91,91,261,261,91,91,91,91,261,261,,,,,,,,,,,,,,,,,,
,,,,,,,,,,,,,,,,,,,,,,,,,,,,,,,,261,263,,,,261,283,262,262,283,283,283,263,261,261,261,261,263,261,261,261,77,261,261,261,261,65,,,,,262,261,261,261,261,,,,92,91,261,261,261,263,261,263,261,261,261,262,,,,,,,,,,,,,,,,,
262,262,262,262,262,262,262,262,262,262,262,262,262,262,262,262,,,,,,,,,,,,,,,,,261,,,,283,263,,263,263,,,,,263,263,263,65,,263,263,65,61,263,261,261,263,62,,,,262,261,261,261,261,261,,,,261,261,263,263,261,,263,,261,261,261,261,262,262,262,,,,,,,,,,,,,,
261,261,261,261,261,261,261,261,261,261,261,261,261,261,261,261,,,,,,,,,,,,,,,,,261,66,,,,,,,,,,,,,,,,,,,,,,261,261,,,,262,262,261,261,261,261,261,261,,262,61,261,263,,,263,62,,,263,261,261,261,261,263,261,,,,,,,,,,,,,,
261,261,261,261,261,261,261,261,261,261,261,261,261,261,261,261,,,,,,,,,,,,,,,,,261,261,,,,,,,,,,,,,,,,,,,,,262,261,261,,,262,261,261,261,261,261,261,261,261,262,261,429,261,,,,,,,,,263,263,263,263,,263,,,,,,,,,,,,,,
261,261,261,261,261,261,261,261,261,261,261,261,261,261,261,261,,,,,,,,,,,,,,,,,261,261,262,66,,,,,,262,262,262,66,,262,262,62,,,262,262,77,261,261,261,,262,261,261,261,261,263,263,263,263,261,261,261,,261,,,,,,,,,,,,,,,,,,,,,,,,,,,,
261,261,261,261,261,261,261,261,261,261,261,261,261,261,261,261,,,,,,,,,,,,,,,,,263,263,261,261,262,262,262,262,283,263,263,263,263,283,263,261,,,,261,261,,261,261,261,,261,261,261,261,261,401,,403,,261,261,261,,261,262,262,,,,,,,,,,,,,,,,,,,,,,,,,,
261,261,261,261,261,261,261,261,261,261,261,261,261,261,261,261,,,,,,,,,,,,,,,,,,,263,263,261,261,261,263,,,,,,,,263,262,262,262,261,261,,261,261,261,62,263,263,263,263,263,77,262,262,77,261,261,261,,92,91,261,262,,,,,,,,,,,,,,,,,,,,,,,,,
261,261,263,261,261,261,261,261,261,261,261,261,261,261,261,261,,,,,,,,,,,,,,,,,,,,,263,263,263,,,,,,,,,,263,261,261,261,261,77,261,261,261,402,,403,,,,,261,261,61,261,261,261,66,261,91,261,261,,,,,,,,,,,,,,,,,,,,,,,,,
261,65,,261,91,91,91,91,91,261,261,261,261,261,261,261,,,,,,,,,,,,,,,,,,,,,,,,,,,,,,,,,,261,261,261,401,61,261,261,261,262,262,262,77,262,262,262,261,261,,261,261,261,261,261,91,261,261,262,62,,,,,,,,,,,,,,,,,,,,,,,
261,62,,92,91,91,91,91,91,91,261,261,261,261,261,261,,,,,,,,,,,,,,,,,,,,,,,,,,,,,,,,,61,261,261,261,,,261,261,261,261,261,261,,261,261,261,261,263,,261,261,261,261,261,91,261,261,263,,,,,,,,,,,,,,,,,,,,,,,,
261,,,92,91,91,91,91,91,91,91,261,261,261,261,261,,,,,,,,,,,,,,,,,,,,,,,,,,,,,,,,,,263,261,261,62,,261,261,261,261,261,261,62,261,261,261,65,,,263,261,261,261,261,91,261,263,,,,,,,,,,,,,,,,,,,,,,,,,
261,,,92,91,91,91,91,91,91,91,261,261,261,261,261,262,,,,,,,,,,,,,,,,,,,,,,,,,,,,,,,,,,261,261,402,,261,261,261,261,261,261,77,261,261,261,,,,,261,261,263,261,91,261,,,,,,,,,,,,,,,,,,,,,,,,,,
261,62,,92,91,91,91,91,91,91,91,261,261,261,261,261,261,262,262,262,262,,,,,,,,,,,,,,,,,,,,,,,,,,,,,,263,261,262,262,261,261,261,261,261,261,,261,261,261,332,,,,261,261,,261,91,261,,,,,,,,,,,,,,,,,,,,,,,,,,
261,62,,261,91,91,91,91,91,91,91,91,91,91,91,91,91,91,91,91,261,62,,,,,,,,,,,,,,,,,,,,,,,,,,,,,,263,261,261,261,261,261,261,261,261,403,261,261,261,62,,,,261,261,,261,91,261,262,,,,,,,,,,,,,,,,,,,,,,,,,
261,,,261,91,91,91,91,91,91,91,261,261,261,261,261,261,263,261,91,261,,,,,,,,,,,,,,,,,,,,,,,,,,,,,,,,261,261,261,261,261,261,261,261,,261,261,261,331,,,,261,261,61,261,91,261,261,,,,,,,,,,,,,,,,,,,,,,,,,
261,,,92,91,91,91,91,91,91,91,261,261,261,261,261,65,,92,91,261,,,,,,,,,,,,,,,,,,,,,,,,,,,,,,,61,263,263,261,261,261,261,261,261,77,261,261,261,,,,,261,261,,92,91,261,261,262,,,,,,,,,,,,,,,,,,,,,,,,
261,,,92,91,91,91,91,91,91,91,261,261,261,261,261,,,92,91,261,262,,,,,,,,262,,,,,,,,262,,,,,,,,,262,262,,,,,,,261,261,261,261,261,261,61,261,261,261,330,,,,261,261,,261,261,261,261,261,,,,,,,,,,,,,,,,,,,,,,,,
261,,,92,91,91,261,263,261,261,91,261,261,261,261,261,,,92,91,261,261,262,,,262,,,262,261,262,,,,,,262,261,262,262,,,,,262,262,261,261,262,262,,,,262,261,261,261,261,261,261,,261,261,261,,,,,261,261,,92,91,261,261,263,,,,,,,,,,,,,,,,,,,,,,,,
261,,,261,91,91,261,,261,261,91,261,261,261,261,261,62,,263,263,263,263,263,283,283,263,283,283,263,263,263,283,283,283,283,283,263,263,263,263,283,283,283,283,263,263,263,263,263,263,283,283,283,263,263,263,263,263,263,263,77,263,263,65,,,,262,261,261,,261,91,261,261,,,,,,,,,,,,,,,,,,,,,,,,,
261,,,261,91,91,261,,92,261,91,261,261,261,261,261,,,,,,,,,,,,,,,,,,,,,,,,,,,,,,,,,,,,,,,,,,,,403,,,,,,262,262,263,129,261,,261,91,261,261,62,,,,,262,262,262,262,262,262,262,262,262,262,262,262,262,262,262,262,262,262,262,262
261,,,261,91,91,261,,92,91,91,261,261,261,261,261,,,262,262,262,262,262,283,283,283,283,262,262,262,283,283,262,262,283,283,262,262,262,283,283,283,283,283,262,262,262,262,262,262,283,283,283,262,262,262,262,262,283,261,402,,,262,431,263,65,,114,261,262,261,91,261,261,,,,,,261,261,261,261,261,261,261,261,261,261,261,261,261,261,261,261,261,261,261,261
261,,,92,91,91,261,,92,261,91,261,261,261,261,261,,,92,91,261,261,263,,,,,263,263,263,,,263,263,,,263,263,261,,,,,,263,261,261,261,261,263,,,,263,263,261,261,263,,263,262,262,262,261,,,,262,114,261,261,261,91,261,261,262,,,,,261,261,261,261,261,261,261,261,261,261,261,261,261,261,261,261,261,261,261,261
261,,,92,91,91,261,,261,261,91,261,263,261,261,261,,,92,91,261,263,,,,,,,,,,,,,,,,,263,,,,,,,263,261,263,263,,,,,,,261,263,,,,263,261,261,261,62,,262,261,114,263,263,261,91,261,261,261,,,,,261,261,261,261,261,261,261,261,261,261,261,261,261,261,261,261,261,261,261,261
261,,,92,91,91,261,262,261,261,91,261,,261,261,261,66,,92,91,261,,,,,,,,,,,,,,,,,,,,,,,,,,263,,,,,,,,61,263,,,,,,263,261,261,67,262,261,261,114,,,92,91,261,261,261,,,,,261,261,261,261,261,261,261,261,261,261,261,261,261,261,261,261,261,261,261,261
261,,,92,91,91,91,91,91,91,91,261,62,92,261,261,261,262,261,91,261,62,,,,,,,,,,,,,,,,,,,,,,,,,,,,,,,,,,,,,,,,,261,261,,263,261,261,114,,,261,261,261,261,261,,,,,261,261,261,261,261,261,263,263,261,263,263,261,263,263,261,263,263,261,261,261
261,62,,92,91,91,91,91,91,91,91,261,,92,91,91,91,91,91,91,261,,,,,,,,,,,,,,,,,,,,,,,,,,,,,,,,,,,,,,,,,61,261,261,66,,263,261,114,262,262,261,261,261,261,263,,,,,261,261,261,261,261,261,140,139,261,142,140,261,142,139,261,139,143,261,261,261
261,,,92,91,91,91,91,91,91,91,261,,92,261,261,261,263,263,263,263,,,,,,,,,,,,,,,,,,,,,,,,,,,,,,,,,,,,,,,,,,261,261,261,,,263,114,261,261,263,263,263,263,,,,,,261,261,261,261,261,261,,,263,,,261,,,263,,,261,261,261
330,,,92,91,91,91,91,91,91,91,261,,261,261,261,263,,,,,,,,,,,,,,,,,,,,,,,,,,,,,,,,,,,,,,,,,,,,,,263,261,261,262,66,,114,261,261,,,,,,,,,,261,261,261,261,261,261,,,,,,261,,,,,,261,261,261
261,,,92,91,91,91,91,91,91,91,261,262,261,261,261,,,,,,,,,,,,,,,,,,,,,,,,,,,,,,,,,,,,,,,,,,,,,,,,263,263,261,261,,262,261,261,62,,,,,,,,,261,261,261,261,261,261,283,437,262,236,236,263,236,236,262,236,236,261,261,261
261,,,92,91,91,91,91,91,91,261,261,261,261,261,261,,,,,,,,,,,,,,,,,,,,,,,,,,,,,,,,,,,,,,,,,,,,,,,,,,263,261,262,261,261,261,,,,,,,,,,261,261,261,261,261,261,,,261,,,,,,261,,,261,261,261
261,66,,261,91,91,91,91,91,261,261,261,261,261,261,261,,,,,,,,,,,,,,,,,,,,,,,,,,,,,,,,,,,,,,,,,,,,,,,,,,,263,263,263,263,263,,,,,,,,,,261,261,261,261,261,261,332,,261,,,262,,,261,,,261,261,261
261,261,262,261,261,261,261,261,261,261,261,261,261,261,261,261,,,,,,,,,,,,,,,,,,,,,,,,,,,,,,,,,,,,,,,,,,,,,,,,,,,,,,,,,,,,,,,,,261,261,261,261,261,261,142,140,261,139,143,261,141,139,261,141,142,261,261,261
261,261,261,261,261,261,261,261,261,261,261,261,261,261,261,261,,,,,,,,,,,,,,,,,,,,,,,,,,,,,,,,,,,,,,,,,,,,,,,,,,,,,,,,,,,,,,,,,261,261,261,261,261,261,262,262,261,262,262,261,262,262,261,262,262,261,261,261
261,261,261,261,261,261,261,261,261,261,261,261,261,261,261,261,,,,,,,,,,,,,,,,,,,,,,,,,,,,,,,,,,,,,,,,,,,,,,,,,,,,,,,,,,,,,,,,,261,261,261,261,261,261,261,261,261,261,261,261,261,261,261,261,261,261,261,261
261,261,261,261,261,261,261,261,261,261,261,261,261,261,261,261,,,,,,,,,,,,,,,,,,,,,,,,,,,,,,,,,,,,,,,,,,,,,,,,,,,,,,,,,,,,,,,,,261,261,261,261,261,261,261,261,261,261,261,261,261,261,261,261,261,261,261,261
261,261,261,261,261,261,261,261,261,261,261,261,261,261,261,261,,,,,,,,,,,,,,,,,,,,,,,,,,,,,,,,,,,,,,,,,,,,,,,,,,,,,,,,,,,,,,,,,261,261,261,261,261,261,261,261,261,261,261,261,261,261,261,261,261,261,261,261
261,261,261,261,261,261,261,261,261,261,261,261,261,261,261,261,,,,,,,,,,,,,,,,,,,,,,,,,,,,,,,,,,,,,,,,,,,,,,,,,,,,,,,,,,,,,,,,,261,261,261,261,261,261,261,261,261,261,261,261,261,261,261,261,261,261,261,261
263,263,263,263,263,263,263,263,263,263,263,263,263,263,263,263,,,,,,,,,,,,,,,,,,,,,,,,,,,,,,,,,,,,,,,,,,,,,,,,,,,,,,,,,,,,,,,,,263,263,263,263,263,263,263,263,263,263,263,263,263,263,263,263,263,263,263,263
,,,,,,,,,,,,,,,,,,,,,,,,,,,,,,,,,,,,,,,,,,,,,,,,,,,,,,,,,,,,,,,,,,,,,,,,,,,,,,,,,,,,,,,,,,,,,,,,,,,
,,,,,,,,,,,,,,,,,,,,,,,,,,,,,,,,,,,,,,,,,,,,,,,,,,,,,,,,,,,,,,,,,,,,,,,,,,,,,,,,,,,,,,,,,,,,,,,,,,,
,,,,,,,,,,,,,,,,,,,,,,,,,,,,,,,,,,,,,,,,,,,,,,,,,,,,,,,,,,,,,,,,,,,,,,,,,,,,,,,,,,,,,,,,,,,,,,,,,,,
,,,,,,,,,,,,,,,,,,,,,,,,,,,,,,,,,,,,,,,,,,,,,,,,,,,,,,,,,,,,,,,,,,,,,,,,,,,,,,,,,,,,,,,,,,,,,,,,,,,
,,,,,,,,,,,,,,,,,,,,,,,,,,,,,,,,,,,,,,,,,,,,,,,,,,,,,,,,,,,,,,,,,,,,,,,,,,,,,,,,,,,,,,,,,,,,,,,,,,,
,,,,,,,,,,,,,,,,,,,,,,,,,,,,,,,,,,,,,,,,,,,,,,,,,,,,,,,,,,,,,,,,,,,,,,,,,,,,,,,,,,,,,,,,,,,,,,,,,,,
,,,,,,,,,,,,,,,,,,,,,,,,,,,,,,,,,,,,,,,,,,,,,,,,,,,,,,,,,,,,,,,,,,,,,,,,,,,,,,,,,,,,,,,,,,,,,,,,,,,
,,,,,,,,,,,,,,,,,,,,,,,,,,,,,,,,,,,,,,,,,,,,,,,,,,,,,,,,,,,,,,,,,,,,,,,,,,,,,,,,,,,,,,,,,,,,,,,,,,,
,,,,,,,,,,,,,,,,,,,,,,,,,,,,,,,,,,,,,,,,,,,,,,,,,,,,,,,,,,,,,,,,,,,,,,,,,,,,,,,,,,,,,,,,,,,,,,,,,,,
,,,,,,,,,,,,,,,,,,,,,,,,,,,,,,,,,,,,,,,,,,,,,,,,,,,,,,,,,,,,,,,,,,,,,,,,,,,,,,,,,,,,,,,,,,,,,,,,,,,
,,,,,,,,,,,,,,,,,,,,,,,,,,,,,,,,,,,,,,,,,,,,,,,,,,,,,,,,,,,,,,,,,,,,,,,,,,,,,,,,,,,,,,,,,,,,,,,,,,,
,,,,,,,,,,,,,,,,,,,,,,,,,,,,,,,,,,,,,,,,,,,,,,,,,,,,,,,,,,,,,,,,,,,,,,,,,,,,,,,,,,,,,,,,,,,,,,,,,,,
,,,,,,,,,,,,,,,,,,,,,,,,,,,,,,,,,,,,,,,,,,,,,,,,,,,,,,,,,,,,,,,,,,,,,,,,,,,,,,,,,,,,,,,,,,,,,,,,,,,
,,,,,,,,,,,,,,,,,,,,,,,,,,,,,,,,,,,,,,,,,,,,,,,,,,,,,,,,,,,,,,,,,,,,,,,,,,,,,,,,,,,,,,,,,,,,,,,,,,,
,,,,,,,,,,,,,,,,,,,,,,,,,,,,,,,,,,,,,,,,,,,,,,,,,,,,,,,,,,,,,,,,,,,,,,,,,,,,,,,,,,,,,,,,,,,,,,,,,,,
,,,,,,,,,,,,,,,,,,,,,,,,,,,,,,,,,,,,,,,,,,,,,,,,,,,,,,,,,,,,,,,,,,,,,,,,,,,,,,,,,,,,,,,,,,,,,,,,,,,
,,,,,,,,,,,,,,,,,,,,,,,,,,,,,,,,,,,,,,,,,,,,,,,,,,,,,,,,,,,,,,,,,,,,,,,,,,,,,,,,,,,,,,,,,,,,,,,,,,,
,,,,,,,,,,,,,,,,,,,,,,,,,,,,,,,,,,,,,,,,,,,,,,,,,,,,,,,,,,,,,,,,,,,,,,,,,,,,,,,,,,,,,,,,,,,,,,,,,,,
,,,,,,,,,,,,,,,,,,,,,,,,,,,,,,,,,,,,,,,,,,,,,,,,,,,,,,,,,,,,,,,,,,,,,,,,,,,,,,,,,,,,,,,,,,,,,,,,,,,
,,,,,,,,,,,,,,,,,,,,,,,,,,,,,,,,,,,,,,,,,,,,,,,,,,,,,,,,,,,,,,,,,,,,,,,,,,,,,,,,,,,,,,,,,,,,,,,,,,,
BigDecor: 
,,,,,,,,,,,,,,,,,,,,,,,,,,,,,,,,,,,,,,,,,,,,,,,,,,,,,,,,,,,,,,,,,,,,,,,,,,,,,,,,,,,,,,,,,,,,,,,,,,,
,,,,,,,,,,,,,,,,,,,,,,,,,,,,,,,,,,,,,,,,,,,,,,,,,,,,,,,,,,,,,,,,,,,,,,,,,,,,,,,,,,,,,,,,,,,,,,,,,,,
,,,,,,,,,,,,,,,,,,,,,,,,,,,,,,,,,,,,,,,,,,,,,,,,,,,,,,,,,,,,,,,,,,,,,,,,,,,,,,,,,,,,,,,,,,,,,,,,,,,
,,,,,,,,,,,,,,,,,,,,,,,,,,,,,,,,,,,,,,,,,,,,,,,,,,,,,,,,,,,,,,,,,,,,,,,,,,,,,,,,,,,,,,,,,,,,,,,,,,,
,,,,,,,,,,,,,,,,,,,,,,,,,,,,,,,,,,,,,,,,,,,,,,,,,,,,,,,,,,,,,,,,,,,,,,,,,,,,,,,,,,,,,,,,,,,,,,,,,,,
,,,,,,,,,,,,,,,,,,,,,,,,,,,,,,,,,,,,,,,,,,,,,,,,,,,,,,,,,,,,,,,,,,,,,,,,,,,,,,,,,,,,,,,,,,,,,,,,,,,
,,,,,,,,,,,,,,,,,,,,,,,,,,,,,,,,,,,,,,,,,,,,,,,,,,,,,,,,,,,,,,,,,,,,,,,,,,,,,,,,,,,,,,,,,,,,,,,,,,,
,,,,,,,,,,,,,,,,,,,,,,,,,,,,,,,,,,,,,,,,,,,,,,,,,,,,,,,,,,,,,,,,,,,,,,,,,,,,,,,,,,,,,,,,,,,,,,,,,,,
,,,,,,,,,,,,,,,,,,,,,,,,,,,,,,,,,,,,,,,,,,,,,,,,,,,,,,,,,,,,,,,,,,,,,,,,,,,,,,,,,,,,,,,,,,,,,,,,,,,
,,,,,,,,,,,,,,,,,,,,,,,,,,,,,,,,,,,,,,,,,,,,,,,,,,,,,,,,,,,,,,,,,,,,,,,,,,,,,,,,,,203,,,,,,,,,,,,,,,,,
,,,,,,,,,,,,,,,,,,,,,,,,,,,,,,,,,,,,,,,,,,,,,,,,,,,,,,,,,,,,,,,,,,,,,,,,,,,,,,,,,,,,,,,,,,,,,,,,,,,
,,,,,,,,,,,,,,,,,,,,,,,,,,,,,,,,,,,,,,,,,,,,,,,,,,,,,,,,,,,,,,,,,,,,,,,,,,,,,,,,,,,,,,,,,,,,,,,,,,,
,,,,,,,,,,,,,,,,,,,,,,,,,,,,,,,,,,,,,,,,,,,,,,,,,,,,,,,,,,,,,,,,,,,,,,,,,,,,,,,,,,,203,,,,,,,,,,,,,,,,
,,,,,,,,,,,,,,,,,,,,,,,,,,,,,,,,,,,,,,,,,,,,,,,,,,,,,,,,,,,,,,,,,,,,,,,,,,,,,,,,,,,,,,,,,,,,,,,,,,,
,,,,,,,,,,,,,,,,,,,,,,,,,,,,,,,,,,,,,,,,,,,,,,,,,,,,,,,,,,,,,,,,,,,,,,,,,,,,,,,,,,203,,,,,,,,,,,,,,,,,
,,,,,,,,,,,,,,,,,,,,,,,,,,,,,,,,,,,,,,,,,,,,,,,,,,,,,,,,,,,,,,,,,,,,,,,,,,,,,,,,,,,,,,,,,,,,,,,,,,,
,,,,,,,,,,,,,,,,,,,,,,,,,,,,,,,,,,,,,,,,,,,,,,,,,,,,,,,,,,,,,,,,,,,,,,,,,,,,,,,,,,,,,,,,,,,,,,,,,,,
,,,,,,,,,,,,,,,,,,,,,,,,,,,,,,,,,,,,,,,,,,,,,,,,,,,,,,,,,,,,,,,,,,,,,,,,,,,,,,203,,,,,,,,,,,,,,,,,,,,,
,,,,,,,,,,,,,,,,,,,,,,,,,,,,,,,,,,,,,,,,,,,,,,,,,,,,,,,,,,,,,,,,,,,,,,,,,203,,,,,,,,,,,,,,,,,,,,,,,,,,
,,,,,,,,,,,,,,,,,,,,,,,,,,,,,,,,,,,,,,,,,,,,,,,,,,,,,,,,,,,,,,,,,,,,,,,,,,,,,,,,,,,,,,,,,,,,,,,,,,,
,,,,,,,,,,,,,,,,,,,,,,,,,,,,,,,,,,,,,,,,,,,,,,,,,,,,,,,,,,,,,,,,,,,,,,,,,,,,,,,,,,,203,,,,,,,,,,,,,,,,
,,,,,,,,,,,,,,,,,,,,,,,,,,,,,,,,,,,,,,,,,,,,,,,,,,,,,,,,,,,,,,,,,,,,,,,,,,,,203,,,,,,,,,,,,,,,,,,,,,,,
,,,,,,,,,,,,,,,,,,,,,,,,,,,,,,,,,,,,,,,,,,,,,,,,,,,,,,,,,,,,,,,,,,,,,,,,,,,,,,,,,,,,,,,,,,,,,,,,,,,
,,,,,,,,,,,,,,,,,,,,,,,,,,,,,,,,,,,,,,,,,,,,,,,,,,,,,,,,,,,,,,,,,,,,,,,,,,,,,203,,,,,,,,,,,,,,,,,,,,,,
,,,,,,,,,,,,,,,,,,,,,,,,,,,,,,,,,,,,,,,,,,,,,,,,,,,,,,,,,,,,,,,,,,,,,,,,,,,,,,,,,,,,,,,,,,,,,,,,,,,
,,,,,,,,,,,,,,,,,,,,,,,,,,,,,,,,,,,,,,,,,,,,,,,,,,,,,,,,,,,,,,,,,,,,,,,,,,,,,,,,,,,,,,,,,,,,,,,,,,,
,,,,,,,,,,,,,,,,,,,,,,,,,,,,,,,,,,,,,,,,,,,,,,,,,,,,,,,,,,,,,,,,,,,,,,,,,,,,,,,,,,,,,,,,,,,,,,,,,,,
,,,,,,,,,,,,,,,,,,,,,,,,,,,,,,,,,,,,,,,,,,,,,,,,,,,,,,,,,,,,,,,,,,,,,,,,,203,,,,,,,,,,,,,,,,,,,,,,,,,,
,,,,,,,,,,,,,,,,,,,,,,,,,,,,,,,,,,,,,,,,,,,,,,,,,,,,,,,,,,,,,,,,,,,,,,,,,,,,,,,,,,,,,,,,,,,,,,,,,,,
,,,,,,,,,,,,,,,,,,,,,,,,,,,,,,,,,,,,,,,,,,,,,,,,,,,,,,,,,,,,,,,,,,,,,,,,,,,,,,203,,,,,,,,,,,,,,,,,,,,,
,,,,,,,,,,,,,,,,,,,,,,,,,,,,,,,,,,,,,,,,,,,,,,,,,,,,,,,,,,,,,,,,,,,,,,,,,,,,,,,,,,,,,,,,,,,,,,,,,,,
,,,,,,,,,,,,,,,,,,,,,,,,,,,,,,,,,,,,,,,,,,,,,,,,,,,,,,,,,,,,,,,,,,,,,,,,,,,,,,,203,,,,,,,,,,,,,,,,,,,,
,,,,,,,,,,,,,,,,,,,,,,,,,,,,,,,,,,,,,,,,,,,,,,,,,,,,,,,,,,,,,,,,,,,,,,,,,,,,,,,203,,,,,,,,,,,,,,,,,,,,
,,,,,,,,,,,,,,,,,,,,,,,,,,,,,,,,,,,,,,,,,,,,,,,,,,,,,,,,,,,,,,,,,,,,,,,,,,,,,,,,,,,,,,,,,,,,,,,,,,,
,,,,,,,,,,,,,,,,,,,,,,,,,,,,,,,,,,,,,,,,,,,,,,,,,,,,,,,,,,,,,,,,,,,,,,,,,,,,,,,,,,,,,,,,,,,,,,,,,,,
,,,,,,,,,,,,,,,,,,,,,,,,,,,,,,,,,,,,,,,,,,,,,,,,,,,,,,,,,,,,,,,,,,,,,,,,,,,,203,,,,,,,,,,,,,,,,,,,,,,,
,,,,,,,,,,,,,,,,,,,,,,,,,,,,,,,,,,,,,,,,,,,,,,,,,,,,,,,,,,,,,,,,,,,,,,,,,,,,,,,,,,,,,,,,,,,,,,,,,,,
,,,,,,,,,,,,,,,,,,,,,,,,,,,,,,,,,,,,,,,,,,,,,,,,,,,,,,,,,,,,,,,,,,,,,,,,,,,,,,,203,,,,,,,,,,,,,,,,,,,,
,,,,,,,,,,,,,,,,,,,,,,,,,,,,,,,,,,,,,,,,,,,,,,,,,,,,,,,,,,,,,,,,,,,,,,,,,,,,,203,,203,,,,,,,,,,,,,,,,,,,,
,,,,,,,,,,,,,,,,,,,,,,,,,,,,,,,,,,,,,,,,,,,,,,,,,,,,,,,,,,,,,,,,,,,,,,,,,,,,,,,,,,,,,,,,,,,,,,,,,,,
,,,,,,,,,,,,,,,,,,,,,,,,,,,,,,,,,,,,,,,,,,,,,,,,,,,,,,,,,,,,,,,,,,,,,,,,,203,,,,,,203,,,,,,,,,,,,,,,,,,,,
,,,,,,,,,,,,,,,,,,,,,,,,,,,,,,,,,,,24,,,,,,,,,,,,,,,,,,,,,,,,,,,,,,,,,,,,,,,,,,,,,,,,,,,,,,,,,,,,,,,,
,,,,,,,,,,,,,,,,,,,,,,,,,,,,,,,,,,,,,,,,,,,25,,,,,,,,,,,,,,,,,,,,,,,,,,,,,,,,,,,,,,,,,,,,,,,,,,,,,,,,
,,,,,,,,,,,,,,,,,,,,,,,,,,,,,,,,,,,,,,,,,,,,,,,,,,,,,,,,,,,,,,,,,,,,,,,,,,,,,,,,,,,,,,,,,,,,,,,,,,,
,,,,,,,,,,,,,,,,,,,,,,,,,,,,,,,,,,,,,,,,,,,,,,,,,,,,,,,,,,,,,,,,,,,,,,,,,,,,,,,,,,,,,,,,,,,,,,,,,,,
,,,,,,,,,,,,,,,,,,,,,,,,,,,,,,,,,,,,,,,,,,,,,,,,,,,,,,,,,,,,,,,,,,,,,,,,,,,,,,,,,,,,,,,,,,,,,,,,,,,
,,,,,,,,,,,,,,,,,,,,,,,,,,,,,,,,,,,,,,,,,,,,,,,,,23,,,,,,,,,,,,,,,,,,,,,,,,,,,,,,,,,,,,,,,,,,,,,,,,,,
,,,,,,,,,,,,,,,,,,,,,,,,,,,,,,,,,,,,,,,,,,,,,,,,,,,,,,,,,,,,,,,,,,,,,,,,,,,,,,,,,,,,,,,,,,,,,,,,,,,
,,,,,,,,,,,,,,,,,,,,,,,,,,,,,,,,,,,,,,,,,,,,,,,,,,,,,,,,,,,,,,,,,,,,,,,,,,,,,,,,,,,,,,,,,,,,,,,,,,,
,24,,,,,,,,,,,,,,,,,,,,,,,,,,,,,,,,,,,,,,,,,,,,,,,,,,,,,,,,,,,,,,,,,,,,,,,,,,,,,,,,,,,,,,,,,,,,,,,,,,
,,,,,,,,203,,,,,,,,,,,,,,,,,,,,,,,,,,,,,,,,,,,,,,,,,,,,23,,,,,,,,,,,,,,,,,,,,203,,,,,,,,,,,,,,,,,,,,,,,,,,,
,,,,,,,,,203,,,,,,,,,,,,,,,,,,,,,,,,,,,,,,,,,,,,,,,,,,,,,,,,,,,,,,,,,,,,,,,203,,,,,,,,,,,,,,,,,,,,,,,,,,,
,,,,,,,,,,,,,,,,,,,,,,,,,,,,,,,,,,,,,,,,,,,,,,,,,,,,24,,,,,,,,,,,,,,,,,,,,203,,,,,,,,,,,,,,,,,,,,,,,,,,,
,,,,,,,,,,203,,,,,,,,,,,,,,,,,,,,,,,,,,,,,,,,,,,,,,,,,,,,,,,,,,,,,,,,,,,,,,,,,,,,,,,,,,,,,,,,,,,,,,,,,
,,,,,,,,,,,,,,,,,,,,,,,,,,,,,,,,,,,,,,,,,,,,,,,,,,,,,,,,,,,,,,,,,,,,,,,,,,,,,,,,,,,,,,,,,,,,,,,,,,,
,23,,,,,,,,,,,,,,,,,,203,,,,,,,,,,,,,,,,,,,,,,,,,,,,,,,,,,,,,,,,,,,,,,,,,,,,,203,,,,,,,,,,,,,,,,,,,,,,,,,,,
,,,,,,,,,,,,,,,,,,,,,,,,,,,,,,,,,,,,,,,,,,,,,,,,,,,,,,,,,,,,,,,,,,,,,,,,203,,,,,,,,,,,,,,,,,,,,,,,,,,,
,,,,,,,,,,,,,,,,,,,203,,,,,,,,,,,,,,,,,,,,,,,,,,,,,,,,,,,,,,,,,,,,,,,,,,,,,,,,,,,,,,,,,,,,,,,,,,,,,,,,
,,,,,,,,,,203,,,,,,,,,203,,,,,,,,,,,,,,,,,,,,,,,,,,,,,,,,,,,,,,,,,,,,,,,,,,,,,,,,,,,,,,,,,,,,,,,,,,,,,,,,
,,,,,,,,,,,,,,,,,,,,,,,,,,,,,,,,,,,,,,,,,,,,,,,,,,,,,,,,,,,,,,,,,,,,,,,,203,,,,,,,,,,,,,,,,,,,,,,,,,,,
,25,,,,,,,,,203,,,,,,,,,,,,,,,,,,,,,,,,,,,,,,,,,,,,,,,,,,,,,,,,,,,,,,,,,,,,,,,,,,,,,,,,,,,,,,,,,,,,,,,,,
,23,,,,,,,203,,203,,,,,,,,,,,,,,,,,,,,,,,,,,,,,,,,,,,,,,,,,,,,,,,,,,,,,,,,,,,,,,,,,,,,,,,,,,,,,,,,,,,,,,,,,
,,,,,,,,,,,,,,,,,,,,,,,,,,,,,,,,,,,,,,,,,,,,,,,,,,,,,,,,,,,,,,,,,,,,,,,,,,,,,,,,,,,,,,,,,,,,,,,,,,,
,,,,,,,,,,,,,,,,,,,,,,,,,,,,,,,,,,,,,,,,,,,,,,,,,,,,,,,,,,,,,,,,,,,,,,,,203,,,,,,,,,,,,,,,,,,,,,,,,,,,
,,,,,,,,,,,,,,,,,,,203,,,,,,,,,,,,,,,,,,,,,,,,,,,,,,,,,,,,,,,,,,,,,,,,,,,,,203,,,,,,,,,,,,,,,,,,,,,,,,,,,
,,,,,,,,,,203,,,,,,,,,,,,,,,,,,,,,,,,,,,,,,,,,,,,,,,,,,,,,,,,,,,,,,,,,,,,,,,,,,,,,,,,,,,,,,,,,,,,,,,,,
,,,,,,,,,,203,,,203,,,,,,203,,,,,,,,,,,,,,,,,,,,,,,,,,,,,,,,,,,,,,,,,,,,,,,,,,,,,,,,,,,,,,,,,,,,,,,,,,,,,,,,
,,,,,,,,,,,,,,,,,,,203,,,,,,,,,,,,,,,,,,,,,,,,,,,,,,,,,,,,,,,,,,,,,,,,,,,,,,,,,,,,,,,,,,,24,,,,,,24,,,,,,,
,,,,,,,,,,,,,,,,,,,,,,,,,,,,,,,,,,,,,,,,,,,,,,,,,,,,,,,,,,,,,,,,,,,,,,,,,,,,,,,,,,,,,,,,,25,,,,,,25,,,,
,,,,,,,,,,203,,,,,,,,,,,,,,,,,,,,,,,,,,,,,,,,,,,,,,,,,,,,,,,,,,,,,,,,,,,,,,,,,,,,,,,,,,,,,,,24,,,,,,24,,,,
,,,,,,,,,,,,,,,,,,,,,,,,,,,,,,,,,,,,,,,,,,,,,,,,,,,,,,,,,,,,,,,,,,,,,,,,,,,,,,,,,,,,,,23,,,,,,25,,,,,,,
,,,,,,,,,203,,,,,,,,,,,,,,,,,,,,,,,,,,,,,,,,,,,,,,,,,,,,,,,,,,,,,,,,,,,,,,,,,,,,,,,,,,,,,24,,,,,,25,,,23,,,,
,24,,,,,,,203,,,,,,,,,,,,,,,,,,,,,,,,,,,,,,,,,,,,,,,,,,,,,,,,,,,,,,,,,,,,,,,,,,,,,,,,,,,,,,,,,24,,,,,,,,,,
,,,,,,,,,,,,,,,,,,,,,,,,,,,,,,,,,,,,,,,,,,,,,,,,,,,,,,,,,,,,,,,,,,,,,,,,,,,,,,,,,,,,,,,,,,,,,,,,,,,
,,,,,,,,,,,,,,,,,,,,,,,,,,,,,,,,,,,,,,,,,,,,,,,,,,,,,,,,,,,,,,,,,,,,,,,,,,,,,,,,,,,,,,,,,,,,,,,,,,,
,,,,,,,,,,,,,,,,,,,,,,,,,,,,,,,,,,,,,,,,,,,,,,,,,,,,,,,,,,,,,,,,,,,,,,,,,,,,,,,,,,,,,,,,,,,,,,,,,,,
,,,,,,,,,,,,,,,,,,,,,,,,,,,,,,,,,,,,,,,,,,,,,,,,,,,,,,,,,,,,,,,,,,,,,,,,,,,,,,,,,,,,,,,,,,,,,,,,,,,
,,,,,,,,,,,,,,,,,,,,,,,,,,,,,,,,,,,,,,,,,,,,,,,,,,,,,,,,,,,,,,,,,,,,,,,,,,,,,,,,,,,,,,,,,,,,,,,,,,,
,,,,,,,,,,,,,,,,,,,,,,,,,,,,,,,,,,,,,,,,,,,,,,,,,,,,,,,,,,,,,,,,,,,,,,,,,,,,,,,,,,,,,,,,,,,,,,,,,,,
,,,,,,,,,,,,,,,,,,,,,,,,,,,,,,,,,,,,,,,,,,,,,,,,,,,,,,,,,,,,,,,,,,,,,,,,,,,,,,,,,,,,,,,,,,,,,,,,,,,
,,,,,,,,,,,,,,,,,,,,,,,,,,,,,,,,,,,,,,,,,,,,,,,,,,,,,,,,,,,,,,,,,,,,,,,,,,,,,,,,,,,,,,,,,,,,,,,,,,,
,,,,,,,,,,,,,,,,,,,,,,,,,,,,,,,,,,,,,,,,,,,,,,,,,,,,,,,,,,,,,,,,,,,,,,,,,,,,,,,,,,,,,,,,,,,,,,,,,,,
,,,,,,,,,,,,,,,,,,,,,,,,,,,,,,,,,,,,,,,,,,,,,,,,,,,,,,,,,,,,,,,,,,,,,,,,,,,,,,,,,,,,,,,,,,,,,,,,,,,
,,,,,,,,,,,,,,,,,,,,,,,,,,,,,,,,,,,,,,,,,,,,,,,,,,,,,,,,,,,,,,,,,,,,,,,,,,,,,,,,,,,,,,,,,,,,,,,,,,,
,,,,,,,,,,,,,,,,,,,,,,,,,,,,,,,,,,,,,,,,,,,,,,,,,,,,,,,,,,,,,,,,,,,,,,,,,,,,,,,,,,,,,,,,,,,,,,,,,,,
,,,,,,,,,,,,,,,,,,,,,,,,,,,,,,,,,,,,,,,,,,,,,,,,,,,,,,,,,,,,,,,,,,,,,,,,,,,,,,,,,,,,,,,,,,,,,,,,,,,
,,,,,,,,,,,,,,,,,,,,,,,,,,,,,,,,,,,,,,,,,,,,,,,,,,,,,,,,,,,,,,,,,,,,,,,,,,,,,,,,,,,,,,,,,,,,,,,,,,,
,,,,,,,,,,,,,,,,,,,,,,,,,,,,,,,,,,,,,,,,,,,,,,,,,,,,,,,,,,,,,,,,,,,,,,,,,,,,,,,,,,,,,,,,,,,,,,,,,,,
,,,,,,,,,,,,,,,,,,,,,,,,,,,,,,,,,,,,,,,,,,,,,,,,,,,,,,,,,,,,,,,,,,,,,,,,,,,,,,,,,,,,,,,,,,,,,,,,,,,
,,,,,,,,,,,,,,,,,,,,,,,,,,,,,,,,,,,,,,,,,,,,,,,,,,,,,,,,,,,,,,,,,,,,,,,,,,,,,,,,,,,,,,,,,,,,,,,,,,,
,,,,,,,,,,,,,,,,,,,,,,,,,,,,,,,,,,,,,,,,,,,,,,,,,,,,,,,,,,,,,,,,,,,,,,,,,,,,,,,,,,,,,,,,,,,,,,,,,,,
,,,,,,,,,,,,,,,,,,,,,,,,,,,,,,,,,,,,,,,,,,,,,,,,,,,,,,,,,,,,,,,,,,,,,,,,,,,,,,,,,,,,,,,,,,,,,,,,,,,
,,,,,,,,,,,,,,,,,,,,,,,,,,,,,,,,,,,,,,,,,,,,,,,,,,,,,,,,,,,,,,,,,,,,,,,,,,,,,,,,,,,,,,,,,,,,,,,,,,,
,,,,,,,,,,,,,,,,,,,,,,,,,,,,,,,,,,,,,,,,,,,,,,,,,,,,,,,,,,,,,,,,,,,,,,,,,,,,,,,,,,,,,,,,,,,,,,,,,,,
,,,,,,,,,,,,,,,,,,,,,,,,,,,,,,,,,,,,,,,,,,,,,,,,,,,,,,,,,,,,,,,,,,,,,,,,,,,,,,,,,,,,,,,,,,,,,,,,,,,
,,,,,,,,,,,,,,,,,,,,,,,,,,,,,,,,,,,,,,,,,,,,,,,,,,,,,,,,,,,,,,,,,,,,,,,,,,,,,,,,,,,,,,,,,,,,,,,,,,,
,,,,,,,,,,,,,,,,,,,,,,,,,,,,,,,,,,,,,,,,,,,,,,,,,,,,,,,,,,,,,,,,,,,,,,,,,,,,,,,,,,,,,,,,,,,,,,,,,,,
,,,,,,,,,,,,,,,,,,,,,,,,,,,,,,,,,,,,,,,,,,,,,,,,,,,,,,,,,,,,,,,,,,,,,,,,,,,,,,,,,,,,,,,,,,,,,,,,,,,
,,,,,,,,,,,,,,,,,,,,,,,,,,,,,,,,,,,,,,,,,,,,,,,,,,,,,,,,,,,,,,,,,,,,,,,,,,,,,,,,,,,,,,,,,,,,,,,,,,,
,,,,,,,,,,,,,,,,,,,,,,,,,,,,,,,,,,,,,,,,,,,,,,,,,,,,,,,,,,,,,,,,,,,,,,,,,,,,,,,,,,,,,,,,,,,,,,,,,,,
MoveObject: type=2 stepAdvance=1 stepRecede=1 timeStopStart=0 timeStopEnd=0 posStart=642;5572 posEnd=642;5572 posCurrent=642;5572 step=1 time=0 phase=1212 channel=10 icon=14 
MoveObject: type=6 stepAdvance=1 stepRecede=1 timeStopStart=0 timeStopEnd=0 posStart=1986;4488 posEnd=1986;4488 posCurrent=1986;4488 step=1 time=0 phase=1212 channel=10 icon=27 
MoveObject: type=5 stepAdvance=1 stepRecede=1 timeStopStart=0 timeStopEnd=0 posStart=2946;3204 posEnd=2946;3204 posCurrent=2946;3204 step=1 time=0 phase=1212 channel=10 icon=7 
MoveObject: type=5 stepAdvance=1 stepRecede=1 timeStopStart=0 timeStopEnd=0 posStart=2050;4612 posEnd=2050;4612 posCurrent=2050;4612 step=1 time=0 phase=1212 channel=10 icon=7 
MoveObject: type=2 stepAdvance=1 stepRecede=1 timeStopStart=0 timeStopEnd=0 posStart=642;5252 posEnd=642;5252 posCurrent=642;5252 step=1 time=0 phase=1212 channel=10 icon=14 
MoveObject: type=2 stepAdvance=1 stepRecede=1 timeStopStart=0 timeStopEnd=0 posStart=258;4868 posEnd=258;4868 posCurrent=258;4868 step=1 time=0 phase=1212 channel=10 icon=14 
MoveObject: type=2 stepAdvance=1 stepRecede=1 timeStopStart=0 timeStopEnd=0 posStart=514;4868 posEnd=514;4868 posCurrent=514;4868 step=1 time=0 phase=1212 channel=10 icon=14 
MoveObject: type=5 stepAdvance=1 stepRecede=1 timeStopStart=0 timeStopEnd=0 posStart=578;4932 posEnd=578;4932 posCurrent=578;4932 step=1 time=0 phase=1212 channel=10 icon=7 
MoveObject: type=3 stepAdvance=1 stepRecede=1 timeStopStart=0 timeStopEnd=0 posStart=1218;5184 posEnd=1218;5184 posCurrent=1218;5184 step=1 time=0 phase=1212 channel=10 icon=50 
MoveObject: type=3 stepAdvance=1 stepRecede=1 timeStopStart=0 timeStopEnd=0 posStart=1282;5184 posEnd=1282;5184 posCurrent=1282;5184 step=1 time=0 phase=1212 channel=10 icon=50 
MoveObject: type=6 stepAdvance=1 stepRecede=1 timeStopStart=0 timeStopEnd=0 posStart=3266;3400 posEnd=3266;3400 posCurrent=3266;3400 step=1 time=0 phase=1212 channel=10 icon=27 
MoveObject: type=3 stepAdvance=1 stepRecede=1 timeStopStart=0 timeStopEnd=0 posStart=3778;1024 posEnd=3778;1024 posCurrent=3778;1024 step=1 time=0 phase=1212 channel=10 icon=50 
MoveObject: type=3 stepAdvance=1 stepRecede=1 timeStopStart=0 timeStopEnd=0 posStart=4034;1024 posEnd=4034;1024 posCurrent=4034;1024 step=1 time=0 phase=1212 channel=10 icon=50 
MoveObject: type=16 stepAdvance=40 stepRecede=40 timeStopStart=0 timeStopEnd=0 posStart=1536;3712 posEnd=1792;3712 posCurrent=1760;3712 step=2 time=35 phase=1212 channel=10 icon=74 
MoveObject: type=3 stepAdvance=1 stepRecede=1 timeStopStart=0 timeStopEnd=0 posStart=2050;3968 posEnd=2050;3968 posCurrent=2050;3968 step=1 time=0 phase=1212 channel=10 icon=50 
MoveObject: type=2 stepAdvance=1 stepRecede=1 timeStopStart=0 timeStopEnd=0 posStart=2562;4036 posEnd=2562;4036 posCurrent=2562;4036 step=1 time=0 phase=1212 channel=10 icon=14 
MoveObject: type=12 stepAdvance=1 stepRecede=1 timeStopStart=0 timeStopEnd=0 posStart=3392;4288 posEnd=3392;4288 posCurrent=3392;4288 step=1 time=0 phase=1212 channel=1 icon=32 
MoveObject: type=12 stepAdvance=1 stepRecede=1 timeStopStart=0 timeStopEnd=0 posStart=3264;4224 posEnd=3264;4224 posCurrent=3264;4224 step=1 time=0 phase=1212 channel=1 icon=32 
MoveObject: type=5 stepAdvance=1 stepRecede=1 timeStopStart=0 timeStopEnd=0 posStart=4098;452 posEnd=4098;452 posCurrent=4098;452 step=1 time=0 phase=1212 channel=10 icon=7 
MoveObject: type=5 stepAdvance=1 stepRecede=1 timeStopStart=0 timeStopEnd=0 posStart=3842;452 posEnd=3842;452 posCurrent=3842;452 step=1 time=0 phase=1212 channel=10 icon=7 
MoveObject: type=2 stepAdvance=1 stepRecede=1 timeStopStart=0 timeStopEnd=0 posStart=1282;5572 posEnd=1282;5572 posCurrent=1282;5572 step=1 time=0 phase=1212 channel=10 icon=14 
MoveObject: type=16 stepAdvance=60 stepRecede=60 timeStopStart=0 timeStopEnd=0 posStart=1600;5312 posEnd=1984;5312 posCurrent=1773;5312 step=4 time=33 phase=1212 channel=10 icon=74 
MoveObject: type=17 stepAdvance=45 stepRecede=45 timeStopStart=47 timeStopEnd=47 posStart=1152;5248 posEnd=1344;5248 posCurrent=1305;5248 step=2 time=36 phase=1212 channel=10 icon=79 
MoveObject: type=5 stepAdvance=1 stepRecede=1 timeStopStart=0 timeStopEnd=0 posStart=706;5316 posEnd=706;5316 posCurrent=706;5316 step=1 time=0 phase=1212 channel=10 icon=7 
MoveObject: type=5 stepAdvance=1 stepRecede=1 timeStopStart=0 timeStopEnd=0 posStart=66;4932 posEnd=66;4932 posCurrent=66;4932 step=1 time=0 phase=1212 channel=10 icon=7 
MoveObject: type=5 stepAdvance=1 stepRecede=1 timeStopStart=0 timeStopEnd=0 posStart=1154;4996 posEnd=1154;4996 posCurrent=1154;4996 step=1 time=0 phase=1212 channel=10 icon=7 
MoveObject: type=5 stepAdvance=1 stepRecede=1 timeStopStart=0 timeStopEnd=0 posStart=1602;4996 posEnd=1602;4996 posCurrent=1602;4996 step=1 time=0 phase=1212 channel=10 icon=7 
MoveObject: type=17 stepAdvance=60 stepRecede=60 timeStopStart=47 timeStopEnd=47 posStart=1024;4928 posEnd=1280;4928 posCurrent=1280;4928 step=3 time=13 phase=1212 channel=10 icon=88 
MoveObject: type=17 stepAdvance=45 stepRecede=45 timeStopStart=47 timeStopEnd=47 posStart=1472;4928 posEnd=1664;4928 posCurrent=1625;4928 step=2 time=36 phase=1212 channel=10 icon=79 
MoveObject: type=17 stepAdvance=90 stepRecede=90 timeStopStart=47 timeStopEnd=47 posStart=960;4800 posEnd=1344;4800 posCurrent=1181;4800 step=2 time=52 phase=1212 channel=10 icon=79 
MoveObject: type=17 stepAdvance=60 stepRecede=60 timeStopStart=47 timeStopEnd=47 posStart=1408;4800 posEnd=1664;4800 posCurrent=1664;4800 step=3 time=13 phase=1212 channel=10 icon=88 
MoveObject: type=6 stepAdvance=1 stepRecede=1 timeStopStart=0 timeStopEnd=0 posStart=1730;4868 posEnd=1730;4868 posCurrent=1730;4868 step=1 time=0 phase=1212 channel=10 icon=27 
MoveObject: type=1 stepAdvance=24 stepRecede=24 timeStopStart=3 timeStopEnd=3 posStart=2432;4416 posEnd=2688;4416 posCurrent=2486;4416 step=4 time=19 phase=1212 channel=1 icon=261 
MoveObject: type=17 stepAdvance=45 stepRecede=45 timeStopStart=47 timeStopEnd=47 posStart=2432;4544 posEnd=2624;4544 posCurrent=2585;4544 step=2 time=36 phase=1212 channel=10 icon=79 
MoveObject: type=17 stepAdvance=30 stepRecede=30 timeStopStart=47 timeStopEnd=47 posStart=2496;4544 posEnd=2624;4544 posCurrent=2624;4544 step=3 time=27 phase=1212 channel=10 icon=85 
MoveObject: type=17 stepAdvance=45 stepRecede=45 timeStopStart=47 timeStopEnd=47 posStart=2496;4608 posEnd=2688;4608 posCurrent=2649;4608 step=2 time=36 phase=1212 channel=10 icon=79 
MoveObject: type=6 stepAdvance=1 stepRecede=1 timeStopStart=0 timeStopEnd=0 posStart=3330;3400 posEnd=3330;3400 posCurrent=3330;3400 step=1 time=0 phase=1212 channel=10 icon=27 
MoveObject: type=17 stepAdvance=30 stepRecede=30 timeStopStart=47 timeStopEnd=47 posStart=2624;4608 posEnd=2496;4608 posCurrent=2496;4608 step=3 time=27 phase=1212 channel=10 icon=87 
MoveObject: type=16 stepAdvance=60 stepRecede=60 timeStopStart=0 timeStopEnd=0 posStart=3456;4480 posEnd=3840;4480 posCurrent=3629;4480 step=4 time=33 phase=1212 channel=10 icon=74 
MoveObject: type=5 stepAdvance=1 stepRecede=1 timeStopStart=0 timeStopEnd=0 posStart=4098;4356 posEnd=4098;4356 posCurrent=4098;4356 step=1 time=0 phase=1212 channel=10 icon=7 
MoveObject: type=6 stepAdvance=1 stepRecede=1 timeStopStart=0 timeStopEnd=0 posStart=3202;136 posEnd=3202;136 posCurrent=3202;136 step=1 time=0 phase=1212 channel=10 icon=27 
MoveObject: type=17 stepAdvance=30 stepRecede=30 timeStopStart=47 timeStopEnd=47 posStart=4352;256 posEnd=4480;256 posCurrent=4480;256 step=3 time=27 phase=1212 channel=10 icon=85 
MoveObject: type=17 stepAdvance=150 stepRecede=150 timeStopStart=47 timeStopEnd=47 posStart=3648;640 posEnd=4288;640 posCurrent=3648;640 step=1 time=18 phase=1212 channel=10 icon=80 
MoveObject: type=17 stepAdvance=30 stepRecede=30 timeStopStart=47 timeStopEnd=47 posStart=3456;640 posEnd=3584;640 posCurrent=3584;640 step=3 time=27 phase=1212 channel=10 icon=85 
MoveObject: type=17 stepAdvance=45 stepRecede=45 timeStopStart=47 timeStopEnd=47 posStart=3328;448 posEnd=3520;512 posCurrent=3481;499 step=2 time=36 phase=1212 channel=10 icon=79 
MoveObject: type=17 stepAdvance=60 stepRecede=60 timeStopStart=47 timeStopEnd=47 posStart=3392;320 posEnd=3648;256 posCurrent=3648;256 step=3 time=13 phase=1212 channel=10 icon=88 
MoveObject: type=17 stepAdvance=30 stepRecede=30 timeStopStart=47 timeStopEnd=47 posStart=2496;4672 posEnd=2624;4672 posCurrent=2624;4672 step=3 time=27 phase=1212 channel=10 icon=85 
MoveObject: type=17 stepAdvance=45 stepRecede=45 timeStopStart=47 timeStopEnd=47 posStart=3840;256 posEnd=4032;320 posCurrent=3993;307 step=2 time=36 phase=1212 channel=10 icon=79 
MoveObject: type=17 stepAdvance=45 stepRecede=45 timeStopStart=47 timeStopEnd=47 posStart=4288;384 posEnd=4480;512 posCurrent=4441;486 step=2 time=36 phase=1212 channel=10 icon=79 
MoveObject: type=3 stepAdvance=1 stepRecede=1 timeStopStart=0 timeStopEnd=0 posStart=1986;3968 posEnd=1986;3968 posCurrent=1986;3968 step=1 time=0 phase=1212 channel=10 icon=50 
MoveObject: type=5 stepAdvance=1 stepRecede=1 timeStopStart=0 timeStopEnd=0 posStart=1922;5188 posEnd=1922;5188 posCurrent=1922;5188 step=1 time=0 phase=1212 channel=10 icon=7 
MoveObject: type=5 stepAdvance=1 stepRecede=1 timeStopStart=0 timeStopEnd=0 posStart=2818;4356 posEnd=2818;4356 posCurrent=2818;4356 step=1 time=0 phase=1212 channel=10 icon=7 
MoveObject: type=5 stepAdvance=1 stepRecede=1 timeStopStart=0 timeStopEnd=0 posStart=3906;4484 posEnd=3906;4484 posCurrent=3906;4484 step=1 time=0 phase=1212 channel=10 icon=7 
MoveObject: type=1 stepAdvance=54 stepRecede=54 timeStopStart=3 timeStopEnd=3 posStart=2816;3456 posEnd=2816;2880 posCurrent=2816;3158 step=2 time=28 phase=1212 channel=1 icon=261 
MoveObject: type=1 stepAdvance=30 stepRecede=30 timeStopStart=3 timeStopEnd=3 posStart=2880;2944 posEnd=2880;2624 posCurrent=2880;2752 step=2 time=18 phase=1212 channel=1 icon=261 
MoveObject: type=1 stepAdvance=30 stepRecede=30 timeStopStart=3 timeStopEnd=3 posStart=2816;2304 posEnd=2816;2624 posCurrent=2816;2496 step=2 time=18 phase=1212 channel=1 icon=261 
MoveObject: type=16 stepAdvance=40 stepRecede=40 timeStopStart=0 timeStopEnd=0 posStart=2560;3776 posEnd=2816;3776 posCurrent=2784;3776 step=2 time=35 phase=1212 channel=10 icon=74 
MoveObject: type=5 stepAdvance=1 stepRecede=1 timeStopStart=0 timeStopEnd=0 posStart=2754;2820 posEnd=2754;2820 posCurrent=2754;2820 step=1 time=0 phase=1212 channel=10 icon=7 
MoveObject: type=5 stepAdvance=1 stepRecede=1 timeStopStart=0 timeStopEnd=0 posStart=2754;2436 posEnd=2754;2436 posCurrent=2754;2436 step=1 time=0 phase=1212 channel=10 icon=7 
MoveObject: type=5 stepAdvance=1 stepRecede=1 timeStopStart=0 timeStopEnd=0 posStart=1666;3588 posEnd=1666;3588 posCurrent=1666;3588 step=1 time=0 phase=1212 channel=10 icon=7 
MoveObject: type=1 stepAdvance=24 stepRecede=24 timeStopStart=3 timeStopEnd=3 posStart=1984;4096 posEnd=2240;4096 posCurrent=2038;4096 step=4 time=19 phase=1212 channel=1 icon=261 
MoveObject: type=3 stepAdvance=1 stepRecede=1 timeStopStart=0 timeStopEnd=0 posStart=2242;3968 posEnd=2242;3968 posCurrent=2242;3968 step=1 time=0 phase=1212 channel=10 icon=50 
MoveObject: type=17 stepAdvance=15 stepRecede=15 timeStopStart=47 timeStopEnd=47 posStart=2368;3520 posEnd=2432;3520 posCurrent=2419;3520 step=2 time=12 phase=1212 channel=10 icon=79 
MoveObject: type=7 stepAdvance=1 stepRecede=1 timeStopStart=0 timeStopEnd=0 posStart=4546;6148 posEnd=4546;6148 posCurrent=4546;6148 step=1 time=0 phase=1212 channel=10 icon=32 
MoveObject: type=3 stepAdvance=1 stepRecede=1 timeStopStart=0 timeStopEnd=0 posStart=2306;3968 posEnd=2306;3968 posCurrent=2306;3968 step=1 time=0 phase=1212 channel=10 icon=50 
MoveObject: type=6 stepAdvance=1 stepRecede=1 timeStopStart=0 timeStopEnd=0 posStart=4162;776 posEnd=4162;776 posCurrent=4162;776 step=1 time=0 phase=1212 channel=10 icon=27 
MoveObject: type=6 stepAdvance=1 stepRecede=1 timeStopStart=0 timeStopEnd=0 posStart=4418;776 posEnd=4418;776 posCurrent=4418;776 step=1 time=0 phase=1212 channel=10 icon=27 
MoveObject: type=2 stepAdvance=1 stepRecede=1 timeStopStart=0 timeStopEnd=0 posStart=1346;5572 posEnd=1346;5572 posCurrent=1346;5572 step=1 time=0 phase=1212 channel=10 icon=14 
MoveObject: type=3 stepAdvance=1 stepRecede=1 timeStopStart=0 timeStopEnd=0 posStart=450;5440 posEnd=450;5440 posCurrent=450;5440 step=1 time=0 phase=1212 channel=10 icon=50 
MoveObject: type=2 stepAdvance=1 stepRecede=1 timeStopStart=0 timeStopEnd=0 posStart=1858;5572 posEnd=1858;5572 posCurrent=1858;5572 step=1 time=0 phase=1212 channel=10 icon=14 
MoveObject: type=5 stepAdvance=1 stepRecede=1 timeStopStart=0 timeStopEnd=0 posStart=962;5572 posEnd=962;5572 posCurrent=962;5572 step=1 time=0 phase=1212 channel=10 icon=7 
MoveObject: type=2 stepAdvance=1 stepRecede=1 timeStopStart=0 timeStopEnd=0 posStart=258;5316 posEnd=258;5316 posCurrent=258;5316 step=1 time=0 phase=1212 channel=10 icon=14 
