DescFile: posDecor=1100;1150 dimDecor=100;100 world=0 music=2 region=4 blupiPos=1410;1414 blupiDir=2 
Decor: 
,,,,,,,,,,,,,,,,,,,,,354,350,350,350,345,350,343,350,350,363,,,,,,,,,,,,,,,,,,,,,,,,,,,,,,,,,,,,,,,,,,,,,,,,,,,,,,,,,,,,,,,,,,,,,
,,,,,,,,,,,,,,,,,,,,,,,,,358,,351,,,351,,,,,,,,,,,,,,,,,,,,,,,,,,,,,,,,,,,,,,,,,,,,,,,,,,,,,,,,,,,,,,,,,,,,,
,,,,,,,,,,,,,,,,,,,,,,357,,,,,362,355,,354,355,,,,,,,,,,,,,,,,,,,,,,,,,,,,,,,,,,,,,,,,,,,,,,,,,,,,,,,,,,,,,,,,,,,,
,,,,,,,,,,,,,,,,,,,,,,351,,353,352,349,350,363,,,354,355,,,,,,,,,,,,,,,,,,,,,,,,,,,,,,,,,,,,,,,,,,,,,,,,,,,,,,,,,,,,,,,,,,,
,,,,,,,16,,58,,,,,,,,,,,,,351,,351,,351,,347,355,,,362,349,352,352,352,355,,,,,,,,,,,,,,,,,,,,,,,,,,,,,,,,,,,,,,,,,,,,,,,,,,,,,,,,,,,,,,
,,,,,,60,10,10,10,54,15,,,,,,,,,,,351,,347,349,356,,354,363,,,362,363,,,,358,,,,,,,,,,,,,,,,,,,,,,,,,,,,,,,,,,,,,,,,,,,,,,,,,,,,,,,,,,,,,,
,,,,,,10,10,50,10,10,10,,,,,,,,,,,358,,347,363,,,,354,355,,347,348,,353,360,,,,,,,,,,,,,,,,,,,,,,,,,,,,,,,,,,,,,,,,,,,,,,,,,,,,,,,,,,,,,,,
,,,,,56,10,25,,10,10,18,,,,,,,,,,,,353,341,350,352,360,,,351,,347,356,,351,,,,,,,,,,,,,,,,,,,,,,,,,,,,,,,,,,,,,,,,,,,,,,,,,,,,,,,,,,,,,,,,
,,,,,56,10,25,,51,10,55,,,,,,,,,,,353,342,356,,,,,353,356,,358,,,351,,,,,,,,,,,,,,,,,,,,,,,,,,,,,,,,,,,,,,,,,,,,,,,,,,,,,,,,,,,,,,,,
,,,,,,10,10,50,10,10,16,,58,,,,,,,,,347,363,,,353,352,349,356,,,,,353,356,,,,,,,,,,,,,,,,,,,,,,,,,,,,,,,,,,,,,,,,,,,,,,,,,,,,,,,,,,,,,,,,
,,,,,,60,10,55,,57,10,10,10,10,15,,,,359,349,349,350,356,,353,356,,358,,,,353,352,363,,,,,,,,,,,,,,,,,,,,,,,,,,,,,,,,,,,,,,,,,,,,,,,,,,,,,,,,,,,,,,,,,
,,,,,,,10,15,,,53,,11,10,10,355,,,,347,356,,,,351,,,,,361,,351,,351,,,,,,,,,,,,,,,,,,,,,,,,,,,,,,,,,,,,,,,,,,,,,,,,,,,,,,,,,,,,,,,,,
,,,,,,,56,10,10,304,305,305,305,305,11,363,,353,349,348,,,359,349,350,355,,,,,353,363,,351,,,,,,,,,,,,,,,,,,,,,,,,,,,,,,,,,,,,,,,,,,,,,,,,,,,,,,,,,,,,,,,,,
,,,,,,,,10,10,10,10,52,52,10,10,343,349,350,350,344,355,,,358,,354,349,355,,,354,363,,351,,,,,,,,,,,,,,,,,,,,,,,,,,,,,,,,,,,,,,,,,,,,,,,,,,,,,,,,,,,,,,,,,
,,,,,,,,,347,344,356,,,351,,354,356,,,354,356,,357,,,,354,343,349,355,,354,349,363,,,,,,,,,,,,,,,,,,,,,,,,,,,,,,,,,,,,,,,,,,,,,,,,,,,,,,,,,,,,,,,,,
,,,,,,,,,354,363,,,,347,355,,,353,360,,,353,356,,357,,,347,346,363,,,362,356,,,,,,,,357,,,,,,,,,,,353,349,360,,,357,,,,,,359,352,355,,,,,,,,,,,,,,,,,,,,,,,,,,,,,,,,,
,,,,,,,,,,351,,,,362,350,349,349,356,,,,351,,,351,,,362,344,363,,,351,,,,,,,,,351,,,,,,359,352,360,,359,345,348,,,,351,,,353,349,355,,,362,355,,,,,,,,,,,,,,,,,,,,,,,,,,,,,,,,
,,,,,,,,,,362,355,,,351,,362,356,,,353,235,348,,353,356,,359,341,344,363,,353,356,,,,,,,353,352,356,,,,,,,,,,,362,346,349,349,349,341,349,349,350,346,345,352,349,343,363,,,,,,,,,,,,,,,,,,,,,,,,,,,,,,,,
,,,,,,,,,,347,342,352,235,341,349,356,,,359,235,235,348,,351,404,,,354,350,363,,351,,,,357,,353,352,356,,,,,,353,352,349,352,355,,,362,341,350,350,344,345,343,348,,362,363,,362,341,348,,,,,,,,,,,,,,,,,,,,,,,,,,,,,,,,
,,,,,,,,,,354,363,,,354,356,,,357,,,359,363,,354,355,,,,,347,349,363,,,353,345,352,348,,,,353,352,355,,351,,351,,362,352,352,350,363,,,362,341,344,356,,347,346,349,350,345,348,,,,,,,,,,,,,,,,,,,,,,,,,,,,,,,,
,,,,,,,,,,,351,,,,,,353,356,,357,,351,,,351,,357,,,347,345,363,,353,342,348,,358,,,353,348,,347,349,363,,354,349,348,,,,347,360,,362,345,348,,,214,68,363,,347,348,,,,,,,,,,,,,,,,,,,,,,,,,,,,,,,,
,,,,,,,,,,,347,360,,,,353,356,,,354,352,350,355,,362,349,350,355,,362,342,341,352,346,341,350,360,,357,,347,348,,347,350,350,355,,347,350,355,,,351,,353,343,342,363,,,214,68,348,,347,350,355,,,,,,,,,,,,,,,,,,,,,,,,,,,,,,,
,,,,,,,,,,359,363,,,,353,348,,,357,,,,5,,354,363,,358,,354,345,363,,347,348,,,353,356,,362,356,,358,,,362,352,356,,347,355,,362,349,345,345,350,356,,,214,68,345,349,348,,358,,,,,,,,,,,,,,,,,,,,,,,,,,,,,,,
,,,,,,,,,,,354,355,,,362,344,352,235,348,,,,347,360,,354,355,,,,373,363,,362,348,,359,363,,,351,,357,,,353,363,,,,347,344,352,350,343,345,356,,,,,214,68,342,341,348,,,357,,,,,,,,,,,,,,,,,,,,,,,,,,,,,,
,,,,,,,,,,,,347,235,352,350,363,,,354,355,,,358,,,,362,349,349,349,342,341,349,342,344,355,,351,,,351,,347,360,,347,356,,,353,341,363,,,354,356,,,,353,352,346,344,342,350,343,352,349,356,,357,,,,,,,,,,,,,,,,,,,,,,,,,,,,
,,,,,,,,,,,353,356,,,,354,355,,,354,355,,,,357,,347,342,345,344,343,342,344,344,343,348,,351,,,358,,351,,,358,,,353,350,343,350,360,,,,,353,349,356,,362,341,348,,351,,358,,353,363,,,,,,,,,,,,,,,,,,,,,,,,,,,,
,,,,,,,,,,,351,,,,357,,354,355,,,354,352,349,235,350,349,345,344,345,345,345,345,342,345,343,363,,351,,357,,,351,,,,,353,356,,358,,,,,353,352,350,348,,,362,345,356,,351,,,353,341,356,,,,,,,,,,,,,,,,,,,,,,,,,,,,
,,,,,,,,,,,351,,,359,363,,,347,355,,,,351,,,347,342,342,345,341,344,344,344,341,350,343,349,346,349,356,,,351,,,,353,356,,,,,,,353,348,,,354,352,349,342,356,,359,348,,353,350,356,,,,,,,,,,,,,,,,,,,,,,,,,,,,,
,,,,,,,,,,,362,352,360,,351,,,347,356,,,,351,,,354,341,350,341,345,344,344,343,363,,354,350,345,363,,,,354,352,352,352,356,,,,,,,,354,342,355,,,,362,356,,361,,347,349,356,,,,,,,,,,,,,,,,,,,,,,,,,,,,,,,
,,,,,,,,,,,351,,,,351,,353,356,,,,,351,,,,358,,354,342,346,343,343,356,,,,347,342,355,,357,,,,,,,,,,,,,,347,345,355,,353,356,,357,,,362,363,,,,,,,,,,,,,,,,,,,,,,,,,,,,,,,,
,,,,,,,,,,,347,355,,,351,,351,,,357,,,351,,,,,,,347,345,350,363,410,,353,336,345,342,363,,351,,,,,,,,,,,,,,362,346,343,349,348,,359,350,349,349,341,356,,,,,,,,,,,,,,,,,,,,,,,,,,,,,,,,
,,,,,,,,,,,354,363,,359,348,,347,349,349,356,,,347,235,352,355,,,353,344,363,,347,360,,362,335,350,350,350,352,350,214,214,214,214,214,214,214,,,,,,,354,350,342,346,363,,,,362,350,356,,361,,,,,,,,,,,,,,,,,,,,,,,,,,,,,,,
,,,,,,,,,,,,351,,,362,352,341,344,348,,,,351,,,354,352,235,345,344,356,,351,,,351,,,,,,,,,,,,,,,,,,,,,,362,342,344,355,,353,363,,,,,,,,,,,,,,,,,,,,,,,,,,,,,,,,,,,
,,,,,,,,,,,,354,355,,351,,347,345,341,355,,,354,355,,,,,362,363,,,351,,,362,349,349,214,214,214,214,214,214,214,214,214,214,214,,,,,,,353,349,343,342,344,343,349,345,341,349,349,349,349,349,349,349,349,349,349,349,355,,,,,,,,,,,,,,,,,,,,,,,
,,,,,,,,,,,,,354,349,356,,347,343,342,348,,,,362,360,,,,362,348,,,354,355,,362,350,356,,,,,,,,,,,,,,,,,,354,344,345,343,342,346,342,342,341,344,342,345,344,344,346,346,345,341,343,343,348,,,,,,,,,,,,,,,,,,,,,,,
,,,,,,,,,,,,,,351,,353,345,341,342,356,,,,201,,,353,349,350,356,,,,358,,351,,,,,,,,,,,,,,,,,,,,,373,343,345,341,346,345,346,350,350,350,350,341,341,346,343,341,341,342,341,348,,,,,,,,,,,,,,,,,,,,,,,
,,,,,,,,,,,,,,362,349,344,342,342,348,,,,,201,,359,350,363,410,,,357,,,,362,355,,357,,,,,,,,,,,,,,,,353,349,344,342,341,341,343,346,348,,,,,347,345,346,344,346,342,346,344,348,,,,,,,,,,,,,,,,,,,,,,,
,,,,,,,,,,,,,,347,342,345,345,342,345,349,355,,,351,,,,358,,,359,356,,,,347,356,,358,,,,,,,,,,,,,,,,354,341,350,350,350,345,350,350,356,,353,360,,347,343,343,342,345,345,341,346,363,,,,,,,,,,,,,,,,,,,,,,,
,,,,,,,,,,,,,359,346,350,343,341,344,341,344,356,,,351,410,,,,,357,,,,,353,356,,357,,,,,,,,,,,,,,353,360,,,201,,,,201,,,,,351,,,347,344,341,343,350,350,350,350,356,,,,,,,,,,,,,,,,,,,,,,,
,,,,,,,,,,,,,,351,,362,341,345,342,348,,,,354,349,355,,359,349,363,,,353,349,356,,,351,,,,,,,,,,,,353,349,348,,,,362,349,349,349,348,,,,,351,,,347,343,341,363,,,,,,,,,,,,,,,,,,,,,,,,,,,,
,,,,,,,,,357,,,359,349,356,,362,343,341,343,356,,,,,68,348,,,362,356,,359,346,348,,,353,356,,357,,,,,,,,,,362,346,348,,353,349,342,342,343,345,363,,,,,354,360,,364,68,345,348,,,,,,,,,,,,,,,,,,,,,,,,,,,,
,,,,,353,352,349,349,363,,,,351,,,347,343,344,348,,,357,,,68,363,,359,348,,,,354,348,,,358,,353,356,,,,,,,359,235,349,345,350,341,349,341,344,342,343,344,345,363,,,,,,,,364,68,345,348,,,,,,,,,,,,,,,,,,,,,,,,,,,,
349,349,349,349,352,363,,354,341,343,355,,353,350,355,,347,344,342,363,,,351,,,68,348,,,354,360,,,,358,,,,353,356,,,,,,,,,,347,348,,347,343,346,341,341,342,346,341,363,,,,,,,,364,68,344,363,,,,,,,,,,,,,,,,,,,,,,,,,,,,
346,343,345,348,,358,,,354,350,344,349,356,,347,349,343,341,345,363,,,351,,,68,344,349,355,,,361,,,,,353,349,363,,,,,,,,,,,362,344,349,345,344,345,341,342,346,345,341,363,,,,,,,,364,68,343,363,,,,,,,,,,,,,,,,,,,,,,,,,,,,
345,343,346,363,,,353,360,,,362,356,,353,345,342,343,345,345,363,,,351,,,68,343,343,346,355,,,353,355,,,362,345,348,,,,,,,,,,353,343,343,346,343,345,341,350,346,344,344,346,348,,,,,,357,,364,68,343,348,,,,,,,,,,,,,,,,,,,,,,,,,,,,
346,342,343,348,,353,356,,353,352,363,,353,350,350,345,344,345,341,348,,,351,,,68,344,342,343,345,355,,347,344,336,349,342,343,348,,,,,,,,353,349,344,341,345,350,350,346,363,,347,341,343,342,348,,,,,353,348,,364,68,342,348,,,,,,,,,,,,,,,,,,,,,,,,,,,,
341,344,345,341,352,356,,353,356,,351,,351,,,362,344,341,343,348,,,351,,,68,345,343,341,346,342,349,342,345,335,350,350,350,356,,,,,,359,235,344,350,350,346,363,,,354,345,349,345,341,342,345,346,349,349,349,349,342,363,,347,341,343,363,,,,,,,,,,,,,,,,,,,,,,,,,,,,
342,346,345,356,,,,351,,353,350,352,356,,353,345,345,343,341,363,,,358,,,68,341,342,342,344,344,345,342,348,,,,,,,,,,,,,358,,,347,356,,,,362,350,345,343,344,343,345,344,343,342,341,345,356,,354,350,344,363,,,,,,,,,,,,,,,,,,,,,,,,,,,,
343,343,363,,,359,349,348,,351,,,,,347,343,344,344,342,348,,,,,,68,345,345,344,346,346,345,350,350,352,352,352,349,355,,,,,,,,,,353,356,,357,,,351,,362,345,345,343,342,342,342,344,341,356,,,,,362,342,355,,,,,,,,,,,,,,,,,,,,,,,,,,,
344,341,363,,357,,354,363,,351,,359,349,352,342,346,341,344,342,343,355,,,,353,343,346,344,342,341,350,356,,,,,,354,345,349,349,355,,,353,349,235,349,363,,359,345,349,349,343,349,341,342,343,341,345,343,345,342,363,,,,,,92,343,363,,,,,,,,,,,,,,,,,,,,,,,,,,,
343,341,348,,351,,,351,,358,,,351,,347,343,346,344,344,342,344,349,349,349,342,343,350,350,350,356,,,,359,349,360,,,347,341,343,344,349,349,341,348,,354,348,,,354,346,350,342,344,350,345,341,346,341,344,342,344,348,,,,,,92,341,363,,,,,,,,,,,,,,,,,,,,,,,,,,,
341,343,348,,351,,353,348,,,,,347,349,342,350,343,341,341,350,350,350,350,350,343,363,,,,,,353,360,,351,,,353,345,342,345,345,345,341,346,363,,,354,355,,,351,,362,348,,362,346,346,346,344,341,342,348,,,364,,,92,341,348,,,,,,,,,,,,,,,,,,,,,,,,,,,
341,343,348,,358,,362,350,355,,,353,346,350,348,,362,350,356,,,,,,347,356,,,353,349,349,356,,,354,349,349,350,350,350,341,345,342,345,350,350,355,,,351,,353,348,,354,363,,354,343,341,342,343,344,343,348,,,364,,,92,342,348,,,,,,,,,,,,,,,,,,,,,,,,,,,
341,343,345,360,,,351,,354,352,352,350,348,,347,349,356,,,,,,,,358,,,353,342,346,356,,,,,354,356,,,,354,350,350,348,,,351,,,351,,362,348,,,351,,,354,346,342,344,341,345,363,,,364,,,92,344,363,,,,,,,,,,,,,,,,,,,,,,,,,,,
343,343,363,,,,351,,,,,,347,349,346,356,,,,,359,360,,,,,353,341,341,356,,,,,,,,,,,,,,354,355,,347,355,,351,,362,346,355,,351,,,,347,342,344,343,345,363,,,,,,92,344,363,,,,,,,,,,,,,,,,,,,,,,,,,,,
341,343,342,349,352,349,363,,353,349,349,349,342,343,356,,353,355,,,,,,,,353,341,350,348,,,,,,,,,,,,359,360,,,351,,347,350,352,350,352,346,344,356,,351,,357,,354,344,341,346,341,363,,,,,,92,343,348,,,,,,,,,,,,,,,,,,,,,,,,,,,
350,350,350,356,,354,350,352,343,344,343,344,343,363,,359,350,350,360,,,,,,353,344,356,,351,,,,,,,,,,,,,,357,,354,349,363,,,,,354,356,,359,363,,358,,,347,345,345,346,344,355,,,,,92,342,363,,,,,,,,,,,,,,,,,,,,,,,,,,,
,,,,,,,,354,350,343,345,341,348,,,,,,359,360,,,,362,348,,353,356,,,,,,,,,,,,,,351,,,362,363,,353,352,360,,,,,351,,,,,362,345,346,344,342,341,355,,353,349,344,344,356,,,,,,,,,,,,,,,,,,,,,,,,,,,
,,,,,,,,,,354,350,345,344,349,352,352,352,355,,,359,360,,354,356,,351,,,,,,,,,,,,,,,358,,,354,350,352,356,,,357,,353,349,348,,,,,362,345,343,346,344,341,363,,354,345,341,356,,,,,,,,,,,,,,,,,,,,,,,,,,,,
,,,,,,,,,,,,354,350,363,,,,362,352,355,,,,,,,351,,,,,,,,,,,,,,,,357,,,,,,359,349,350,352,341,341,348,,,,,362,341,346,344,343,343,363,,,354,348,,,,,,,,,,,,,,,,,,,,,,,,,,,,,
,,,,,,,,,,,,,,201,,,,201,,351,,,,353,349,349,348,,,,,,,,,,,,,,,,354,349,349,352,352,360,,358,,,354,350,356,,,,,362,341,341,346,342,345,348,,,,351,,,,,,,,,,,,,,,,,,,,,,,,,,,,,
,,,,,,,,,,,,,,201,,353,349,363,,347,349,352,349,346,350,350,356,,,,,,,,,,,,,,,,,354,356,,,,,,,,,,,,,,,362,344,346,343,341,342,363,,,378,362,360,,,,,,,,,,,,,,,,,,,,,,,,,,,,
,,,,,,,,,,,,,,362,349,341,344,341,235,343,363,,347,356,,,,,,,,,,,,,,,,,,,,,,,,,,,,,,,,,,,,347,341,341,341,345,342,348,,,,351,,,,,,,,,,,,,,,,,,,,,,,,,,,,,
,,,,,,,,,,,,353,349,345,342,346,343,342,235,344,343,349,356,,,,,,,,,,,,,,,,,,,,,,,,,,,,,,,,,,,,,347,341,341,341,345,345,348,,,378,362,360,,,,,,,,,,,,,,,,,,,,,,,,,,,,
,,,,,,,,,,56,10,10,10,343,341,344,345,363,,362,345,356,,,,,,,,,,,,,,,,,,,,,,,,,,,,,,,,,,,,,,362,346,344,344,341,341,348,,,,351,,,,,,,,,,,,,,,,,,,,,,,,,,,,,
,,,,,,,,,,,,373,10,341,343,342,346,363,,362,348,,,,,,,,,,,,,,,,,,,,,,,,,,,,,,,,,,,,,,,362,342,341,343,344,345,348,,,,351,,,,,,,,,,,,,,,,,,,,,,,,,,,,,
,,,,,,,,,,56,10,10,10,343,342,346,342,348,,362,348,,,,,,,,,,,,,,,,,,,,,,,,,,,,,,,,,,,,,,,347,342,341,343,344,342,348,,,,351,,,,,,,,,,,,,,,,,,,,,,,,,,,,,
,,,,,,,,,,,362,344,343,341,344,341,344,344,235,345,348,,,,,,,,,,,,,,,,,,,,,,,,,,,,,,,,,,,,,,,362,346,341,343,343,342,363,,,378,347,360,,,,,,,,,,,,,,,,,,,,,,,,,,,,
,,,,,,,,,,353,346,341,342,345,341,345,346,342,235,342,348,,,,,,,,,,,,,,,,,,,,,,,,,,,,,,,,,,,,,,,347,341,341,345,344,345,348,,,,351,,,,,,,,,,,,,,,,,,,,,,,,,,,,,
,,,,,,,,,,362,342,346,342,342,342,341,341,344,426,341,363,,,,,,,,,,,,,,,,,,,,,,,,,,,,,,,,,,,,,,,347,346,341,342,345,344,363,,,378,362,360,,,,,,,,,,,,,,,,,,,,,,,,,,,,
,,,,,,,,,,362,343,341,341,342,341,345,350,356,,347,344,349,349,349,349,349,349,349,349,349,349,349,349,349,349,349,349,349,349,349,349,349,349,349,349,349,349,349,349,349,349,349,349,349,349,349,349,349,349,342,343,345,342,343,345,363,,,,351,,,,,,,,,,,,,,,,,,,,,,,,,,,,,
,,,,,,,,,,362,344,343,341,343,350,356,,,,347,342,341,341,341,344,342,344,342,344,341,345,344,343,344,344,342,343,341,345,345,344,342,343,342,341,343,344,344,343,341,342,341,344,342,345,345,345,343,346,341,346,344,345,344,343,348,,,,351,,,,,,,,,,,,,,,,,,,,,,,,,,,,,
,,,,,,,,,378,10,341,344,344,356,,,,,,362,342,341,343,345,343,344,345,344,345,343,343,345,342,345,345,343,343,342,341,343,344,342,345,345,345,344,341,344,344,343,341,344,342,345,343,344,341,345,345,343,342,344,344,342,343,348,,,378,362,360,,,,,,,,,,,,,,,,,,,,,,,,,,,,
,,,,,,,,,,347,341,345,363,,,,58,15,,362,345,341,343,343,341,345,343,344,345,343,341,341,343,343,344,341,344,344,342,343,343,343,345,342,345,344,345,341,345,341,342,345,341,343,343,344,342,342,343,343,345,342,345,345,344,363,,,,351,,,,,,,,,,,,,,,,,,,,,,,,,,,,,
,,,,,,,,,,347,346,342,363,,,,10,10,235,345,345,345,344,341,343,344,342,343,345,341,342,344,344,345,342,344,344,345,343,343,343,342,344,341,343,341,344,344,342,345,341,341,344,345,343,343,350,350,342,342,343,341,346,341,342,342,355,,,347,355,,,,,,,,,,,,,,,,,,,,,,,,,,,,
,,,,,,,,,,347,343,345,348,,,56,10,25,,347,341,344,344,345,345,345,350,350,350,350,350,350,350,350,350,350,350,346,346,343,343,343,343,345,343,341,344,342,345,345,341,343,345,342,342,356,,,354,350,350,350,350,350,350,350,350,360,,354,345,355,,,,,,,,,,,,,,,,,,,,,,,,,,,
,,,,,,,,,378,10,342,346,348,,,,10,10,235,342,341,345,343,341,344,363,,,,,,,,,,,,362,343,346,344,341,343,341,345,342,343,343,342,343,345,343,344,341,348,,,,,,,,,,,,,,,,68,348,,,,,,,,,,,,,,,,,,,,,,,,,,,
,,,,,,,,,,362,344,345,348,,,,57,17,,362,341,344,345,342,345,363,,,,,,,,,,357,,362,345,346,345,341,343,342,346,345,343,341,344,341,344,343,342,342,363,,,,353,349,349,349,349,349,349,349,349,360,,353,342,356,,,,,,,,,,,,,,,,,,,,,,,,,,,
,,,,,,,,,378,10,345,343,343,355,,,,,,354,342,344,341,344,342,348,,,,,,,,,353,342,235,342,345,341,343,344,350,350,350,350,350,350,350,350,350,350,350,350,356,,,,354,342,345,343,345,341,350,345,356,,,347,356,,,,,,,,,,,,,,,,,,,,,,,,,,,,
,,,,,,,,,,362,343,342,346,341,355,,,,,,373,343,344,346,344,363,,,,,,,,353,350,341,235,345,343,343,345,348,,,,,,,,,,,,,,,,,,347,341,342,350,356,,351,,,,351,,,,,,,,,,,,,,,,,,,,,,,,,,,,,
,,,,,,,,,378,10,345,346,345,341,346,355,,,,353,343,346,345,342,341,348,,,,,,,353,356,,347,235,344,342,346,345,344,355,,,353,349,349,349,349,349,349,352,352,349,349,349,349,349,342,342,348,,,,351,,,378,351,,,,,,,,,,,,,,,,,,,,,,,,,,,,,
,,,,,,,,,,347,350,343,346,342,342,344,355,,,347,343,345,346,346,345,363,,,,,,353,356,,,351,,362,346,344,342,346,356,,,347,343,346,345,343,350,356,,,354,350,343,342,342,350,350,356,,,359,363,,,,351,,,,,,,,,,,,,,,,,,,,,,,,,,,,,
,,,,,,,,,,201,,354,342,346,343,342,356,,56,10,350,350,350,350,350,10,59,,,378,10,356,,,,354,352,350,350,350,350,356,,,,364,68,346,345,356,,,,,,,354,350,356,,,,,,,354,355,,,351,,,,,,,,,,,,,,,,,,,,,,,,,,,,,
,,,,,,,,,378,10,59,,362,343,344,363,410,,,201,,,,,,201,,,,,201,,,361,,,,,,,,,,,,364,68,344,348,,,,,,,,,,,,,,,,,,354,352,349,356,,,,,,,,,,,,,,,,,,,,,,,,,,,,,
,,,,,,,,,,10,55,,362,341,346,342,349,349,349,10,349,349,349,349,349,10,55,,,378,10,355,,,,353,352,349,349,349,349,355,,,,364,68,342,363,,,,,,,,,,,,,,,,,,,,358,,,,,,,,,,,,,,,,,,,,,,,,,,,,,,
355,,,,,,,,,,201,,353,345,343,346,343,343,342,343,341,341,343,342,345,346,363,,,,,,354,355,,,351,,347,346,343,341,341,355,,,347,343,342,363,,,,,,,,,,,,,,,,,,,,,,,,,,,,,,,,,,,,,,,,,,,,,,,,,,
348,,,,,,,,,,347,349,343,345,341,341,341,345,345,343,345,344,342,341,342,346,363,,,,,,,354,355,,362,235,341,344,343,341,344,363,,,362,343,345,348,,,,,,,,,,,,,,,,,,,,,,,,,,,,,,,,,,,,,,,,,,,,,,,,,,
363,,,,,,,,,,354,350,350,350,341,344,346,343,342,345,346,342,341,341,342,343,348,,,,,,,,354,349,345,235,345,341,344,343,344,341,349,349,345,343,342,348,,,,,,,,,,,,,,,,,,,,,,,,,,,,,,,,,,,,,,,,,,,,,,,,,,
348,,,,,,,,,,,,,,10,342,346,346,345,346,346,343,342,341,344,342,363,,,,,,,,,354,343,235,341,343,341,342,345,343,342,344,342,344,343,363,,,,,,,,,,,,,,,,,,,,,,,,,,,,,,,,,,,,,,,,,,,,,,,,,,
343,355,,,,,,,,,,,,10,10,344,342,345,344,346,341,344,344,343,344,344,348,,,,,,,,,,358,,347,344,343,345,344,343,341,343,343,344,341,363,,,,,,,,,,,,,,,,,,,,,,,,,,,,,,,,,,,,,,,,,,,,,,,,,,
341,363,,,,,,,,,,56,10,10,345,344,342,346,342,344,345,342,343,344,344,345,348,,,,,,,,,,,,362,342,344,341,343,344,341,344,345,343,345,363,,,,,,,,,,,,,,,,,,,,,,,,,,,,,,,,,,,,,,,,,,,,,,,,,,
343,348,,,,,,,,,378,10,10,341,342,345,344,342,343,345,343,344,343,341,343,345,345,349,349,349,349,349,349,349,349,349,349,349,343,344,345,344,343,341,345,345,345,344,341,348,,,,,,,,,,,,,,,,,,,,,,,,,,,,,,,,,,,,,,,,,,,,,,,,,,
345,341,355,,,,,,,,10,10,341,344,345,341,341,344,343,345,341,341,342,344,344,341,342,345,345,342,344,341,343,343,345,342,342,344,345,343,345,342,345,343,344,342,341,341,341,348,,,,,,,,,,,,,,,,,,,,,,,,,,,,,,,,,,,,,,,,,,,,,,,,,,
341,344,348,,,,,,378,10,10,345,343,343,346,346,346,346,341,341,342,342,343,342,341,345,343,345,344,341,345,342,345,344,345,345,344,345,344,343,344,344,344,343,344,342,341,342,345,363,,,,,,,,,,,,,,,,,,,,,,,,,,,,,,,,,,,,,,,,,,,,,,,,,,
341,343,348,,,,,,10,10,344,345,343,341,345,346,341,342,341,346,345,344,342,342,341,345,344,344,344,344,344,341,341,344,341,343,344,343,344,343,343,341,341,343,342,342,343,343,344,348,,,,,,,,,,,,,,,,,,,,,,,,,,,,,,,,,,,,,,,,,,,,,,,,,,
345,342,345,349,355,410,56,10,10,345,342,344,342,344,342,345,341,341,345,345,342,345,343,344,341,341,345,341,341,341,341,343,341,342,344,342,344,341,342,343,341,342,345,342,342,342,343,344,343,348,,,,,,,,,,,,,,,,,,,,,,,,,,,,,,,,,,,,,,,,,,,,,,,,,,
341,343,344,344,341,355,,,347,345,344,342,346,345,346,346,341,344,341,345,344,345,344,346,345,343,341,342,345,343,343,343,346,342,344,342,341,344,346,342,342,342,345,344,341,344,341,341,342,348,,,,,,,,,,,,,,,,,,,,,,,,,,,,,,,,,,,,,,,,,,,,,,,,,,
342,342,341,343,344,363,,,3,345,345,345,346,343,342,342,344,341,342,345,345,344,343,346,345,341,343,342,341,342,344,341,341,345,342,344,346,342,343,342,346,341,341,344,344,343,343,345,344,363,,,,,,,,,,,,,,,,,,,,,,,,,,,,,,,,,,,,,,,,,,,,,,,,,,
342,344,343,341,345,363,410,,362,345,343,345,342,344,343,344,341,342,344,345,343,341,345,345,344,343,343,344,343,341,341,344,343,343,345,345,343,345,345,345,341,343,344,341,343,341,344,345,342,348,,,,,,,,,,,,,,,,,,,,,,,,,,,,,,,,,,,,,,,,,,,,,,,,,,
343,344,342,341,341,345,349,349,343,341,345,341,343,345,341,344,345,343,343,343,341,345,345,342,345,342,341,344,342,341,342,343,342,341,345,344,343,345,341,342,345,341,343,343,342,343,341,342,345,363,,,,,,,,,,,,,,,,,,,,,,,,,,,,,,,,,,,,,,,,,,,,,,,,,,
BigDecor: 
,,,,,,,,,,,,,,,,,,,,,,,,,,,,,,,,,,,,,,,,,,,,,,,,,,,,,,,,,,,,,,,,,,,,,,,,,,,,,,,,,,,,,,,,,,,,,,,,,,,
,,,,,,,,,,,,,,,,,,,,,,,,,,,,,,,,,,,,,,,,,,,,,,,,,,,,,,,,,,,,,,,,,,,,,,,,,,,,,,,,,,,,,,,,,,,,,,,,,,,
,,,,,,,,,,,,,,,,,,,,,,,,,,,,,,,,,,,,,,,,,,,,,,,,,,,,,,,,,,,,,,,,,,,,,,,,,,,,,,,,,,,,,,,,,,,,,,,,,,,
,,,,,,,,,,,,,,,,,,,,,,,,,,,,,,,,,,,,,,,,,,,,,,,,,,,,,,,,,,,,,,,,,,,,,,,,,,,,,,,,,,,,,,,,,,,,,,,,,,,
,,,,,,,,,,,,,,,,,,,,,,,,,,,,,,,,,,,,,,,,,,,,,,,,,,,,,,,,,,,,,,,,,,,,,,,,,,,,,,,,,,,,,,,,,,,,,,,,,,,
,,,,,,,,,,,,,,,,,,,,,,,,,,,,,,,,,,,,,,,,,,,,,,,,,,,,,,,,,,,,,,,,,,,,,,,,,,,,,,,,,,,,,,,,,,,,,,,,,,,
,,,,,,,,,,,,,,,,,,,,,,,,,,,,,,,,,,,,,,,,,,,,,,,,,,,,,,,,,,,,,,,,,,,,,,,,,,,,,,,,,,,,,,,,,,,,,,,,,,,
,,,,,,,,,,,,,,,,,,,,,,,,,,,,,,,,,,,,,,,,,,,,,,,,,,,,,,,,,,,,,,,,,,,,,,,,,,,,,,,,,,,,,,,,,,,,,,,,,,,
,,,,,,,,,,,,,,,,,,,,,,,,,,,,,,,,,,,,,,,,,,,,,,,,,,,,,,,,,,,,,,,,,,,,,,,,,,,,,,,,,,,,,,,,,,,,,,,,,,,
,,,,,,,,,,,,,,,,,,,,,,,,,,,,,,,,,,,,,,,,,,,,,,,,,,,,,,,,,,,,,,,,,,,,,,,,,,,,,,,,,,,,,,,,,,,,,,,,,,,
,,,,,,,,,,,,,,,,,,,,,,,,,,,,,,,,,,,,,,,,,,,,,,,,,,,,,,,,,,,,,,,,,,,,,,,,,,,,,,,,,,,,,,,,,,,,,,,,,,,
,,,,,,,,,,,,,,,,,,,,,,,,,,,,,,,,,,,,,,,,,,,,,,,,,,,,,,,,,,,,,,,,,,,,,,,,,,,,,,,,,,,,,,,,,,,,,,,,,,,
,,,,,,,,,,,,,,,,,,,,,,,,,,,,,,,,,,,,,,,,,,,,,,,,,,,,,,,,,,,,,,,,,,,,,,,,,,,,,,,,,,,,,,,,,,,,,,,,,,,
,,,,,,,,,,,,,,,,,,,,,,,,,,,,,,,,,,,,,,,,,,,,,,,,,,,,,,,,,,,,,,,,,,,,,,,,,,,,,,,,,,,,,,,,,,,,,,,,,,,
,,,,,,,,,,,,,,,,,,,,,,,,,,,,,,,,,,,,,,,,,,,,,,,,,,,,,,,,,,,,,,,,,,,,,,,,,,,,,,,,,,,,,,,,,,,,,,,,,,,
,,,,,,,,,,,,69,,,,,,,,,,,,,,66,,,,,,,,,,,,,,,,,,,,,,,,,,,,,,,,,,,,,,,,,,,,,,,,,,,,,,,,,,,,,,,,,,,,,,,,,
,,,,,,,,,,,,,,,,,,,,,,,,,,,,,,,,,,,,,,,,,,,,,,,,,,,,,,,,,,,,,,,,,,,,,,,,,,,,,,,,,,,,,,,,,,,,,,,,,,,
,,,,,,,,,,,,,,,,,,,,,,,,,,,,,,,,,,,,,,,,,,,,,,,,,,,,,,,,,,,,,,,,,,,,,,,,,,,,,,,,,,,,,,,,,,,,,,,,,,,
,,,,,,,,,,,,,,,,,,,,,,,,,,,,,,,,,,,,,,,,,,,,,,,,,,,,,,,,,,,,,,,,,,,,,,,,,,,,,,,,,,,,,,,,,,,,,,,,,,,
,,,,,,,,,,,,,,,,,,,,,,,,,,,,,,,,,,,,,,,,,,,,,,,,,,,,,,,,,,,,,,,,,,,,,,,,,,,,,,,,,,,,,,,,,,,,,,,,,,,
,,,,,,,,,,,,,,,,,,,,,,,,,,,,,,,,,,,,,,,,,,,,,,,,,,,,,,,,,,,,,,,,,,,,,,,,,,,,,,,,,,,,,,,,,,,,,,,,,,,
,,,,,,,,,,,,,,,,,,,,,,,,,,,,,,,,,,,,,,,,,,,,,,,,,,,,,,,,,,,,,,,,,,,,,,,,,,,,,,,,,,,,,,,,,,,,,,,,,,,
,,,,,,,,,,,,,,,,,,,,,,,,,,,,,,,,,,,,,,,,,,,,,,,,,,,,,,,,,,,,,,,,,,,,,,,,,,,,,,,,,,,,,,,,,,,,,,,,,,,
,,,,,,,,,,,,,,,,,,,,,,,,,,,,,,,,,,,,,,,,,,,,,,,,,,,,,,,,,,,,,,,,,,,,,,,,,,,,,,,,,,,,,,,,,,,,,,,,,,,
,,,,,,,,,,,,,,,,,,,,,,,,,,,,,,,,,,,,,,,,,,,,,,,,,,,,,,,,,,,,,,,,,,,,,,,,,,,,,,,,,,,,,,,,,,,,,,,,,,,
,,,,,,,,,,,,,,,,,,,,,,,,,,,,,,,,,,,,,,,,,,,,,,,,,,,,,,,,,,,,,,,,,,,,,,,,,,,,,,,,,,,,,,,,,,,,,,,,,,,
,,,,,,,,,,,,,,,,,,,,,,,,,,,,,,,,,,,,,,,,,66,,,,,,,,,,,,,,,,,,,,,,,,,,,,,,,,,,,,,,,,,,,,,,,,,,,,,,,,,,
,,,,,,,,,,,,,,,,66,,,,,,,,,,,,,,,,,,,,,,,,,,,,,,,,,,,,,69,,,,,,,,,,,,,,,,,,,,,,,,,,,,,,,,,,,,,,,,,,,,,,
,,,,,,,,,,,,,,,,,,,,,,,,,,,,,,,,,,,,,,,,,,,,,,,,,,,,,,,,,,,,,,,,,,,,,,,,,,,,,,,,,,,,,,,,,,,,,,,,,,,
,,,,,,,,,,,,,,,,,,,,,,,,,,,,,,,,,,,,,,,,,,,,,,,,,,,,,,,,,,,,,,,,,,,,,,,,,,,,,,,,,,,,,,,,,,,,,,,,,,,
,,,,,,,,,,,,,,,,,,,,,68,,,,,,,,,,,,,,,,,,,,,,,,,,,,,,,,,69,,,,,,,,,,,,,,,,,,,,,,,,,,,,,,,,,,,,,,,,,,,,,
,,,,,,,,,,,,,,,,,,,,,,,,,,,,,,,,,,,,,,,,,,,,,,,,,,,,,,,,,,,,,,,,,,,,,,,,,,,,,,,,,,,,,,,,,,,,,,,,,,,
,,,,,,,,,,,,,,,,,,,,,,,,,,,,,,,,,,,,,,,,,,,,,,,,,,,,,,,,,,,,,,,,,,,,,,,,,,,,,,,,,,,,,,,,,,,,,,,,,,,
,,,,,,,,,,,,,,,,,,,,,,,,,,,,,,,68,,,,,,,,,,,,,,,,,,,,,,,69,,,,,,,,,,,,,,,,,,,,,,,,,,,,,,,,,,,,,,,,,,,,,
,,,,,,,,,,,,,,,,,,,,,,,,,,,,,,,,,,,,,,,,,,,,,,,,,,,,,,,,,,,,,,,,,,,,,,,,,,,,,,,,,,,,,,,,,,,,,,,,,,,
,,,,,,,,,,,,,,,,,,,,,,,,,,,,,,,,,,,,,,,,,,,,,,,,,,,,,,,,,,,,,,,,,,,,,,,,,,,,,,,,,,,,,,,,,,,,,,,,,,,
,,,,,,,,,,,,,,,,,,,,,,,,,,,,,,,,,,,,,,,,,,,,,,,,,,,,,69,,,,,,,,,,,,,,,,,,,,,,,,,,,,,,,,,,,,,,,,,,,,,,
,,,,,,,,,,,,,,,,,,,,,,68,,,,,,,,,,,,,,,,,,,,,,,,,,,,,,,,,,,,,,,,,,,,,,,,,,,,,,,,,,,,,,,,,,,,,,,,,,,,,
,,,,,,,,,,,,,,,,,,,,,,,,,,,,,,,,,,,,,,,,,,,,,,,,,,,,,,,,,,,,,,,,,,66,,,,,,,,,,,,,,,,,,,,,,,,,,,,,,,,,
,,,,,,,,,,,,,,,,,,,,,,,,,,,,,,,,,,,,,,,,,,,,,,,,,,,,,,,,,,,,,,,,,,,,,,,,,,,,,,,,,,,,,,,,,,,,,,,,,,,
,,,,,,,,,,,,,,,,,,,,,,,,69,,,,,,,,,,,66,,,,,,,,,,,,,,,,,,,,,,,,,,,,,,,,,,,,,,,,,,,,,,,,,,,,,,,,,,,,,,,,
,,,,,,,,,,,,,,,,,,,,,,,,,,,,,,,,,,,,,,,,,,,,,,,,,,,,,,,,,,,,,,,,,,,,,,,,,,,,,,,,,,,,,,,,,,,,,,,,,,,
,,,,,,,,,,,,,,,,,,,,,,,,,,,,,,,,,,,,,,,,,,,,,,,,,,,,,,,,,,,,,,,,,,,,,,,,,,,,,,,,,,,,,,,,,,,,,,,,,,,
,,,,,,,,,,,,,,,,,,,,69,,,,69,,,,,,,,,,,,,,,,,,,,,,,,,,,,,,,,,,,,,,,,,,,,,,,,,,,,,,,,,,,,,,,,,,,,,,,,,,,
,,,,,,,,,,,,,,,,,,,,,,,,,,,,,,,,,,,,,,,,,,,,,,,,,,,,,,,,,,,,,,,,,,,,,,,,,,,,,,,,,,,,,,,,,,,,,,,,,,,
,,,,,,,,,,,,,,,,,,,,,,,,,,,,,,,,,,,,,,,,,,,,,,,,,,,,,,,,,,,,,,,,,,,,,,,,,,,,,,,,,,,,,,,,,,,,,,,,,,,
,,,,,,,,,,,,,,,,,,,,,,,,69,,,,,,,,,,,,,,,,,,,,,,,,,,,,,,,,,,,,,,,,,,,,,,,,,,,,,,,,,,,,,,,,,,,,,,,,,,,
,,,,,,,,,,,,,,,,,,,,,,,,,,,,,,,,,,,,,,,,,,,,,,,,,,,,,,,,,,,,,,,,,,,,,,,,,,,,,,,,,,,,,,,,,,,,,,,,,,,
,,,,,,,,,,,,,,,,,,,,,,,,,,,,,,,,,,,,,,,,,,,,,,,,,,,,,,,,,,,,,,,,,,,,,,,,,,,,,,,,,,,,,,,,,,,,,,,,,,,
,,,,,,,,,,,,,,,,,,,,,,,,,,,,,,,,,,,,,,,,,,,,,,,,,,,,,,,,,,,,,,,,,,,,,,,,,,,,,,,,,,,,,,,,,,,,,,,,,,,
,,,,,,,,,,,,,,,,,,,,,,,,,,,,,,,,,,,,,,,,,,,,,,,,,,,,,,,,,,,,,,,,,,,,,,,,,,,,,,,,,,,,,,,,,,,,,,,,,,,
,,,,,,,,,,,,,,,,,,,,,,,,,,,,,,,,,,,,,,,,,,,,,,,,,,,,,,,,,,,,,,,,,,,,,,,,,,,,,,,,,,,,,,,,,,,,,,,,,,,
,,,,,,,,,,,,,,,,,,,,,,,,,,,,,,,,,,,,,,,,,,,,,,,68,,,,,,,,,,,,,,,,,,,,,,,,,,,,,,,,,,,,,,,,,,,,,,,,,,,,
,,,,,,,,,,,,,,,,,,,,,,,,,,,,,,,,,,,,,,,,,,,,,,,,,,,,,,,,,,,,,,,,,,,,,,,,,,,,,,,,,,,,,,,,,,,,,,,,,,,
,,,,,,,,,,,,,,,,,,,,,,,,,,,,,,,,,,,,,,,,,,,,,,,,,,,,,,,,,,,,,,,,,,,,,,,,,,,,,,,,,,,,,,,,,,,,,,,,,,,
,,,,,,,,,,,,,,,,,,,,,,,,,,,,,,,,,,,,,,,,,,,,,,,,,,,,,,,,,,,,,,,,,,,,,,,,,,,,,,,,,,,,,,,,,,,,,,,,,,,
,,,,,,,,,,,,,,,,,,,,,,,,,,,,,,,,,,,,,,,,,,,,,,,,,,,,,,,,,,,,,,,,,,,,,,,,,,,,,,,,,,,,,,,,,,,,,,,,,,,
,,,,,,,,,,,,,,,,,,,,,,,,,,,,,,,,,,,,,,,,,,,,,,,,,,,,,,,,,,,,,,,,,,,,,,,,,,,,,,,,,,,,,,,,,,,,,,,,,,,
,,,,,,,,,,,,,,,,,,,,,,,,,,,,,,,,,,,,,,,,,,,,,,,,,,,,,,,,,,,,,,,,,,,,,,,,,,,,,,,,,,,,,,,,,,,,,,,,,,,
,,,,,,,,,,,,,,,,,,,,,,,,,,,,,,,,,,,,,,,,,,,,,,,,,,,,,,,,,,,,,,,,,,,,,,,,,,,,,,,,,,,,,,,,,,,,,,,,,,,
,,,,,,,,,,,,,,,,,,,,,,,,,,,,,,,,,,,,,,,,,,,,,,,,,,,,,,,,,,,,,,,,,,,,,,,,,,,,,,,,,,,,,,,,,,,,,,,,,,,
,,,,,,,,,,,,,,,,,,,,,,,,,,,,,,,,,,,,,,,,,,,,,,,,,,,,,,,,,,,,,,,,,,,,,,,,,,,,,,,,,,,,,,,,,,,,,,,,,,,
,,,,,,,,,,,,,,,,,,,,,,,,,,,,,,,,,,,,,,,,,,,,,,,,,,,,,,,,,,,,,,,,,,,,,,,,,,,,,,,,,,,,,,,,,,,,,,,,,,,
,,,,,,,,,,,,,,,,,,,,,,,,,,,,,,,,,,,,,,,,,,,,,,,,,,,,,,,,,,,,,,,,,,,,,,,,,,,,,,,,,,,,,,,,,,,,,,,,,,,
,,,,,,,,,,,,,,,,,,,,,,,,,,,,,,,,,,,,,,,,,,,,,,,,,,,,,,,,,,,,,,,,,,,,,,,,,,,,,,,,,,,,,,,,,,,,,,,,,,,
,,,,,,,,,,,,,,,,,,,,,,,,,,,,,,,,,,,,,,,,,,,,,,,,,,,,,,,,,,,,,,,,,,,,,,,,,,,,,,,,,,,,,,,,,,,,,,,,,,,
,,,,,,,,,,,,,,,,,,,,,,,,,,,,,,,,,,,,,,,,,,,,,,,,,,,,,,,,,,,,,,,,,,,,,,,,,,,,,,,,,,,,,,,,,,,,,,,,,,,
,,,,,,,,,,,,,,,,,,,,,,,,,,,,,,,,,,,,,,,,,,,,,,,,,,,,,,,,,,,,,,,,,,,,,,,,,,,,,,,,,,,,,,,,,,,,,,,,,,,
,,,,,,,,,,,,,,,,,,,,,,,,,,,,,,,,,,,,,,,,,,,,,,,,,,,,,,,,,,,,,,,,,,,,,,,,,,,,,,,,,,,,,,,,,,,,,,,,,,,
,,,,,,,,,,,,,,,,,,,,,,,,,,,,,,,,,,,,,,,,,,,,,,,,,,,,,,,,,,,,,,,,,,,,,,,,,,,,,,,,,,,,,,,,,,,,,,,,,,,
,,,,,,,,,,,,,,,,,,,,,,,,,,,,,,,,,,,,,,,,,,,,,,,,,,,,,,,,,,,,,,,,,,,,,,,,,,,,,,,,,,,,,,,,,,,,,,,,,,,
,,,,,,,,,,,,,,,,,,,,,,,,,,,,,,,,,,,,,,,,,,,,,,,,,,,,,,,,,,,,,,,,,,,,,,,,,,,,,,,,,,,,,,,,,,,,,,,,,,,
,,,,,,,,,,,,,,,,,,,,,,,,,,,,,,,,,,,,,,,,,,,,,,,,,,,,,,,,,,,,,,,,,,,,,,,,,,,,,,,,,,,,,,,,,,,,,,,,,,,
,,,,,,,,,,,,,,,,,,,,,,,,,,,,,,,,,,,,,,,,,,,,,,,,,,,,,,,,,,,,,,,,,,,,,,,,,,,,,,,,,,,,,,,,,,,,,,,,,,,
,,,,,,,,,,,,,,,,,,,,,,,,,,,,,,,,,,,,,,,,,,,,,,,,,,,,,,,,,67,,,,,,,,,,,,,,,,,,,,,,,,,,,,,,,,,,,,,,,,,,
,,,,,,,,,,,,,,,,,,,,,,,,,,,,,,,,,,,,,,,,,,,,,,,,,,,,,,,,,,,,,,,,,,,,,,,,,,,,,,,,,,,,,,,,,,,,,,,,,,,
,,,,,,,,,,,,,,,,,,,,,,,,,,,,,,,,,,,,,,,,,,,,,,,,,,,,,,,,,,,,,,,,,,,,,,,,,,,,,,,,,,,,,,,,,,,,,,,,,,,
,,,,,,,,,,,,,,,,,,,,,,,,,,,,,,,,,,,,,,,,,,,,,,,,,,,,,,,,,,,,,,,,,,,,,,,,,,,,,,,,,,,,,,,,,,,,,,,,,,,
,,,,,,,,,,,,,,,,,,,,,,,,,,,,,,,,,,,,,,,,,,,,,,,,,,,,,,,,,,,,,,,,,,,,,,,,,,,,,,,,,,,,,,,,,,,,,,,,,,,
,,,,,,,,,,,,,,,,,,,,,,,,,,,,,,,,,,,,,,,,,,,,,,,,,,,,,,,,,,,,,,,,,,,,,,,,,,,,,,,,,,,,,,,,,,,,,,,,,,,
,,,,,,,,,,,,,,,,,,,,,,,,,,,,,,,,,,,,,,,,,,,,68,,,,,,,,,,,,,,,,,,,,,,,,,,,,,,,,,,,,,,,,,,,,,,,,,,,,,,,
,,,,,,,,,,,,,,,,,,66,,,,,,,,,,,,,,,,,,,,,,,,,,,,,,,,,,,,,,,,,,,,,,,,,,,,,,,,,,,,,,,,,,,,,,,,,,,,,,,,,
,,,,,,,,,,,,,,,,,,,,,,,,,,,,,,,,,,,,,,,,,,,,,,,,,,,,,,,,,,,,,,,,,,,,,,,,,,,,,,,,,,,,,,,,,,,,,,,,,,,
,,,,,,,,,,,,,,,,,,,,,,,,,,,,,,,,,,,,,,,,,,,,,,69,,,,,,,,,,,,,,,,,,,,,,,,,,,,,,,,,,,,,,,,,,,,,,,,,,,,,
,,,,,,,,,,,,,,,,,,,,,,,,,,,,,,,,,,,,,,,,,,,,,,,,,,,,,,,,,,,,,,,,,,,,,,,,,,,,,,,,,,,,,,,,,,,,,,,,,,,
,,,,,,,,,,,,,,,,,,,,,,,,,,,,,,,,,,,,,,,,,,,,68,,,,,,,,,,,,,,,,,,,,,,,,,,,,,,,,,,,,,,,,,,,,,,,,,,,,,,,
,,,,,,,,,,,,,,,,,,,,,,,,,,,,,,,,,,,,,,,,,,,,,,,,,,,,,,,,,,,,,,,,,,,,,,,,,,,,,,,,,,,,,,,,,,,,,,,,,,,
,,,,,,,,,,,,,,,,,,,,,,,,,,,,,,,,,,,,,,,,,,,,,,,,,,,,,,,,,,,,,,,,,,,,,,,,,,,,,,,,,,,,,,,,,,,,,,,,,,,
,,,,,,,,,,,,,,,,,,,,,,,,,,,,,,,,,,,,,,,,,,,,,,,,,,,,,,,,,,,,,,,,,,,,,,,,,,,,,,,,,,,,,,,,,,,,,,,,,,,
,,,,,,,,,,,,,,,,,,,,,,,,,,,,,,,,,,,,,,,,,,,,,,,,,,,,,,,,,,,,,,,,,,,,,,,,,,,,,,,,,,,,,,,,,,,,,,,,,,,
,,,,,,,,,,,,,,,,,,,,,,,,,,,,,,,,,,,,,,,,,,,,,,,,,,,,,,,,,,,,,,,,,,,,,,,,,,,,,,,,,,,,,,,,,,,,,,,,,,,
,,,,,,,,,,,,,,,,,,,,,,,,,,,,,,,,,,,,,,,,,,,,,,,,,,,,,,,,,,,,,,,,,,,,,,,,,,,,,,,,,,,,,,,,,,,,,,,,,,,
,,,,,,,,,,,,,,,,,,,,,,,,,,,,,,,,,,,,,,,,,,,,,,,,,,,,,,,,,,,,,,,,,,,,,,,,,,,,,,,,,,,,,,,,,,,,,,,,,,,
,,,,,,,,,,,,,,,,,,,,,,,,,,,,,,,,,,,,,,,,,,,,,,,,,,,,,,,,,,,,,,,,,,,,,,,,,,,,,,,,,,,,,,,,,,,,,,,,,,,
,,,,,,,,,,,,,,,,,,,,,,,,,,,,,,,,,,,,,,,,,,,,,,,,,,,,,,,,,,,,,,,,,,,,,,,,,,,,,,,,,,,,,,,,,,,,,,,,,,,
,,,,,,,,,,,,,,,,,,,,,,,,,,,,,,,,,,,,,,,,,,,,,,,,,,,,,,,,,,,,,,,,,,,,,,,,,,,,,,,,,,,,,,,,,,,,,,,,,,,
,,,,,,,,,,,,,,,,,,,,,,,,,,,,,,,,,,,,,,,,,,,,,,,,,,,,,,,,,,,,,,,,,,,,,,,,,,,,,,,,,,,,,,,,,,,,,,,,,,,
,,,,,,,,,,,,,,,,,,,,,,,,,,,,,,,,,,,,,,,,,,,,,,,,,,,,,,,,,,,,,,,,,,,,,,,,,,,,,,,,,,,,,,,,,,,,,,,,,,,
,,,,,,,,,,,,,,,,,,,,,,,,,,,,,,,,,,,,,,,,,,,,,,,,,,,,,,,,,,,,,,,,,,,,,,,,,,,,,,,,,,,,,,,,,,,,,,,,,,,
,,,,,,,,,,,,,,,,,,,,,,,,,,,,,,,,,,,,,,,,,,,,,,,,,,,,,,,,,,,,,,,,,,,,,,,,,,,,,,,,,,,,,,,,,,,,,,,,,,,
MoveObject: type=1 stepAdvance=66 stepRecede=66 timeStopStart=3 timeStopEnd=3 posStart=5312;2304 posEnd=5312;3008 posCurrent=5312;2453 step=2 time=14 phase=302 channel=1 icon=361 
MoveObject: type=6 stepAdvance=1 stepRecede=1 timeStopStart=0 timeStopEnd=0 posStart=5186;2376 posEnd=5186;2376 posCurrent=5186;2376 step=1 time=0 phase=302 channel=10 icon=24 
MoveObject: type=6 stepAdvance=1 stepRecede=1 timeStopStart=0 timeStopEnd=0 posStart=5442;2376 posEnd=5442;2376 posCurrent=5442;2376 step=1 time=0 phase=302 channel=10 icon=24 
MoveObject: type=1 stepAdvance=140 stepRecede=140 timeStopStart=10 timeStopEnd=10 posStart=5312;1280 posEnd=5312;2176 posCurrent=5312;1287 step=4 time=139 phase=302 channel=1 icon=361 
MoveObject: type=6 stepAdvance=1 stepRecede=1 timeStopStart=0 timeStopEnd=0 posStart=5250;4424 posEnd=5250;4424 posCurrent=5250;4424 step=1 time=0 phase=302 channel=10 icon=24 
MoveObject: type=1 stepAdvance=80 stepRecede=80 timeStopStart=10 timeStopEnd=10 posStart=3072;4352 posEnd=3584;4352 posCurrent=3488;4352 step=4 time=15 phase=302 channel=1 icon=361 
MoveObject: type=7 stepAdvance=1 stepRecede=1 timeStopStart=0 timeStopEnd=0 posStart=6210;452 posEnd=6210;452 posCurrent=6210;452 step=1 time=0 phase=302 channel=10 icon=33 
MoveObject: type=1 stepAdvance=72 stepRecede=72 timeStopStart=3 timeStopEnd=3 posStart=4864;4544 posEnd=4864;3776 posCurrent=4864;4490 step=4 time=67 phase=302 channel=1 icon=361 
MoveObject: type=51 stepAdvance=1 stepRecede=1 timeStopStart=0 timeStopEnd=0 posStart=450;516 posEnd=450;516 posCurrent=450;516 step=1 time=0 phase=302 channel=10 icon=225 
MoveObject: type=50 stepAdvance=1 stepRecede=1 timeStopStart=0 timeStopEnd=0 posStart=3138;1476 posEnd=3138;1476 posCurrent=3138;1476 step=1 time=0 phase=302 channel=10 icon=220 
MoveObject: type=16 stepAdvance=40 stepRecede=40 timeStopStart=0 timeStopEnd=0 posStart=2688;1344 posEnd=2944;1344 posCurrent=2900;1344 step=4 time=7 phase=302 channel=10 icon=73 
MoveObject: type=16 stepAdvance=10 stepRecede=10 timeStopStart=0 timeStopEnd=0 posStart=3328;4288 posEnd=3328;4288 posCurrent=3328;4288 step=1 time=0 phase=302 channel=10 icon=73 
MoveObject: type=16 stepAdvance=10 stepRecede=10 timeStopStart=0 timeStopEnd=0 posStart=3264;4288 posEnd=3264;4288 posCurrent=3264;4288 step=1 time=0 phase=302 channel=10 icon=73 
MoveObject: type=6 stepAdvance=1 stepRecede=1 timeStopStart=0 timeStopEnd=0 posStart=3458;3080 posEnd=3458;3080 posCurrent=3458;3080 step=1 time=0 phase=302 channel=10 icon=24 
MoveObject: type=54 stepAdvance=120 stepRecede=120 timeStopStart=200 timeStopEnd=200 posStart=2112;1408 posEnd=1728;1408 posCurrent=1789;1408 step=2 time=101 phase=302 channel=10 icon=250 
MoveObject: type=16 stepAdvance=10 stepRecede=10 timeStopStart=0 timeStopEnd=0 posStart=3392;4288 posEnd=3392;4288 posCurrent=3392;4288 step=1 time=0 phase=302 channel=10 icon=73 
MoveObject: type=16 stepAdvance=40 stepRecede=40 timeStopStart=0 timeStopEnd=0 posStart=2368;3392 posEnd=2112;3392 posCurrent=2156;3392 step=4 time=7 phase=302 channel=10 icon=73 
MoveObject: type=6 stepAdvance=1 stepRecede=1 timeStopStart=0 timeStopEnd=0 posStart=5314;776 posEnd=5314;776 posCurrent=5314;776 step=1 time=0 phase=302 channel=10 icon=24 
MoveObject: type=54 stepAdvance=40 stepRecede=40 timeStopStart=200 timeStopEnd=200 posStart=1856;3520 posEnd=1984;3520 posCurrent=1984;3520 step=3 time=60 phase=302 channel=10 icon=243 
MoveObject: type=16 stepAdvance=30 stepRecede=30 timeStopStart=0 timeStopEnd=0 posStart=1984;3200 posEnd=1792;3200 posCurrent=1875;3200 step=4 time=13 phase=302 channel=10 icon=73 
MoveObject: type=16 stepAdvance=30 stepRecede=30 timeStopStart=0 timeStopEnd=0 posStart=2112;3200 posEnd=2304;3200 posCurrent=2221;3200 step=4 time=13 phase=302 channel=10 icon=73 
MoveObject: type=16 stepAdvance=10 stepRecede=10 timeStopStart=0 timeStopEnd=0 posStart=2560;3392 posEnd=2560;3392 posCurrent=2560;3392 step=1 time=0 phase=302 channel=10 icon=73 
MoveObject: type=6 stepAdvance=1 stepRecede=1 timeStopStart=0 timeStopEnd=0 posStart=1218;3912 posEnd=1218;3912 posCurrent=1218;3912 step=1 time=0 phase=302 channel=10 icon=24 
MoveObject: type=6 stepAdvance=1 stepRecede=1 timeStopStart=0 timeStopEnd=0 posStart=1154;3912 posEnd=1154;3912 posCurrent=1154;3912 step=1 time=0 phase=302 channel=10 icon=24 
MoveObject: type=1 stepAdvance=50 stepRecede=50 timeStopStart=10 timeStopEnd=10 posStart=4416;640 posEnd=4736;640 posCurrent=4691;640 step=2 time=43 phase=302 channel=1 icon=361 
MoveObject: type=1 stepAdvance=84 stepRecede=84 timeStopStart=3 timeStopEnd=3 posStart=5056;3776 posEnd=5056;2880 posCurrent=5056;3210 step=4 time=31 phase=302 channel=1 icon=361 
MoveObject: type=6 stepAdvance=1 stepRecede=1 timeStopStart=0 timeStopEnd=0 posStart=5378;776 posEnd=5378;776 posCurrent=5378;776 step=1 time=0 phase=302 channel=10 icon=24 
MoveObject: type=6 stepAdvance=1 stepRecede=1 timeStopStart=0 timeStopEnd=0 posStart=2818;4168 posEnd=2818;4168 posCurrent=2818;4168 step=1 time=0 phase=302 channel=10 icon=24 
MoveObject: type=6 stepAdvance=1 stepRecede=1 timeStopStart=0 timeStopEnd=0 posStart=2882;4104 posEnd=2882;4104 posCurrent=2882;4104 step=1 time=0 phase=302 channel=10 icon=24 
MoveObject: type=5 stepAdvance=1 stepRecede=1 timeStopStart=0 timeStopEnd=0 posStart=5506;2244 posEnd=5506;2244 posCurrent=5506;2244 step=1 time=0 phase=302 channel=10 icon=10 
MoveObject: type=5 stepAdvance=1 stepRecede=1 timeStopStart=0 timeStopEnd=0 posStart=5442;2244 posEnd=5442;2244 posCurrent=5442;2244 step=1 time=0 phase=302 channel=10 icon=10 
MoveObject: type=5 stepAdvance=1 stepRecede=1 timeStopStart=0 timeStopEnd=0 posStart=5378;2244 posEnd=5378;2244 posCurrent=5378;2244 step=1 time=0 phase=302 channel=10 icon=10 
MoveObject: type=5 stepAdvance=1 stepRecede=1 timeStopStart=0 timeStopEnd=0 posStart=5250;2244 posEnd=5250;2244 posCurrent=5250;2244 step=1 time=0 phase=302 channel=10 icon=10 
MoveObject: type=5 stepAdvance=1 stepRecede=1 timeStopStart=0 timeStopEnd=0 posStart=5186;2244 posEnd=5186;2244 posCurrent=5186;2244 step=1 time=0 phase=302 channel=10 icon=10 
MoveObject: type=5 stepAdvance=1 stepRecede=1 timeStopStart=0 timeStopEnd=0 posStart=5122;2244 posEnd=5122;2244 posCurrent=5122;2244 step=1 time=0 phase=302 channel=10 icon=10 
MoveObject: type=54 stepAdvance=120 stepRecede=120 timeStopStart=200 timeStopEnd=200 posStart=4992;1216 posEnd=4608;1216 posCurrent=4669;1216 step=2 time=101 phase=302 channel=10 icon=250 
MoveObject: type=16 stepAdvance=40 stepRecede=40 timeStopStart=0 timeStopEnd=0 posStart=4928;1024 posEnd=4672;1024 posCurrent=4716;1024 step=4 time=7 phase=302 channel=10 icon=73 
MoveObject: type=54 stepAdvance=180 stepRecede=180 timeStopStart=200 timeStopEnd=200 posStart=4480;1216 posEnd=3904;1216 posCurrent=4157;1216 step=2 time=101 phase=302 channel=10 icon=250 
MoveObject: type=2 stepAdvance=1 stepRecede=1 timeStopStart=0 timeStopEnd=0 posStart=4994;2180 posEnd=4994;2180 posCurrent=4994;2180 step=1 time=0 phase=302 channel=10 icon=18 
MoveObject: type=6 stepAdvance=1 stepRecede=1 timeStopStart=0 timeStopEnd=0 posStart=514;584 posEnd=514;584 posCurrent=514;584 step=1 time=0 phase=302 channel=10 icon=24 
MoveObject: type=6 stepAdvance=1 stepRecede=1 timeStopStart=0 timeStopEnd=0 posStart=1986;2056 posEnd=1986;2056 posCurrent=1986;2056 step=1 time=0 phase=302 channel=10 icon=24 
MoveObject: type=2 stepAdvance=1 stepRecede=1 timeStopStart=0 timeStopEnd=0 posStart=5634;2180 posEnd=5634;2180 posCurrent=5634;2180 step=1 time=0 phase=302 channel=10 icon=18 
